time (hr),demand (kW),solar capacity factor (kW),wind capacity factor (kW),dispatch solar (kW per unit deployed),dispatch wind (kW per unit deployed),dispatch natgas (kW),dispatch nuclear (kW),dispatch to storage (kW),dispatch from storage (kW),energy storage (kWh),dispatch to pgp storage (kW),dispatch pgp storage (kW),energy pgp storage (kWh),curtailment solar (kW),curtailment wind (kW),curtailment nuclear (kW),dispatch unmet demand (kW),price ($/kWh)
0.0,1.0387032264811307,0.00233589,0.489697811,0.0005079251643932148,1.0381953013167373,0.0,0.0,0.0,0.0,0.0,0.0,0.0,0.0,0.0,2.4811155999903476,0.0,0.0,1.5749999999999998e-09
1.0,1.042828507922239,0.0,0.497820685,0.0,1.042828507922239,0.0,0.0,0.0,0.0,0.0,0.0,0.0,0.0,0.0,2.53485904603879,0.0,0.0,1.5749999999999998e-09
2.0,1.0149995439386235,0.0,0.503230723,0.0,1.0149995439386235,0.0,0.0,0.0,0.0,0.0,0.0,0.0,0.0,0.0,2.6015683261729015,0.0,0.0,1.5749999999999998e-09
3.0,0.9965781807332512,0.0,0.509290041,0.0,0.9965781807332512,0.0,0.0,0.0,0.0,0.0,0.0,0.0,0.0,0.0,2.663536185631421,0.0,0.0,1.5749999999999998e-09
4.0,0.9745299515651223,0.0,0.507399098,0.0,0.9745299515651223,0.0,0.0,0.0,0.0,0.0,0.0,0.0,0.0,0.0,2.671994776120014,0.0,0.0,1.5749999999999998e-09
5.0,0.9327342160261554,0.0,0.493710266,0.0,0.9327342160261554,0.0,0.0,0.0,0.0,0.0,0.0,0.0,0.0,0.0,2.6154129927042113,0.0,0.0,1.5749999999999998e-09
6.0,0.9095512012868037,0.0,0.469856928,0.0,0.9095512012868037,0.0,0.0,0.0,0.0,0.0,0.0,0.0,0.0,0.0,2.4671692406288703,0.0,0.0,1.5749999999999998e-09
7.0,0.886096726983435,0.0,0.445695679,0.0,0.8860967269834351,0.0,0.0,0.0,0.0,0.0,0.0,0.0,0.0,0.0,2.3169840843583236,0.0,0.0,1.5749999999999998e-09
8.0,0.8645980904409468,0.0,0.422016964,0.0,0.8645980904409468,0.0,0.0,0.0,0.0,0.0,0.0,0.0,0.0,0.0,2.1683109170729127,0.0,0.0,1.5749999999999998e-09
9.0,0.8545007175900339,0.0,0.402636474,0.0,0.854500717590034,0.0,0.0,0.0,0.0,0.0,0.0,0.0,0.0,0.0,2.0391265365698725,0.0,0.0,1.5749999999999998e-09
10.0,0.8507692735001141,0.0,0.39048308,0.0,0.8507692735001141,0.0,0.0,0.0,0.0,0.0,0.0,0.0,0.0,0.0,1.955515192860236,0.0,0.0,1.5749999999999998e-09
11.0,0.8588841076002471,0.0,0.383414637,0.0,0.8588841076002471,0.0,0.0,0.0,0.0,0.0,0.0,0.0,0.0,0.0,1.896601584605142,0.0,0.0,1.5749999999999998e-09
12.0,0.8701652183371611,0.001713511,0.370354595,0.0003725926119657097,0.8697926257251954,0.0,0.0,0.0,0.0,0.0,0.0,0.0,0.0,0.0,1.7918344721600157,0.0,0.0,1.5749999999999998e-09
13.0,0.8873338658493106,0.022835818,0.353402923,0.004965510624089118,0.8823683552252216,0.0,0.0,0.0,0.0,0.0,0.0,0.0,0.0,0.0,1.6574321738559434,0.0,0.0,1.5749999999999998e-09
14.0,0.9071214232050357,0.07177203,0.351978638,0.015606394195182451,0.8915150290098532,0.0,0.0,0.0,0.0,0.0,0.0,0.0,0.0,0.0,1.6380495921001648,0.0,0.0,1.5749999999999998e-09
15.0,0.9358070396982502,0.156272327,0.35474052,0.03398047313083458,0.9018265665674157,0.0,0.0,0.0,0.0,0.0,0.0,0.0,0.0,0.0,1.647586869898495,0.0,0.0,1.5749999999999998e-09
16.0,0.9612262510925412,0.254172169,0.355558635,0.05526820215143048,0.9059580489411109,0.0,0.0,0.0,0.0,0.0,0.0,0.0,0.0,0.0,1.6493349339988657,0.0,0.0,1.5749999999999998e-09
17.0,0.9760051735076591,0.326898601,0.364141626,0.07108212529392946,0.9049230482137297,0.0,0.0,0.0,0.0,0.0,0.0,0.0,0.0,0.0,1.7120533098886501,0.0,0.0,1.5749999999999998e-09
18.0,0.9804174893402825,0.355445266,0.364137457,0.07728942508672922,0.9031280642535532,0.0,0.0,0.0,0.0,0.0,0.0,0.0,0.0,0.0,1.713818332499566,0.0,0.0,1.5749999999999998e-09
19.0,0.9750261422109637,0.337477858,0.344982956,0.07338252079666421,0.9016436214142995,0.0,0.0,0.0,0.0,0.0,0.0,0.0,0.0,0.0,1.5776451369664124,0.0,0.0,1.5749999999999998e-09
20.0,0.9625279181006176,0.277657425,0.306721484,0.06037492914397582,0.9021529889566418,0.0,0.0,0.0,0.0,0.0,0.0,0.0,0.0,0.0,1.3021620764956046,0.0,0.0,1.5749999999999998e-09
21.0,0.9547334938794306,0.188480083,0.265579304,0.040983855037104375,0.9137496388423263,0.0,0.0,0.0,0.0,0.0,0.0,0.0,0.0,0.0,0.9948889515979898,0.0,0.0,1.5749999999999998e-09
22.0,0.9590301064224136,0.098816494,0.246162472,0.021487049458540904,0.9375430569638726,0.0,0.0,0.0,0.0,0.0,0.0,0.0,0.0,0.0,0.8315526010975843,0.0,0.0,1.5749999999999998e-09
23.0,0.9907974459177648,0.032117527,0.237900573,0.006983762155486136,0.9838136837622787,0.0,0.0,0.0,0.0,0.0,0.0,0.0,0.0,0.0,0.7259061907790882,0.0,0.0,1.5749999999999998e-09
24.0,1.0242981159247575,0.002538671,0.229780602,0.0005520186674095469,1.023746097257348,0.0,0.0,0.0,0.0,0.0,0.0,0.0,0.0,0.0,0.6276179876180581,0.0,0.0,1.5749999999999998e-09
25.0,1.0374215849654975,0.0,0.220649176,0.0,1.0374215849654975,0.0,0.0,0.0,0.0,0.0,0.0,0.0,0.0,0.0,0.5483176873328335,0.0,0.0,1.5749999999999998e-09
26.0,1.0358128590733873,0.0,0.211841671,0.0,1.0358128590733873,0.0,0.0,0.0,0.0,0.0,0.0,0.0,0.0,0.0,0.48662952346241906,0.0,0.0,1.5749999999999998e-09
27.0,1.0288239102145107,0.0,0.207879237,0.0,1.0288239102145107,0.0,0.0,0.0,0.0,0.0,0.0,0.0,0.0,0.0,0.46514165078224684,0.0,0.0,1.5749999999999998e-09
28.0,1.0030397872914412,0.0,0.203906823,0.0,1.0030397872914412,0.0,0.0,0.0,0.0,0.0,0.0,0.0,0.0,0.0,0.46237722890754324,0.0,0.0,1.5749999999999998e-09
29.0,0.9681773737990412,0.0,0.201541219,0.0,0.9681773737990412,0.0,0.0,0.0,0.0,0.0,0.0,0.0,0.0,0.0,0.4802387578577502,0.0,0.0,1.5749999999999998e-09
30.0,0.9301553591673162,0.0,0.201282033,0.0,0.9301553591673162,0.0,0.0,0.0,0.0,0.0,0.0,0.0,0.0,0.0,0.5163980806522309,0.0,0.0,1.5749999999999998e-09
31.0,0.9052857393987411,0.0,0.200577512,0.0,0.9052857393987411,0.0,0.0,0.0,0.0,0.0,0.0,0.0,0.0,0.0,0.5362045198637262,0.0,0.0,1.5749999999999998e-09
32.0,0.8833954903375748,0.0,0.198750371,0.0,0.8833954903375748,0.0,0.0,0.0,0.0,0.0,0.0,0.0,0.0,0.0,0.5449636560322413,0.0,0.0,1.5749999999999998e-09
33.0,0.8748245165764875,0.0,0.194935883,0.0,0.8748245165764875,0.0,0.0,0.0,0.0,0.0,0.0,0.0,0.0,0.0,0.5261210516646221,0.0,0.0,1.5749999999999998e-09
34.0,0.8725949954190043,0.0,0.18841669,0.0,0.8725949954190043,0.0,0.0,0.0,0.0,0.0,0.0,0.0,0.0,0.0,0.481499093241722,0.0,0.0,1.5749999999999998e-09
35.0,0.8826723427774739,0.0,0.182074203,0.0,0.8826723427774739,0.0,0.0,0.0,0.0,0.0,0.0,0.0,0.0,0.0,0.4258401991842444,0.0,0.0,1.5749999999999998e-09
36.0,0.9052746142362642,0.001415965,0.177347563,0.0003078930323773971,0.9049667212038868,0.0,0.0,0.0,0.0,0.0,0.0,0.0,0.0,0.0,0.3695768805157156,0.0,0.0,1.5749999999999998e-09
37.0,0.9359138426579239,0.017568687,0.170622935,0.0038202048181412364,0.9320936378397826,0.0,0.0,0.0,0.0,0.0,0.0,0.0,0.0,0.0,0.2941220847347057,0.0,0.0,1.5749999999999998e-09
38.0,0.9678614135851162,0.062129364,0.169864624,0.013509654745448576,0.9543517588396676,0.0,0.0,0.0,0.0,0.0,0.0,0.0,0.0,0.0,0.2664142106239554,0.0,0.0,1.5749999999999998e-09
39.0,0.9907507194354216,0.14318285,0.164084492,0.03113424545870696,0.9596164739767147,0.0,0.0,0.0,0.0,0.0,0.0,0.0,0.0,0.0,0.2196094250564242,0.0,0.0,1.5749999999999998e-09
40.0,1.0022565622540849,0.234548752,0.147893711,0.0510012087118072,0.9512553535422776,0.0,0.0,0.0,0.0,0.0,0.0,0.0,0.0,0.0,0.11161227148179993,0.0,0.0,1.5749999999999998e-09
41.0,0.9992037640744335,0.296758301,0.14401171,0.06452829920093672,0.9346754648734967,0.0,0.0,0.0,0.0,0.0,0.0,0.0,0.0,0.0,0.1002933863939934,0.0,0.0,1.5749999999999998e-09
42.0,0.9871639044575523,0.320494619,0.156967557,0.06968961810817961,0.9174742863493728,0.0,0.0,0.0,0.0,0.0,0.0,0.0,0.0,0.0,0.21060434110775758,0.0,0.0,1.5749999999999998e-09
43.0,0.969151954430791,0.304419603,0.172000664,0.06619420302252765,0.9029577514082633,0.0,0.0,0.0,0.0,0.0,0.0,0.0,0.0,0.0,0.3331592951661129,0.0,0.0,1.5749999999999998e-09
44.0,0.9508373941850924,0.251614996,0.17535338,0.05471216033593108,0.8961252338491614,0.0,0.0,0.0,0.0,0.0,0.0,0.0,0.0,0.0,0.36408677435816916,0.0,0.0,1.5749999999999998e-09
45.0,0.9368394729747449,0.172985408,0.166654961,0.03761463159482138,0.8992248413799234,0.0,0.0,0.0,0.0,0.0,0.0,0.0,0.0,0.0,0.2984742453415548,0.0,0.0,1.5749999999999998e-09
46.0,0.9431653497509264,0.091169057,0.179700033,0.019824160497411845,0.9233411892535145,0.0,0.0,0.0,0.0,0.0,0.0,0.0,0.0,0.0,0.36810890690005577,0.0,0.0,1.5749999999999998e-09
47.0,0.9829852210366447,0.029465672,0.215774883,0.006407132311263176,0.9765780887253814,0.0,0.0,0.0,0.0,0.0,0.0,0.0,0.0,0.0,0.5741311056233773,0.0,0.0,1.5749999999999998e-09
48.0,1.0274532663991371,0.002473826,0.243586308,0.0005379185140268628,1.0269153478851103,0.0,0.0,0.0,0.0,0.0,0.0,0.0,0.0,0.0,0.7236661942356596,0.0,0.0,1.5749999999999998e-09
49.0,1.0446797665560315,0.0,0.257673726,0.0,1.0446797665560315,0.0,0.0,0.0,0.0,0.0,0.0,0.0,0.0,0.0,0.8071438122351238,0.0,0.0,1.5749999999999998e-09
50.0,1.0473298260546027,0.0,0.263541403,0.0,1.0473298260546027,0.0,0.0,0.0,0.0,0.0,0.0,0.0,0.0,0.0,0.8466629827547137,0.0,0.0,1.5749999999999998e-09
51.0,1.0399537163419181,0.0,0.272605825,0.0,1.0399537163419181,0.0,0.0,0.0,0.0,0.0,0.0,0.0,0.0,0.0,0.9191823674465216,0.0,0.0,1.5749999999999998e-09
52.0,1.0156559395239382,0.0,0.285219308,0.0,1.0156559395239382,0.0,0.0,0.0,0.0,0.0,0.0,0.0,0.0,0.0,1.0341294533449368,0.0,0.0,1.5749999999999998e-09
53.0,0.9833123064130467,0.0,0.297550629,0.0,0.9833123064130467,0.0,0.0,0.0,0.0,0.0,0.0,0.0,0.0,0.0,1.1550945820965697,0.0,0.0,1.5749999999999998e-09
54.0,0.951237907033737,0.0,0.310868656,0.0,0.951237907033737,0.0,0.0,0.0,0.0,0.0,0.0,0.0,0.0,0.0,1.2828816364074778,0.0,0.0,1.5749999999999998e-09
55.0,0.921653362213526,0.0,0.323241607,0.0,0.921653362213526,0.0,0.0,0.0,0.0,0.0,0.0,0.0,0.0,0.0,1.4013868591590801,0.0,0.0,1.5749999999999998e-09
56.0,0.9009401755409047,0.0,0.330241406,0.0,0.9009401755409047,0.0,0.0,0.0,0.0,0.0,0.0,0.0,0.0,0.0,1.4724054962019062,0.0,0.0,1.5749999999999998e-09
57.0,0.8897480681036559,0.0,0.32827468,0.0,0.8897480681036559,0.0,0.0,0.0,0.0,0.0,0.0,0.0,0.0,0.0,1.469463335328766,0.0,0.0,1.5749999999999998e-09
58.0,0.8864861146696028,0.0,0.330211947,0.0,0.8864861146696028,0.0,0.0,0.0,0.0,0.0,0.0,0.0,0.0,0.0,1.4866478440993844,0.0,0.0,1.5749999999999998e-09
59.0,0.89241370342965,0.0,0.341347121,0.0,0.89241370342965,0.0,0.0,0.0,0.0,0.0,0.0,0.0,0.0,0.0,1.560745402207211,0.0,0.0,1.5749999999999998e-09
60.0,0.9104901805986874,0.001272851,0.357111944,0.0002767737579351201,0.9102134068407522,0.0,0.0,0.0,0.0,0.0,0.0,0.0,0.0,0.0,1.6562427407571085,0.0,0.0,1.5749999999999998e-09
61.0,0.936029546947489,0.014252582,0.37769866,0.003099137825573024,0.932930409121916,0.0,0.0,0.0,0.0,0.0,0.0,0.0,0.0,0.0,1.7814762753447178,0.0,0.0,1.5749999999999998e-09
62.0,0.9643836273993557,0.052395652,0.39792228,0.011393117893218289,0.9529905095061375,0.0,0.0,0.0,0.0,0.0,0.0,0.0,0.0,0.0,1.906757250070779,0.0,0.0,1.5749999999999998e-09
63.0,0.979892372872031,0.128039497,0.424293976,0.027841414862236458,0.9520509580097946,0.0,0.0,0.0,0.0,0.0,0.0,0.0,0.0,0.0,2.0972222499844446,0.0,0.0,1.5749999999999998e-09
64.0,0.9790334955299214,0.219209187,0.472447659,0.047665713001672994,0.9313677825282484,0.0,0.0,0.0,0.0,0.0,0.0,0.0,0.0,0.0,2.463971463976393,0.0,0.0,1.5749999999999998e-09
65.0,0.9688515700442887,0.284974142,0.527448059,0.061965905039691634,0.906885665004597,0.0,0.0,0.0,0.0,0.0,0.0,0.0,0.0,0.0,2.8837249160828535,0.0,0.0,1.5749999999999998e-09
66.0,0.9593015649865059,0.314785893,0.569779834,0.06844829013810148,0.8908532748484044,0.0,0.0,0.0,0.0,0.0,0.0,0.0,0.0,0.0,3.2039830427702203,0.0,0.0,1.5749999999999998e-09
67.0,0.9512557076936701,0.306460247,0.602365716,0.06663792872843335,0.8846177789652367,0.0,0.0,0.0,0.0,0.0,0.0,0.0,0.0,0.0,3.4444034730665547,0.0,0.0,1.5749999999999998e-09
68.0,0.9406554696993844,0.261762084,0.624470718,0.056918583301272946,0.8837368863981114,0.0,0.0,0.0,0.0,0.0,0.0,0.0,0.0,0.0,3.6041463673917704,0.0,0.0,1.5749999999999998e-09
69.0,0.9327275415286239,0.188926791,0.61776638,0.04108098899218607,0.8916465525364379,0.0,0.0,0.0,0.0,0.0,0.0,0.0,0.0,0.0,3.5480546402365376,0.0,0.0,1.5749999999999998e-09
70.0,0.9456596539750458,0.103850898,0.572901651,0.022581750184740276,0.9230779037903055,0.0,0.0,0.0,0.0,0.0,0.0,0.0,0.0,0.0,3.1941939737863065,0.0,0.0,1.5749999999999998e-09
71.0,0.9893155484777718,0.032824888,0.550211148,0.007137573530255646,0.9821779749475162,0.0,0.0,0.0,0.0,0.0,0.0,0.0,0.0,0.0,2.9720240812611567,0.0,0.0,1.5749999999999998e-09
72.0,1.0341930070188754,0.002419713,0.562043837,0.0005261519691892164,1.0336668550496861,0.0,0.0,0.0,0.0,0.0,0.0,0.0,0.0,0.0,3.005573178568848,0.0,0.0,1.5749999999999998e-09
73.0,1.0572981446209633,0.0,0.574594873,0.0,1.0572981446209633,0.0,0.0,0.0,0.0,0.0,0.0,0.0,0.0,0.0,3.072142410268632,0.0,0.0,1.5749999999999998e-09
74.0,1.0624514096735456,0.0,0.585923217,0.0,1.0624514096735456,0.0,0.0,0.0,0.0,0.0,0.0,0.0,0.0,0.0,3.1484025467820964,0.0,0.0,1.5749999999999998e-09
75.0,1.0458212286246351,0.0,0.604489555,0.0,1.0458212286246351,0.0,0.0,0.0,0.0,0.0,0.0,0.0,0.0,0.0,3.2984634156001045,0.0,0.0,1.5749999999999998e-09
76.0,1.0080817977194794,0.0,0.615647488,0.0,1.0080817977194794,0.0,0.0,0.0,0.0,0.0,0.0,0.0,0.0,0.0,3.416391555461842,0.0,0.0,1.5749999999999998e-09
77.0,0.9630730600613127,0.0,0.622879539,0.0,0.9630730600613127,0.0,0.0,0.0,0.0,0.0,0.0,0.0,0.0,0.0,3.513374868769294,0.0,0.0,1.5749999999999998e-09
78.0,0.9386640306186377,0.0,0.626641967,0.0,0.9386640306186377,0.0,0.0,0.0,0.0,0.0,0.0,0.0,0.0,0.0,3.564823336776628,0.0,0.0,1.5749999999999998e-09
79.0,0.914141522718833,0.0,0.630656887,0.0,0.914141522718833,0.0,0.0,0.0,0.0,0.0,0.0,0.0,0.0,0.0,3.618199867313418,0.0,0.0,1.5749999999999998e-09
80.0,0.900092423361272,0.0,0.62957607,0.0,0.900092423361272,0.0,0.0,0.0,0.0,0.0,0.0,0.0,0.0,0.0,3.6244814599250317,0.0,0.0,1.5749999999999998e-09
81.0,0.8976648711119394,0.0,0.618736242,0.0,0.8976648711119394,0.0,0.0,0.0,0.0,0.0,0.0,0.0,0.0,0.0,3.549006428189373,0.0,0.0,1.5749999999999998e-09
82.0,0.9086811977822924,0.0,0.611579381,0.0,0.9086811977822924,0.0,0.0,0.0,0.0,0.0,0.0,0.0,0.0,0.0,3.486555893787919,0.0,0.0,1.5749999999999998e-09
83.0,0.9438506711586508,0.0,0.606348949,0.0,0.9438506711586508,0.0,0.0,0.0,0.0,0.0,0.0,0.0,0.0,0.0,3.4137968785703263,0.0,0.0,1.5749999999999998e-09
84.0,1.0193540081264267,0.000950061,0.595290687,0.00020658502309979575,1.0191474231033268,0.0,0.0,0.0,0.0,0.0,0.0,0.0,0.0,0.0,3.2590277231721045,0.0,0.0,1.5749999999999998e-09
85.0,1.0907498633131025,0.012682659,0.57384523,0.002757767556485144,1.0879920957566174,0.0,0.0,0.0,0.0,0.0,0.0,0.0,0.0,0.0,3.0360610003313937,0.0,0.0,1.5749999999999998e-09
86.0,1.1203210581383263,0.061593389,0.578759288,0.01339311022066973,1.1069279479176566,0.0,0.0,0.0,0.0,0.0,0.0,0.0,0.0,0.0,3.0524410052164357,0.0,0.0,1.5749999999999998e-09
87.0,1.1254854473534608,0.153015297,0.615080004,0.033272251640017965,1.0922131957134427,0.0,0.0,0.0,0.0,0.0,0.0,0.0,0.0,0.0,3.3281818206187936,0.0,0.0,1.5749999999999998e-09
88.0,1.1241926816752754,0.244685667,0.597628653,0.053205419619775915,1.0709872620554994,0.0,0.0,0.0,0.0,0.0,0.0,0.0,0.0,0.0,3.2239901427676743,0.0,0.0,1.5749999999999998e-09
89.0,1.1125021577597503,0.30948573,0.602385433,0.06729580172337056,1.0452063560363796,0.0,0.0,0.0,0.0,0.0,0.0,0.0,0.0,0.0,3.2839565961449373,0.0,0.0,1.5749999999999998e-09
90.0,1.0982906296301305,0.337022519,0.626576773,0.07328351008279085,1.0250071195473396,0.0,0.0,0.0,0.0,0.0,0.0,0.0,0.0,0.0,3.4780117181756554,0.0,0.0,1.5749999999999998e-09
91.0,1.0859125584744456,0.32573666,0.647302348,0.07082946824524984,1.0150830902291956,0.0,0.0,0.0,0.0,0.0,0.0,0.0,0.0,0.0,3.636884222236639,0.0,0.0,1.5749999999999998e-09
92.0,1.0758196362884782,0.275944671,0.653644392,0.06000250113708544,1.0158171351513927,0.0,0.0,0.0,0.0,0.0,0.0,0.0,0.0,0.0,3.6817285403056736,0.0,0.0,1.5749999999999998e-09
93.0,1.068610406012798,0.193942298,0.637292793,0.04217158067993263,1.0264388253328656,0.0,0.0,0.0,0.0,0.0,0.0,0.0,0.0,0.0,3.5535928255117804,0.0,0.0,1.5749999999999998e-09
94.0,1.0789347357779706,0.098901139,0.589809497,0.021505455002269445,1.057429280775701,0.0,0.0,0.0,0.0,0.0,0.0,0.0,0.0,0.0,3.181354201322707,0.0,0.0,1.5749999999999998e-09
95.0,1.1218563565581938,0.027833821,0.550211954,0.006052296172814778,1.1158040603853792,0.0,0.0,0.0,0.0,0.0,0.0,0.0,0.0,0.0,2.838403788302906,0.0,0.0,1.5749999999999998e-09
96.0,1.1748909260167526,0.002156788,0.538069891,0.0004689805168314059,1.1744219454999214,0.0,0.0,0.0,0.0,0.0,0.0,0.0,0.0,0.0,2.692524547878247,0.0,0.0,1.5749999999999998e-09
97.0,1.199607015343386,0.0,0.522880194,0.0,1.199607015343386,0.0,0.0,0.0,0.0,0.0,0.0,0.0,0.0,0.0,2.5581756936786952,0.0,0.0,1.5749999999999998e-09
98.0,1.2010288353061236,0.0,0.503423333,0.0,1.2010288353061236,0.0,0.0,0.0,0.0,0.0,0.0,0.0,0.0,0.0,2.416923264951982,0.0,0.0,1.5749999999999998e-09
99.0,1.1835509020775805,0.0,0.489301011,0.0,1.1835509020775805,0.0,0.0,0.0,0.0,0.0,0.0,0.0,0.0,0.0,2.332908316958785,0.0,0.0,1.5749999999999998e-09
100.0,1.1391206828674647,0.0,0.487969776,0.0,1.1391206828674647,0.0,0.0,0.0,0.0,0.0,0.0,0.0,0.0,0.0,2.367771350564918,0.0,0.0,1.5749999999999998e-09
101.0,1.0842593309325026,0.0,0.489826744,0.0,1.0842593309325026,0.0,0.0,0.0,0.0,0.0,0.0,0.0,0.0,0.0,2.4359781730716854,0.0,0.0,1.5749999999999998e-09
102.0,1.0461905898184343,0.0,0.497774706,0.0,1.0461905898184343,0.0,0.0,0.0,0.0,0.0,0.0,0.0,0.0,0.0,2.5311665268968153,0.0,0.0,1.5749999999999998e-09
103.0,1.0227761674998777,0.0,0.511459543,0.0,1.0227761674998777,0.0,0.0,0.0,0.0,0.0,0.0,0.0,0.0,0.0,2.652929757306553,0.0,0.0,1.5749999999999998e-09
104.0,1.0073786756518217,0.0,0.528502313,0.0,1.0073786756518217,0.0,0.0,0.0,0.0,0.0,0.0,0.0,0.0,0.0,2.790808511888841,0.0,0.0,1.5749999999999998e-09
105.0,1.0035426534347387,0.0,0.534799378,0.0,1.0035426534347387,0.0,0.0,0.0,0.0,0.0,0.0,0.0,0.0,0.0,2.8398996465506463,0.0,0.0,1.5749999999999998e-09
106.0,1.0148882903140044,0.0,0.540270299,0.0,1.0148882903140044,0.0,0.0,0.0,0.0,0.0,0.0,0.0,0.0,0.0,2.8678718736335904,0.0,0.0,1.5749999999999998e-09
107.0,1.0521115040809503,0.0,0.551112948,0.0,1.0521115040809503,0.0,0.0,0.0,0.0,0.0,0.0,0.0,0.0,0.0,2.908571517530279,0.0,0.0,1.5749999999999998e-09
108.0,1.1271275507328513,0.001690679,0.555495082,0.0003676279315426479,1.1267599228013085,0.0,0.0,0.0,0.0,0.0,0.0,0.0,0.0,0.0,2.865416178032994,0.0,0.0,1.5749999999999998e-09
109.0,1.1961915314673912,0.024912119,0.565819454,0.005416989729164612,1.1907745417382265,0.0,0.0,0.0,0.0,0.0,0.0,0.0,0.0,0.0,2.875599715821652,0.0,0.0,1.5749999999999998e-09
110.0,1.2196682560957137,0.093364711,0.596866276,0.020301592191070632,1.199366663904643,0.0,0.0,0.0,0.0,0.0,0.0,0.0,0.0,0.0,3.0901317666884296,0.0,0.0,1.5749999999999998e-09
111.0,1.1997427441254698,0.193768984,0.605403039,0.04213389459799313,1.1576088495274766,0.0,0.0,0.0,0.0,0.0,0.0,0.0,0.0,0.0,3.1932407294941014,0.0,0.0,1.5749999999999998e-09
112.0,1.18150828684947,0.293105831,0.602004604,0.06373409167181879,1.1177741951776512,0.0,0.0,0.0,0.0,0.0,0.0,0.0,0.0,0.0,3.208651853507003,0.0,0.0,1.5749999999999998e-09
113.0,1.1555083321746178,0.360692119,0.613561122,0.07843032156411986,1.0770780106104978,0.0,0.0,0.0,0.0,0.0,0.0,0.0,0.0,0.0,3.332401257559656,0.0,0.0,1.5749999999999998e-09
114.0,1.1284269919084926,0.384479665,0.631576163,0.08360277969038488,1.0448242122181077,0.0,0.0,0.0,0.0,0.0,0.0,0.0,0.0,0.0,3.4941237379731587,0.0,0.0,1.5749999999999998e-09
115.0,1.1084414034609178,0.362417233,0.630484089,0.07880543717831703,1.0296359662826007,0.0,0.0,0.0,0.0,0.0,0.0,0.0,0.0,0.0,3.501463576489025,0.0,0.0,1.5749999999999998e-09
116.0,1.0908166152878893,0.298815146,0.602883171,0.06497554771638751,1.0258410675715017,0.0,0.0,0.0,0.0,0.0,0.0,0.0,0.0,0.0,3.3068989779315467,0.0,0.0,1.5749999999999998e-09
117.0,1.080401057390541,0.204606582,0.554438481,0.044490464789987444,1.0359105926005534,0.0,0.0,0.0,0.0,0.0,0.0,0.0,0.0,0.0,2.948672034597348,0.0,0.0,1.5749999999999998e-09
118.0,1.090654185515906,0.103337257,0.510791093,0.02247006205329398,1.0681841234626122,0.0,0.0,0.0,0.0,0.0,0.0,0.0,0.0,0.0,2.6027178522161427,0.0,0.0,1.5749999999999998e-09
119.0,1.1161512750473852,0.030003803,0.502564386,0.0065241456452130135,1.1096271294021722,0.0,0.0,0.0,0.0,0.0,0.0,0.0,0.0,0.0,2.502151977077235,0.0,0.0,1.5749999999999998e-09
120.0,1.2119339093517822,0.002393174,0.490883854,0.000520381224018069,1.2114135281277643,0.0,0.0,0.0,0.0,0.0,0.0,0.0,0.0,0.0,2.3164211075427543,0.0,0.0,1.5749999999999998e-09
121.0,1.2127950115264021,0.0,0.470010571,0.0,1.2127950115264021,0.0,0.0,0.0,0.0,0.0,0.0,0.0,0.0,0.0,2.1650296164253606,0.0,0.0,1.5749999999999998e-09
122.0,1.2114532935334386,0.0,0.450523741,0.0,1.2114532935334386,0.0,0.0,0.0,0.0,0.0,0.0,0.0,0.0,0.0,2.026325347463896,0.0,0.0,1.5749999999999998e-09
123.0,1.1897032239193017,0.0,0.431317811,0.0,1.1897032239193017,0.0,0.0,0.0,0.0,0.0,0.0,0.0,0.0,0.0,1.9100481739488193,0.0,0.0,1.5749999999999998e-09
124.0,1.1412456258977848,0.0,0.413585334,0.0,1.1412456258977848,0.0,0.0,0.0,0.0,0.0,0.0,0.0,0.0,0.0,1.8310677924420244,0.0,0.0,1.5749999999999998e-09
125.0,1.0879796498599452,0.0,0.394295466,0.0,1.0879796498599452,0.0,0.0,0.0,0.0,0.0,0.0,0.0,0.0,0.0,1.7457032881872436,0.0,0.0,1.5749999999999998e-09
126.0,1.0443749325045082,0.0,0.376291041,0.0,1.0443749325045082,0.0,0.0,0.0,0.0,0.0,0.0,0.0,0.0,0.0,1.6599156175210283,0.0,0.0,1.5749999999999998e-09
127.0,1.0218371871880692,0.0,0.356030652,0.0,1.0218371871880692,0.0,0.0,0.0,0.0,0.0,0.0,0.0,0.0,0.0,1.5368480399816906,0.0,0.0,1.5749999999999998e-09
128.0,1.002877356519533,0.0,0.337567881,0.0,1.002877356519533,0.0,0.0,0.0,0.0,0.0,0.0,0.0,0.0,0.0,1.4231214877645244,0.0,0.0,1.5749999999999998e-09
129.0,0.9969163912721302,0.0,0.328015135,0.0,0.9969163912721302,0.0,0.0,0.0,0.0,0.0,0.0,0.0,0.0,0.0,1.360429740298009,0.0,0.0,1.5749999999999998e-09
130.0,1.00133760743472,0.0,0.322729047,0.0,1.00133760743472,0.0,0.0,0.0,0.0,0.0,0.0,0.0,0.0,0.0,1.31801899935956,0.0,0.0,1.5749999999999998e-09
131.0,1.0321503917907646,0.0,0.316436601,0.0,1.0321503917907646,0.0,0.0,0.0,0.0,0.0,0.0,0.0,0.0,0.0,1.2419842979227256,0.0,0.0,1.5749999999999998e-09
132.0,1.1036085492872065,0.001636925,0.310566301,0.00035593944908551465,1.103252609838121,0.0,0.0,0.0,0.0,0.0,0.0,0.0,0.0,0.0,1.1286939991450204,0.0,0.0,1.5749999999999998e-09
133.0,1.1674057865120344,0.023642802,0.302665464,0.005140984418173042,1.1622648020938613,0.0,0.0,0.0,0.0,0.0,0.0,0.0,0.0,0.0,1.0129008673813633,0.0,0.0,1.5749999999999998e-09
134.0,1.1802711479835943,0.090870467,0.296956432,0.01975923390633257,1.1605119140772617,0.0,0.0,0.0,0.0,0.0,0.0,0.0,0.0,0.0,0.9736246592856446,0.0,0.0,1.5749999999999998e-09
135.0,1.1662999267632217,0.196875031,0.287753333,0.042809285747870934,1.123490641015351,0.0,0.0,0.0,0.0,0.0,0.0,0.0,0.0,0.0,0.9445060274736323,0.0,0.0,1.5749999999999998e-09
136.0,1.1468283296214214,0.303098992,0.286059155,0.06590704414121283,1.0809212854802086,0.0,0.0,0.0,0.0,0.0,0.0,0.0,0.0,0.0,0.9748998352112891,0.0,0.0,1.5749999999999998e-09
137.0,1.1236074877297686,0.376495323,0.303135283,0.08186663277296938,1.0417408549567992,0.0,0.0,0.0,0.0,0.0,0.0,0.0,0.0,0.0,1.1368012623832109,0.0,0.0,1.5749999999999998e-09
138.0,1.0999349568421068,0.404739635,0.341520326,0.08800818773308018,1.0119267691090268,0.0,0.0,0.0,0.0,0.0,0.0,0.0,0.0,0.0,1.4424771087750616,0.0,0.0,1.5749999999999998e-09
139.0,1.0801184736639715,0.386285847,0.376178604,0.08399552305127689,0.9961229506126947,0.0,0.0,0.0,0.0,0.0,0.0,0.0,0.0,0.0,1.7073595485069126,0.0,0.0,1.5749999999999998e-09
140.0,1.064255941824995,0.321339888,0.398261112,0.069873416744152,0.994382525080843,0.0,0.0,0.0,0.0,0.0,0.0,0.0,0.0,0.0,1.8678003181834528,0.0,0.0,1.5749999999999998e-09
141.0,1.0567574523252892,0.2218606,0.404472529,0.04824224673566702,1.0085152055896223,0.0,0.0,0.0,0.0,0.0,0.0,0.0,0.0,0.0,1.8983072237002367,0.0,0.0,1.5749999999999998e-09
142.0,1.0643137944697396,0.11322791,0.417344079,0.024620724777558067,1.0396930696921816,0.0,0.0,0.0,0.0,0.0,0.0,0.0,0.0,0.0,1.9596333185988726,0.0,0.0,1.5749999999999998e-09
143.0,1.1048746149754167,0.033716701,0.447687842,0.007331492877756172,1.0975431220976606,0.0,0.0,0.0,0.0,0.0,0.0,0.0,0.0,0.0,2.1198547656238422,0.0,0.0,1.5749999999999998e-09
144.0,1.1465991468747267,0.002737736,0.483318744,0.000595304148682182,1.1460038427260446,0.0,0.0,0.0,0.0,0.0,0.0,0.0,0.0,0.0,2.3274626224227,0.0,0.0,1.5749999999999998e-09
145.0,1.1600141009719274,0.0,0.51440032,0.0,1.1600141009719271,0.0,0.0,0.0,0.0,0.0,0.0,0.0,0.0,0.0,2.5368263037564756,0.0,0.0,1.5749999999999998e-09
146.0,1.1538573294651853,0.0,0.536516946,0.0,1.1538573294651853,0.0,0.0,0.0,0.0,0.0,0.0,0.0,0.0,0.0,2.701928615213634,0.0,0.0,1.5749999999999998e-09
147.0,1.1281733340043334,0.0,0.553970075,0.0,1.1281733340043334,0.0,0.0,0.0,0.0,0.0,0.0,0.0,0.0,0.0,2.8530430001348512,0.0,0.0,1.5749999999999998e-09
148.0,1.0820898872522748,0.0,0.574709044,0.0,1.0820898872522748,0.0,0.0,0.0,0.0,0.0,0.0,0.0,0.0,0.0,3.0481711802797857,0.0,0.0,1.5749999999999998e-09
149.0,1.0266811675241825,0.0,0.596344222,0.0,1.0266811675241825,0.0,0.0,0.0,0.0,0.0,0.0,0.0,0.0,0.0,3.259065417967686,0.0,0.0,1.5749999999999998e-09
150.0,0.9786596836711763,0.0,0.614895917,0.0,0.9786596836711763,0.0,0.0,0.0,0.0,0.0,0.0,0.0,0.0,0.0,3.4404123547523655,0.0,0.0,1.5749999999999998e-09
151.0,0.9463917028650382,0.0,0.633415201,0.0,0.9463917028650382,0.0,0.0,0.0,0.0,0.0,0.0,0.0,0.0,0.0,3.6057728603801062,0.0,0.0,1.5749999999999998e-09
152.0,0.9246015812660893,0.0,0.65566615,0.0,0.9246015812660893,0.0,0.0,0.0,0.0,0.0,0.0,0.0,0.0,0.0,3.787473860935645,0.0,0.0,1.5749999999999998e-09
153.0,0.9128910328580452,0.0,0.680927787,0.0,0.9128910328580452,0.0,0.0,0.0,0.0,0.0,0.0,0.0,0.0,0.0,3.980732197554983,0.0,0.0,1.5749999999999998e-09
154.0,0.914490858420189,0.0,0.704303683,0.0,0.914490858420189,0.0,0.0,0.0,0.0,0.0,0.0,0.0,0.0,0.0,4.147127906734204,0.0,0.0,1.5749999999999998e-09
155.0,0.9424244005309675,0.0,0.723618964,0.0,0.9424244005309675,0.0,0.0,0.0,0.0,0.0,0.0,0.0,0.0,0.0,4.258007480504619,0.0,0.0,1.5749999999999998e-09
156.0,1.0106361794208538,0.001772077,0.737750215,0.00038532743474326047,1.0102508519861104,0.0,0.0,0.0,0.0,0.0,0.0,0.0,0.0,0.0,4.291738080309006,0.0,0.0,1.5749999999999998e-09
157.0,1.0752700436628375,0.023061166,0.743906335,0.005014511184879944,1.0702555324779575,0.0,0.0,0.0,0.0,0.0,0.0,0.0,0.0,0.0,4.275975582933135,0.0,0.0,1.5749999999999998e-09
158.0,1.0940229429095576,0.085669268,0.805698963,0.018628264615348483,1.0753946782942092,0.0,0.0,0.0,0.0,0.0,0.0,0.0,0.0,0.0,4.714921471715523,0.0,0.0,1.5749999999999998e-09
159.0,1.092107157133489,0.188584614,0.884360012,0.04100658467135907,1.0511005724621298,0.0,0.0,0.0,0.0,0.0,0.0,0.0,0.0,0.0,5.304528881049282,0.0,0.0,1.5749999999999998e-09
160.0,1.0864755020949983,0.298652656,0.879515024,0.0649402152478371,1.0215352868471612,0.0,0.0,0.0,0.0,0.0,0.0,0.0,0.0,0.0,5.299274694936814,0.0,0.0,1.5749999999999998e-09
161.0,1.0647832841256815,0.378101413,0.864639133,0.08221586733764506,0.9825674167880365,0.0,0.0,0.0,0.0,0.0,0.0,0.0,0.0,0.0,5.231334009991277,0.0,0.0,1.5749999999999998e-09
162.0,1.0523718374825657,0.412758645,0.851737119,0.08975187299759214,0.9626199644849736,0.0,0.0,0.0,0.0,0.0,0.0,0.0,0.0,0.0,5.158558567686554,0.0,0.0,1.5749999999999998e-09
163.0,1.0357995080784752,0.397436559,0.833625161,0.08642017799037993,0.9493793300880954,0.0,0.0,0.0,0.0,0.0,0.0,0.0,0.0,0.0,5.041634006729074,0.0,0.0,1.5749999999999998e-09
164.0,1.022669363540279,0.334246913,0.810810742,0.07267997133146231,0.9499893922088167,0.0,0.0,0.0,0.0,0.0,0.0,0.0,0.0,0.0,4.877063576213553,0.0,0.0,1.5749999999999998e-09
165.0,1.0158383957882897,0.232590558,0.776813638,0.050575411260144754,0.9652629845281449,0.0,0.0,0.0,0.0,0.0,0.0,0.0,0.0,0.0,4.617463021362488,0.0,0.0,1.5749999999999998e-09
166.0,1.0197545209750714,0.118072793,0.730615634,0.02567421530760909,0.9940803056674623,0.0,0.0,0.0,0.0,0.0,0.0,0.0,0.0,0.0,4.25663453855631,0.0,0.0,1.5749999999999998e-09
167.0,1.0537736319528597,0.034562321,0.692887031,0.007515367836557396,1.0462582641163023,0.0,0.0,0.0,0.0,0.0,0.0,0.0,0.0,0.0,3.933312456432825,0.0,0.0,1.5749999999999998e-09
168.0,1.0883490120536696,0.002689463,0.689309159,0.0005848074765526066,1.087764204577117,0.0,0.0,0.0,0.0,0.0,0.0,0.0,0.0,0.0,3.866093425878002,0.0,0.0,1.5749999999999998e-09
169.0,1.1006403047421995,0.0,0.69339503,0.0,1.1006403047421995,0.0,0.0,0.0,0.0,0.0,0.0,0.0,0.0,0.0,3.882581251849879,0.0,0.0,1.5749999999999998e-09
170.0,1.094519133555399,0.0,0.689238916,0.0,1.094519133555399,0.0,0.0,0.0,0.0,0.0,0.0,0.0,0.0,0.0,3.8588336815828295,0.0,0.0,1.5749999999999998e-09
171.0,1.0727668391087515,0.0,0.675291689,0.0,1.0727668391087515,0.0,0.0,0.0,0.0,0.0,0.0,0.0,0.0,0.0,3.7803514499165876,0.0,0.0,1.5749999999999998e-09
172.0,1.027787027272995,0.0,0.65413336,0.0,1.027787027272995,0.0,0.0,0.0,0.0,0.0,0.0,0.0,0.0,0.0,3.6732727141531964,0.0,0.0,1.5749999999999998e-09
173.0,0.9727899455560245,0.0,0.6306067,0.0,0.9727899455560245,0.0,0.0,0.0,0.0,0.0,0.0,0.0,0.0,0.0,3.559190765599914,0.0,0.0,1.5749999999999998e-09
174.0,0.9240252886504738,0.0,0.616399916,0.0,0.9240252886504738,0.0,0.0,0.0,0.0,0.0,0.0,0.0,0.0,0.0,3.5058555382899015,0.0,0.0,1.5749999999999998e-09
175.0,0.8902954358967862,0.0,0.608689554,0.0,0.8902954358967862,0.0,0.0,0.0,0.0,0.0,0.0,0.0,0.0,0.0,3.484173338079309,0.0,0.0,1.5749999999999998e-09
176.0,0.8668298364309405,0.0,0.61218975,0.0,0.8668298364309405,0.0,0.0,0.0,0.0,0.0,0.0,0.0,0.0,0.0,3.532793793586591,0.0,0.0,1.5749999999999998e-09
177.0,0.8563809030461611,0.0,0.61837364,0.0,0.8563809030461611,0.0,0.0,0.0,0.0,0.0,0.0,0.0,0.0,0.0,3.5876844847261005,0.0,0.0,1.5749999999999998e-09
178.0,0.8569727714891993,0.0,0.634326267,0.0,0.8569727714891993,0.0,0.0,0.0,0.0,0.0,0.0,0.0,0.0,0.0,3.7017393491139474,0.0,0.0,1.5749999999999998e-09
179.0,0.8808878351185432,0.0,0.652736737,0.0,0.8808878351185432,0.0,0.0,0.0,0.0,0.0,0.0,0.0,0.0,0.0,3.8101347968117345,0.0,0.0,1.5749999999999998e-09
180.0,0.948665725672354,0.002529211,0.67974215,0.0005499616475776371,0.9481157640247764,0.0,0.0,0.0,0.0,0.0,0.0,0.0,0.0,0.0,3.9369866498247226,0.0,0.0,1.5749999999999998e-09
181.0,1.0140494384643381,0.030969442,0.710194659,0.006734118010272798,1.0073153204540652,0.0,0.0,0.0,0.0,0.0,0.0,0.0,0.0,0.0,4.096640117624803,0.0,0.0,1.5749999999999998e-09
182.0,1.0400872202914917,0.097969353,0.753807021,0.021302843767481292,1.0187843765240103,0.0,0.0,0.0,0.0,0.0,0.0,0.0,0.0,0.0,4.398599991745339,0.0,0.0,1.5749999999999998e-09
183.0,1.052035851776197,0.194958052,0.794895212,0.042392450248890524,1.0096434015273066,0.0,0.0,0.0,0.0,0.0,0.0,0.0,0.0,0.0,4.703029439047033,0.0,0.0,1.5749999999999998e-09
184.0,1.0613588999197203,0.294762996,0.808973384,0.06409443218659118,0.9972644677331292,0.0,0.0,0.0,0.0,0.0,0.0,0.0,0.0,0.0,4.816583961290138,0.0,0.0,1.5749999999999998e-09
185.0,1.0575251025351478,0.364843034,0.848450829,0.07933291294631563,0.978192189588832,0.0,0.0,0.0,0.0,0.0,0.0,0.0,0.0,0.0,5.119368764635514,0.0,0.0,1.5749999999999998e-09
186.0,1.0433892257103565,0.390425959,0.882412595,0.08489576538640668,0.95849346032395,0.0,0.0,0.0,0.0,0.0,0.0,0.0,0.0,0.0,5.383140492853296,0.0,0.0,1.5749999999999998e-09
187.0,1.0319879620187813,0.369341858,0.898177137,0.08031115503809912,0.9516768069806821,0.0,0.0,0.0,0.0,0.0,0.0,0.0,0.0,0.0,5.503252168695068,0.0,0.0,1.5749999999999998e-09
188.0,1.0217303842283956,0.307065577,0.903350274,0.06676955407884032,0.9549608301495554,0.0,0.0,0.0,0.0,0.0,0.0,0.0,0.0,0.0,5.537145925432699,0.0,0.0,1.5749999999999998e-09
189.0,1.011957871921374,0.212539584,0.90782452,0.046215448134657645,0.9657424237867164,0.0,0.0,0.0,0.0,0.0,0.0,0.0,0.0,0.0,5.558519392261858,0.0,0.0,1.5749999999999998e-09
190.0,1.0116864133572818,0.107316875,0.912428008,0.023335405938011238,0.9883510074192706,0.0,0.0,0.0,0.0,0.0,0.0,0.0,0.0,0.0,5.568994692482803,0.0,0.0,1.5749999999999998e-09
191.0,1.0318099554194506,0.029931648,0.938101245,0.006508455976505672,1.025301499442945,0.0,0.0,0.0,0.0,0.0,0.0,0.0,0.0,0.0,5.716550034090352,0.0,0.0,1.5749999999999998e-09
192.0,1.052207181878147,0.001986928,0.963701085,0.000432045486318911,1.0517751363918282,0.0,0.0,0.0,0.0,0.0,0.0,0.0,0.0,0.0,5.874054748606301,0.0,0.0,1.5749999999999998e-09
193.0,1.0540984924967514,0.0,0.955265084,0.0,1.0540984924967514,0.0,0.0,0.0,0.0,0.0,0.0,0.0,0.0,0.0,5.8111043902648145,0.0,0.0,1.5749999999999998e-09
194.0,1.0648878622528448,0.0,0.93106952,0.0,1.0648878622528448,0.0,0.0,0.0,0.0,0.0,0.0,0.0,0.0,0.0,5.6264287783493225,0.0,0.0,1.5749999999999998e-09
195.0,1.0223356036663458,0.0,0.901410455,0.0,1.0223356036663458,0.0,0.0,0.0,0.0,0.0,0.0,0.0,0.0,0.0,5.4558302561228045,0.0,0.0,1.5749999999999998e-09
196.0,0.9875644173061969,0.0,0.872383186,0.0,0.9875644173061969,0.0,0.0,0.0,0.0,0.0,0.0,0.0,0.0,0.0,5.281991189522534,0.0,0.0,1.5749999999999998e-09
197.0,0.9445827200486432,0.0,0.84582683,0.0,0.9445827200486432,0.0,0.0,0.0,0.0,0.0,0.0,0.0,0.0,0.0,5.134120342475389,0.0,0.0,1.5749999999999998e-09
198.0,0.9040708508578196,0.0,0.816800457,0.0,0.9040708508578196,0.0,0.0,0.0,0.0,0.0,0.0,0.0,0.0,0.0,4.966028397988341,0.0,0.0,1.5749999999999998e-09
199.0,0.8692507141827418,0.0,0.782833429,0.0,0.8692507141827418,0.0,0.0,0.0,0.0,0.0,0.0,0.0,0.0,0.0,4.756737719298954,0.0,0.0,1.5749999999999998e-09
200.0,0.8447615817703681,0.0,0.751396631,0.0,0.8447615817703681,0.0,0.0,0.0,0.0,0.0,0.0,0.0,0.0,0.0,4.55530003844324,0.0,0.0,1.5749999999999998e-09
201.0,0.8333180412614706,0.0,0.71681203,0.0,0.8333180412614706,0.0,0.0,0.0,0.0,0.0,0.0,0.0,0.0,0.0,4.318194452158806,0.0,0.0,1.5749999999999998e-09
202.0,0.8295398706892078,0.0,0.67102375,0.0,0.8295398706892078,0.0,0.0,0.0,0.0,0.0,0.0,0.0,0.0,0.0,3.9929060242363055,0.0,0.0,1.5749999999999998e-09
203.0,0.8375345508347548,0.0,0.62653599,0.0,0.8375345508347548,0.0,0.0,0.0,0.0,0.0,0.0,0.0,0.0,0.0,3.6651911917318722,0.0,0.0,1.5749999999999998e-09
204.0,0.855575426683926,0.001284177,0.584179311,0.00027923652819053345,0.8552961901557354,0.0,0.0,0.0,0.0,0.0,0.0,0.0,0.0,0.0,3.3430248383210732,0.0,0.0,1.5749999999999998e-09
205.0,0.8885487553901569,0.019911726,0.547807475,0.004329684489382054,0.8842190709007748,0.0,0.0,0.0,0.0,0.0,0.0,0.0,0.0,0.0,3.0527085103111586,0.0,0.0,1.5749999999999998e-09
206.0,0.927471923181389,0.078080009,0.552933739,0.016978026108741714,0.9104938970726474,0.0,0.0,0.0,0.0,0.0,0.0,0.0,0.0,0.0,3.0632746018908623,0.0,0.0,1.5749999999999998e-09
207.0,0.9626725472126679,0.177223916,0.597082999,0.03853626954553051,0.9241362776671375,0.0,0.0,0.0,0.0,0.0,0.0,0.0,0.0,0.0,3.3669196759520372,0.0,0.0,1.5749999999999998e-09
208.0,0.9873953120367575,0.279504407,0.589011628,0.06077654421830779,0.9266187678184498,0.0,0.0,0.0,0.0,0.0,0.0,0.0,0.0,0.0,3.3064306697193326,0.0,0.0,1.5749999999999998e-09
209.0,0.9962332946969161,0.349615664,0.539040449,0.0760218133609215,0.9202114813359946,0.0,0.0,0.0,0.0,0.0,0.0,0.0,0.0,0.0,2.9537101205132035,0.0,0.0,1.5749999999999998e-09
210.0,0.9929201641155742,0.37701433,0.495562251,0.0819794877086882,0.9109406764068859,0.0,0.0,0.0,0.0,0.0,0.0,0.0,0.0,0.0,2.65051619157282,0.0,0.0,1.5749999999999998e-09
211.0,0.9825379817056569,0.357174587,0.460468197,0.07766545548765291,0.904872526218004,0.0,0.0,0.0,0.0,0.0,0.0,0.0,0.0,0.0,2.404373929464679,0.0,0.0,1.5749999999999998e-09
212.0,0.9733640143390543,0.295450911,0.423538858,0.06424401514617556,0.9091199991928788,0.0,0.0,0.0,0.0,0.0,0.0,0.0,0.0,0.0,2.1347264028212676,0.0,0.0,1.5749999999999998e-09
213.0,0.9686802399423388,0.201396342,0.385623805,0.043792417501912366,0.9248878224404264,0.0,0.0,0.0,0.0,0.0,0.0,0.0,0.0,0.0,1.846474495820003,0.0,0.0,1.5749999999999998e-09
214.0,0.9768061992049487,0.099881554,0.345627447,0.021718640319235812,0.9550875588857128,0.0,0.0,0.0,0.0,0.0,0.0,0.0,0.0,0.0,1.5288329624948422,0.0,0.0,1.5749999999999998e-09
215.0,1.0040922450604548,0.027840747,0.340372648,0.00605380218966,0.9980384428707948,0.0,0.0,0.0,0.0,0.0,0.0,0.0,0.0,0.0,1.4481174183673906,0.0,0.0,1.5749999999999998e-09
216.0,1.030083300405265,0.002088584,0.357103532,0.00045414996919762395,1.0296291504360673,0.0,0.0,0.0,0.0,0.0,0.0,0.0,0.0,0.0,1.5367665426475259,0.0,0.0,1.5749999999999998e-09
217.0,1.03973343392519,0.0,0.367009769,0.0,1.03973343392519,0.0,0.0,0.0,0.0,0.0,0.0,0.0,0.0,0.0,1.5978554053843144,0.0,0.0,1.5749999999999998e-09
218.0,1.0364737043237227,0.0,0.369193206,0.0,1.0364737043237227,0.0,0.0,0.0,0.0,0.0,0.0,0.0,0.0,0.0,1.616806840081881,0.0,0.0,1.5749999999999998e-09
219.0,1.02031968842821,0.0,0.369593941,0.0,1.02031968842821,0.0,0.0,0.0,0.0,0.0,0.0,0.0,0.0,0.0,1.6358408179097437,0.0,0.0,1.5749999999999998e-09
220.0,0.9922125913829711,0.0,0.367618348,0.0,0.9922125913829712,0.0,0.0,0.0,0.0,0.0,0.0,0.0,0.0,0.0,1.649749922182158,0.0,0.0,1.5749999999999998e-09
221.0,0.958309183694823,0.0,0.363470729,0.0,0.958309183694823,0.0,0.0,0.0,0.0,0.0,0.0,0.0,0.0,0.0,1.653845639426764,0.0,0.0,1.5749999999999998e-09
222.0,0.9243790750167754,0.0,0.357443593,0.0,0.9243790750167754,0.0,0.0,0.0,0.0,0.0,0.0,0.0,0.0,0.0,1.6444605342076015,0.0,0.0,1.5749999999999998e-09
223.0,0.893056749019977,0.0,0.354400439,0.0,0.893056749019977,0.0,0.0,0.0,0.0,0.0,0.0,0.0,0.0,0.0,1.6539126275711646,0.0,0.0,1.5749999999999998e-09
224.0,0.8721299554280834,0.0,0.353194592,0.0,0.8721299554280834,0.0,0.0,0.0,0.0,0.0,0.0,0.0,0.0,0.0,1.6661733614072618,0.0,0.0,1.5749999999999998e-09
225.0,0.8621149103793797,0.0,0.352793905,0.0,0.8621149103793797,0.0,0.0,0.0,0.0,0.0,0.0,0.0,0.0,0.0,1.6733087894851801,0.0,0.0,1.5749999999999998e-09
226.0,0.8608087937062823,0.0,0.352794766,0.0,0.8608087937062823,0.0,0.0,0.0,0.0,0.0,0.0,0.0,0.0,0.0,1.6746210939063502,0.0,0.0,1.5749999999999998e-09
227.0,0.8686210185874024,0.0,0.352158157,0.0,0.8686210185874024,0.0,0.0,0.0,0.0,0.0,0.0,0.0,0.0,0.0,1.66223375158904,0.0,0.0,1.5749999999999998e-09
228.0,0.8899817005153716,0.002514806,0.351079568,0.0005468293673790473,0.8894348711479926,0.0,0.0,0.0,0.0,0.0,0.0,0.0,0.0,0.0,1.6336684042484786,0.0,0.0,1.5749999999999998e-09
229.0,0.9223809604385728,0.031691698,0.348463985,0.006891168212779759,0.915489792225793,0.0,0.0,0.0,0.0,0.0,0.0,0.0,0.0,0.0,1.5888160747314282,0.0,0.0,1.5749999999999998e-09
230.0,0.9591725107019534,0.103613113,0.343521471,0.022530045273457967,0.9366424654284954,0.0,0.0,0.0,0.0,0.0,0.0,0.0,0.0,0.0,1.5321430397681897,0.0,0.0,1.5749999999999998e-09
231.0,0.9929802405929048,0.206611757,0.323123417,0.0449264779761872,0.9480537626167175,0.0,0.0,0.0,0.0,0.0,0.0,0.0,0.0,0.0,1.374137062769053,0.0,0.0,1.5749999999999998e-09
232.0,1.011762065662035,0.309105061,0.351683173,0.06721302754975604,0.9445490381122789,0.0,0.0,0.0,0.0,0.0,0.0,0.0,0.0,0.0,1.5828921648976435,0.0,0.0,1.5749999999999998e-09
233.0,1.0142341195612004,0.380834768,0.393001754,0.08281021886435225,0.931423900696848,0.0,0.0,0.0,0.0,0.0,0.0,0.0,0.0,0.0,1.8929615182631017,0.0,0.0,1.5749999999999998e-09
234.0,1.0129458035480359,0.40621446,0.397308738,0.08832887951675845,0.9246169240312775,0.0,0.0,0.0,0.0,0.0,0.0,0.0,0.0,0.0,1.9307214937015322,0.0,0.0,1.5749999999999998e-09
235.0,1.005460664043318,0.380119357,0.371867041,0.08265465706573,0.9228060069775879,0.0,0.0,0.0,0.0,0.0,0.0,0.0,0.0,0.0,1.7496905854731977,0.0,0.0,1.5749999999999998e-09
236.0,0.9935164832235581,0.305811587,0.327907498,0.06649688153137556,0.9270196016921824,0.0,0.0,0.0,0.0,0.0,0.0,0.0,0.0,0.0,1.4295529751285279,0.0,0.0,1.5749999999999998e-09
237.0,0.9742273413461847,0.198502222,0.276535066,0.043163108597480355,0.9310642327487043,0.0,0.0,0.0,0.0,0.0,0.0,0.0,0.0,0.0,1.0563101244698827,0.0,0.0,1.5749999999999998e-09
238.0,0.9941773284738934,0.091803365,0.252647061,0.01996208693880075,0.9742152415350926,0.0,0.0,0.0,0.0,0.0,0.0,0.0,0.0,0.0,0.8414832075651751,0.0,0.0,1.5749999999999998e-09
239.0,1.0311780359915255,0.024709496,0.268899827,0.005372930582293465,1.025805105409232,0.0,0.0,0.0,0.0,0.0,0.0,0.0,0.0,0.0,0.9066970852544078,0.0,0.0,1.5749999999999998e-09
240.0,1.085060356629792,0.001826748,0.284862668,0.0003972153133088356,1.0846631413164833,0.0,0.0,0.0,0.0,0.0,0.0,0.0,0.0,0.0,0.9625591871243944,0.0,0.0,1.5749999999999998e-09
241.0,1.1140485823420194,0.0,0.281547191,0.0,1.1140485823420194,0.0,0.0,0.0,0.0,0.0,0.0,0.0,0.0,0.0,0.9093464099600554,0.0,0.0,1.5749999999999998e-09
242.0,1.1230334199466634,0.0,0.272952521,0.0,1.1230334199466634,0.0,0.0,0.0,0.0,0.0,0.0,0.0,0.0,0.0,0.8385942637322229,0.0,0.0,1.5749999999999998e-09
243.0,1.1124776826022855,0.0,0.264256718,0.0,1.1124776826022857,0.0,0.0,0.0,0.0,0.0,0.0,0.0,0.0,0.0,0.7866558799960413,0.0,0.0,1.5749999999999998e-09
244.0,1.0827841089899657,0.0,0.257224649,0.0,1.0827841089899657,0.0,0.0,0.0,0.0,0.0,0.0,0.0,0.0,0.0,0.7658120884526824,0.0,0.0,1.5749999999999998e-09
245.0,1.0433669753854027,0.0,0.245821881,0.0,1.0433669753854027,0.0,0.0,0.0,0.0,0.0,0.0,0.0,0.0,0.0,0.7232809575846568,0.0,0.0,1.5749999999999998e-09
246.0,1.0102779433895313,0.0,0.230981562,0.0,1.0102779433895313,0.0,0.0,0.0,0.0,0.0,0.0,0.0,0.0,0.0,0.6497170798423335,0.0,0.0,1.5749999999999998e-09
247.0,0.9906594913032458,0.0,0.21634778,0.0,0.9906594913032458,0.0,0.0,0.0,0.0,0.0,0.0,0.0,0.0,0.0,0.5641669414977513,0.0,0.0,1.5749999999999998e-09
248.0,0.9800570274765248,0.0,0.203144564,0.0,0.9800570274765248,0.0,0.0,0.0,0.0,0.0,0.0,0.0,0.0,0.0,0.4798818625228729,0.0,0.0,1.5749999999999998e-09
249.0,0.9809670819659232,0.0,0.190190886,0.0,1.290391331749607,0.0,0.0,0.30942424978368366,0.0,0.0,0.0,0.0,0.0,0.0,0.07645337001086938,0.0,0.0,1.5749999999999998e-09
250.0,0.9957549047110078,0.0,0.180359649,0.0,1.2961905579798874,0.0,0.0,0.30043565326887967,0.0,0.2784818248053153,0.0,0.0,0.0,0.0,0.0,0.0,0.0,1.575021454469746e-09
251.0,1.0361688702721994,0.0,0.174512637,0.0,1.2541698411021611,0.0,0.0,0.21800097082996178,0.0,0.548870119351434,0.0,0.0,0.0,0.0,0.0,0.0,0.0,1.5750429092317427e-09
252.0,1.120416735935523,0.002285027,0.170674951,0.000496865312415368,1.2265895459237666,0.0,0.0,0.10666967530065893,0.0,0.7450635165542949,0.0,0.0,0.0,0.0,0.0,0.0,0.0,1.5750643642859937e-09
253.0,1.196723323433099,0.023297498,0.158350118,0.005065900150092936,1.1380146775878957,0.0,0.0,0.0,0.05364274569511011,0.8410560752931846,0.0,0.0,0.0,0.0,0.0,0.0,0.0,1.7500953551472252e-09
254.0,1.2196104044508937,0.073081914,0.142032933,0.01589122055517202,1.020747976044187,0.0,0.0,0.0,0.18297120785153467,0.7874018729845337,0.0,0.0,0.0,0.0,0.0,0.0,0.0,1.7501191947458603e-09
255.0,1.2104720374042328,0.15110861,0.125962475,0.03285765407424158,0.9052544272515057,0.0,0.0,0.0,0.27235995607848545,0.6044199393809058,0.0,0.0,0.0,0.0,0.0,0.0,0.0,1.7501430346692358e-09
256.0,1.1930675316479322,0.23810597,0.125834249,0.05177470426914616,0.9043329055507872,0.0,0.0,0.0,0.23695992182799877,0.33205175007533205,0.0,0.0,0.0,0.0,0.0,0.0,0.0,1.7501668749173558e-09
257.0,1.1670564508106784,0.300597061,0.140065333,0.06536301436477839,1.0066074265586353,0.0,0.0,0.0,0.09508600988726489,0.0950873051380093,0.0,0.0,0.0,0.0,0.0,0.0,0.0,1.7501907154902246e-09
258.0,1.1377255638946266,0.3239024,0.149990271,0.07043061949293705,1.0672949444016897,0.0,0.0,0.0,0.0,0.0,0.0,0.0,0.0,0.0,0.010640026845923217,0.0,0.0,1.5749999999999998e-09
259.0,1.1158241896709833,0.305445021,0.151925922,0.06641717396988467,1.0494070157010988,0.0,0.0,0.0,0.0,0.0,0.0,0.0,0.0,0.0,0.0424388971770575,0.0,0.0,1.5749999999999998e-09
260.0,1.0956294439691574,0.25010114,0.150043757,0.05438298149717256,1.0412464624719848,0.0,0.0,0.0,0.0,0.0,0.0,0.0,0.0,0.0,0.03707289657283496,0.0,0.0,1.5749999999999998e-09
261.0,1.0818384541806259,0.171255141,0.151017302,0.037238395491914496,1.0446000586887112,0.0,0.0,0.0,0.0,0.0,0.0,0.0,0.0,0.0,0.04071587549786035,0.0,0.0,1.5749999999999998e-09
262.0,1.0878016442605394,0.088408454,0.157652563,0.019223884057768113,1.0685777602027713,0.0,0.0,0.0,0.0,0.0,0.0,0.0,0.0,0.0,0.06442379937516589,0.0,0.0,1.5749999999999998e-09
263.0,1.1286472733252961,0.025045022,0.173607758,0.005445888683363377,1.1232013846419329,0.0,0.0,0.0,0.0,0.0,0.0,0.0,0.0,0.0,0.12446536321061621,0.0,0.0,1.5749999999999998e-09
264.0,1.171878179821913,0.001874779,0.189117896,0.00040765936400085045,1.1714705204579121,0.0,0.0,0.0,0.0,0.0,0.0,0.0,0.0,0.0,0.18766292485181105,0.0,0.0,1.5749999999999998e-09
265.0,1.207757450763385,4.16e-10,0.195857206,9.045668605438497e-11,1.2077574506729283,0.0,0.0,0.0,0.0,0.0,0.0,0.0,0.0,0.0,0.19980938890060498,0.0,0.0,1.5749999999999998e-09
266.0,1.2104008347645003,0.0,0.199263413,0.0,1.2104008347645003,0.0,0.0,0.0,0.0,0.0,0.0,0.0,0.0,0.0,0.22164539017269044,0.0,0.0,1.5749999999999998e-09
267.0,1.1916968878325587,0.0,0.201213264,0.0,1.1916968878325587,0.0,0.0,0.0,0.0,0.0,0.0,0.0,0.0,0.0,0.2543623298648235,0.0,0.0,1.5749999999999998e-09
268.0,1.131146028214361,0.0,0.200497396,0.0,1.131146028214361,0.0,0.0,0.0,0.0,0.0,0.0,0.0,0.0,0.0,0.30976846144931347,0.0,0.0,1.5749999999999998e-09
269.0,1.078035807450974,0.0,0.199889172,0.0,1.078035807450974,0.0,0.0,0.0,0.0,0.0,0.0,0.0,0.0,0.0,0.3585075592353169,0.0,0.0,1.5749999999999998e-09
270.0,1.0816604475812952,0.0,0.199098908,0.0,1.0816604475812952,0.0,0.0,0.0,0.0,0.0,0.0,0.0,0.0,0.0,0.3492035293923252,0.0,0.0,1.5749999999999998e-09
271.0,1.0310267303820941,0.0,0.198598111,0.0,1.0310267303820941,0.0,0.0,0.0,0.0,0.0,0.0,0.0,0.0,0.0,0.3962381691567247,0.0,0.0,1.5749999999999998e-09
272.0,1.0125052397145042,0.0,0.201348329,0.0,1.0125052397145042,0.0,0.0,0.0,0.0,0.0,0.0,0.0,0.0,0.0,0.43452464951991054,0.0,0.0,1.5749999999999998e-09
273.0,1.0056319951451924,0.0,0.206512935,0.0,1.0056319951451924,0.0,0.0,0.0,0.0,0.0,0.0,0.0,0.0,0.0,0.4785143642642466,0.0,0.0,1.5749999999999998e-09
274.0,1.0123316837801193,0.0,0.216276284,0.0,1.0123316837801193,0.0,0.0,0.0,0.0,0.0,0.0,0.0,0.0,0.0,0.5419809287698012,0.0,0.0,1.5749999999999998e-09
275.0,1.0428084824297954,0.0,0.227421957,0.0,1.0428084824297954,0.0,0.0,0.0,0.0,0.0,0.0,0.0,0.0,0.0,0.5916047301436443,0.0,0.0,1.5749999999999998e-09
276.0,1.1160733969101968,0.00073001,0.23909832,0.0001587362629484653,1.1159146606472483,0.0,0.0,0.0,0.0,0.0,0.0,0.0,0.0,0.0,0.6024130613858196,0.0,0.0,1.5749999999999998e-09
277.0,1.1847902667758914,0.010296597,0.247436491,0.002238932793888274,1.182551333982003,0.0,0.0,0.0,0.0,0.0,0.0,0.0,0.0,0.0,0.5957003154979502,0.0,0.0,1.5749999999999998e-09
278.0,1.2007084254271776,0.052363533,0.262279228,0.011386133810767854,1.1893222916164097,0.0,0.0,0.0,0.0,0.0,0.0,0.0,0.0,0.0,0.6955996450405757,0.0,0.0,1.5749999999999998e-09
279.0,1.1848080674358243,0.131790107,0.288955007,0.028656962341280772,1.1561511050945437,0.0,0.0,0.0,0.0,0.0,0.0,0.0,0.0,0.0,0.9204816330541775,0.0,0.0,1.5749999999999998e-09
280.0,1.161509348406908,0.221003285,0.277869684,0.048055828769790296,1.1134535196371176,0.0,0.0,0.0,0.0,0.0,0.0,0.0,0.0,0.0,0.8835123357890869,0.0,0.0,1.5749999999999998e-09
281.0,1.1355872708693193,0.291329484,0.263370461,0.06334783575137974,1.0722394351179396,0.0,0.0,0.0,0.0,0.0,0.0,0.0,0.0,0.0,0.8205248649445992,0.0,0.0,1.5749999999999998e-09
282.0,1.1088864179593954,0.325283028,0.256359804,0.07073082870821085,1.0381555892511845,0.0,0.0,0.0,0.0,0.0,0.0,0.0,0.0,0.0,0.8042252272604657,0.0,0.0,1.5749999999999998e-09
283.0,1.087712640960874,0.315400608,0.257784697,0.0685819562000436,1.0191306847608304,0.0,0.0,0.0,0.0,0.0,0.0,0.0,0.0,0.0,0.8334904092351235,0.0,0.0,1.5749999999999998e-09
284.0,1.0703014607070422,0.265713951,0.26295297,0.05777789289874334,1.0125235678082989,0.0,0.0,0.0,0.0,0.0,0.0,0.0,0.0,0.0,0.8772403499889054,0.0,0.0,1.5749999999999998e-09
285.0,1.0562456858520253,0.183926917,0.268818731,0.03999379660581712,1.0162518892462082,0.0,0.0,0.0,0.0,0.0,0.0,0.0,0.0,0.0,0.9156674888533536,0.0,0.0,1.5749999999999998e-09
286.0,1.0598503014898277,0.092118647,0.270900632,0.02003064310440796,1.0398196583854198,0.0,0.0,0.0,0.0,0.0,0.0,0.0,0.0,0.0,0.9070617161130643,0.0,0.0,1.5749999999999998e-09
287.0,1.0956427949640697,0.0267114,0.278476549,0.0058082325093103335,1.0898345624547594,0.0,0.0,0.0,0.0,0.0,0.0,0.0,0.0,0.0,0.9114926492245199,0.0,0.0,1.5749999999999998e-09
288.0,1.142609595215627,0.002498686,0.296371658,0.0005433241707944398,1.1420662710448326,0.0,0.0,0.0,0.0,0.0,0.0,0.0,0.0,0.0,0.987867707438594,0.0,0.0,1.5749999999999998e-09
289.0,1.1686607270377678,9.04e-10,0.305999191,1.965693370027981e-10,1.1686607268411986,0.0,0.0,0.0,0.0,0.0,0.0,0.0,0.0,0.0,1.0304634360345242,0.0,0.0,1.5749999999999998e-09
290.0,1.1712907610438956,0.0,0.302623214,0.0,1.1712907610438954,0.0,0.0,0.0,0.0,0.0,0.0,0.0,0.0,0.0,1.003571270387131,0.0,0.0,1.5749999999999998e-09
291.0,1.156571916106033,0.0,0.301511262,0.0,1.156571916106033,0.0,0.0,0.0,0.0,0.0,0.0,0.0,0.0,0.0,1.0102988506972448,0.0,0.0,1.5749999999999998e-09
292.0,1.1218029555783193,0.0,0.301905892,0.0,1.1218029555783193,0.0,0.0,0.0,0.0,0.0,0.0,0.0,0.0,0.0,1.0479038983582598,0.0,0.0,1.5749999999999998e-09
293.0,1.0764026054014746,0.0,0.299250153,0.0,1.0764026054014746,0.0,0.0,0.0,0.0,0.0,0.0,0.0,0.0,0.0,1.0742182509999298,0.0,0.0,1.5749999999999998e-09
294.0,1.0363980520189695,0.0,0.293821576,0.0,1.0363980520189695,0.0,0.0,0.0,0.0,0.0,0.0,0.0,0.0,0.0,1.0752092540141547,0.0,0.0,1.5749999999999998e-09
295.0,1.0128723760757934,0.0,0.290875335,0.0,1.0128723760757934,0.0,0.0,0.0,0.0,0.0,0.0,0.0,0.0,0.0,1.0775611819105426,0.0,0.0,1.5749999999999998e-09
296.0,0.9989812568251948,0.0,0.288755902,0.0,0.9989812568251948,0.0,0.0,0.0,0.0,0.0,0.0,0.0,0.0,0.0,1.0762205735651809,0.0,0.0,1.5749999999999998e-09
297.0,0.9962399701943723,0.0,0.286314555,0.0,0.9962399701943723,0.0,0.0,0.0,0.0,0.0,0.0,0.0,0.0,0.0,1.0614166334909299,0.0,0.0,1.5749999999999998e-09
298.0,1.0068891595035114,0.0,0.280556921,0.0,1.0068891595035114,0.0,0.0,0.0,0.0,0.0,0.0,0.0,0.0,0.0,1.0093890601115045,0.0,0.0,1.5749999999999998e-09
299.0,1.0457900769697899,0.0,0.27449411,0.0,1.0457900769697899,0.0,0.0,0.0,0.0,0.0,0.0,0.0,0.0,0.0,0.9269165432515247,0.0,0.0,1.5749999999999998e-09
300.0,1.1252985414240881,0.002328409,0.269253208,0.0005062984661519338,1.1247922429579362,0.0,0.0,0.0,0.0,0.0,0.0,0.0,0.0,0.0,0.8102495906807771,0.0,0.0,1.5749999999999998e-09
301.0,1.1959022722433659,0.024998852,0.26387381,0.005435849295875081,1.190466422947491,0.0,0.0,0.0,0.0,0.0,0.0,0.0,0.0,0.0,0.7059152950063889,0.0,0.0,1.5749999999999998e-09
302.0,1.2134002309643526,0.087078679,0.269387558,0.018934732520032607,1.19446549844432,0.0,0.0,0.0,0.0,0.0,0.0,0.0,0.0,0.0,0.7415418682414477,0.0,0.0,1.5749999999999998e-09
303.0,1.1960758271778262,0.182578629,0.25820088,0.03970061952810824,1.156375207649718,0.0,0.0,0.0,0.0,0.0,0.0,0.0,0.0,0.0,0.6992368684089241,0.0,0.0,1.5749999999999998e-09
304.0,1.1702071516200372,0.287700596,0.24916843,0.0625587559856525,1.1076483956343846,0.0,0.0,0.0,0.0,0.0,0.0,0.0,0.0,0.0,0.6830501785942253,0.0,0.0,1.5749999999999998e-09
305.0,1.13984160659498,0.366103374,0.247037961,0.07960696626290645,1.0602346403320735,0.0,0.0,0.0,0.0,0.0,0.0,0.0,0.0,0.0,0.7151528938874219,0.0,0.0,1.5749999999999998e-09
306.0,1.1203099329758492,0.398145078,0.239998381,0.08657424116525148,1.0337356918105975,0.0,0.0,0.0,0.0,0.0,0.0,0.0,0.0,0.0,0.6910604979549949,0.0,0.0,1.5749999999999998e-09
307.0,1.0857879548548388,0.380328346,0.235236003,0.08270010046083053,1.0030878543940083,0.0,0.0,0.0,0.0,0.0,0.0,0.0,0.0,0.0,0.6874825568709221,0.0,0.0,1.5749999999999998e-09
308.0,1.0687795112822374,0.318034881,0.228746317,0.06915476294461702,0.9996247483376203,0.0,0.0,0.0,0.0,0.0,0.0,0.0,0.0,0.0,0.6443062412823153,0.0,0.0,1.5749999999999998e-09
309.0,1.059020349970128,0.221193686,0.213853808,0.04809723031662069,1.0109231196535073,0.0,0.0,0.0,0.0,0.0,0.0,0.0,0.0,0.0,0.5259798863932817,0.0,0.0,1.5749999999999998e-09
310.0,1.0665633411196664,0.115112905,0.212315375,0.025030605549022217,1.041532735570644,0.0,0.0,0.0,0.0,0.0,0.0,0.0,0.0,0.0,0.4843140151566156,0.0,0.0,1.5749999999999998e-09
311.0,1.1032013609411058,0.037050072,0.228961571,0.008056314257683555,1.095145046683422,0.0,0.0,0.0,0.0,0.0,0.0,0.0,0.0,0.0,0.5503329087013857,0.0,0.0,1.5749999999999998e-09
312.0,1.1472199421400997,0.003708659,0.246029963,0.0008064254876100223,1.1464135166524896,0.0,0.0,0.0,0.0,0.0,0.0,0.0,0.0,0.0,0.6217298390752712,0.0,0.0,1.5749999999999998e-09
313.0,1.1704541340267403,4.9e-09,0.253083083,1.0654753886213613e-09,1.170454132961265,0.0,0.0,0.0,0.0,0.0,0.0,0.0,0.0,0.0,0.6483778751285278,0.0,0.0,1.5749999999999998e-09
314.0,1.172209714863336,0.0,0.248440009,0.0,1.172209714863336,0.0,0.0,0.0,0.0,0.0,0.0,0.0,0.0,0.0,0.6132539166956179,0.0,0.0,1.5749999999999998e-09
315.0,1.1537505255055869,0.0,0.237067665,0.0,1.1537505255055869,0.0,0.0,0.0,0.0,0.0,0.0,0.0,0.0,0.0,0.5499834897193987,0.0,0.0,1.5749999999999998e-09
316.0,1.1111114884519329,0.0,0.227493365,0.0,1.1111114884519329,0.0,0.0,0.0,0.0,0.0,0.0,0.0,0.0,0.0,0.5238149119430481,0.0,0.0,1.5749999999999998e-09
317.0,1.0598747776472168,0.0,0.218319587,0.0,1.0598747776472168,0.0,0.0,0.0,0.0,0.0,0.0,0.0,0.0,0.0,0.509122439083165,0.0,0.0,1.5749999999999998e-09
318.0,1.015104122065787,0.0,0.210265217,0.0,1.015104122065787,0.0,0.0,0.0,0.0,0.0,0.0,0.0,0.0,0.0,0.4960087596575087,0.0,0.0,1.5749999999999998e-09
319.0,0.9872284315998284,0.0,0.204746294,0.0,0.9872284315998283,0.0,0.0,0.0,0.0,0.0,0.0,0.0,0.0,0.0,0.48422161022285276,0.0,0.0,1.5749999999999998e-09
320.0,0.9672250434922454,0.0,0.200752575,0.0,0.9672250434922454,0.0,0.0,0.0,0.0,0.0,0.0,0.0,0.0,0.0,0.47552334090469484,0.0,0.0,1.5749999999999998e-09
321.0,0.9580800009481282,0.0,0.200619778,0.0,0.9580800009481282,0.0,0.0,0.0,0.0,0.0,0.0,0.0,0.0,0.0,0.48371401134572556,0.0,0.0,1.5749999999999998e-09
322.0,0.9660168294488551,0.0,0.203366226,0.0,0.9660168294488551,0.0,0.0,0.0,0.0,0.0,0.0,0.0,0.0,0.0,0.49551507868434336,0.0,0.0,1.5749999999999998e-09
323.0,0.9998579348272374,0.0,0.203565457,0.0,0.9998579348272374,0.0,0.0,0.0,0.0,0.0,0.0,0.0,0.0,0.0,0.46310578658841467,0.0,0.0,1.5749999999999998e-09
324.0,1.0747427023620755,0.002086786,0.202043379,0.00045375900496318706,1.3758639166695914,0.0,0.0,0.3015749733124791,0.0,0.0,0.0,0.0,0.0,0.0,0.07616108789310816,0.0,0.0,1.5749999999999998e-09
325.0,1.1396057483508293,0.023459179,0.199537759,0.00510105670648226,1.4340178671353832,0.0,0.0,0.2995131754910359,0.0,0.2714174759812312,0.0,0.0,0.0,0.0,0.0,0.0,0.0,1.575021454469746e-09
326.0,1.1554304540374294,0.078814953,0.191867873,0.017137835240173333,1.3788967030107946,0.0,0.0,0.24060408421353857,0.0,0.5409756367557309,0.0,0.0,0.0,0.0,0.0,0.0,0.0,1.5750429092317427e-09
327.0,1.138083799925949,0.172311199,0.163572897,0.03746802892210974,1.1755492196196093,0.0,0.0,0.07493344861577002,0.0,0.7575119435400844,0.0,0.0,0.0,0.0,0.0,0.0,0.0,1.5750643642859937e-09
328.0,1.1126846140241018,0.27819221,0.131463464,0.06049121491044599,0.9447883808873949,0.0,0.0,0.0,0.10740501822626086,0.8249417286938362,0.0,0.0,0.0,0.0,0.0,0.0,0.0,1.7500953551472252e-09
329.0,1.081406789677136,0.355970305,0.114076785,0.07740359164439581,0.8198355475935843,0.0,0.0,0.0,0.1841676504391559,0.7175254733588295,0.0,0.0,0.0,0.0,0.0,0.0,0.0,1.7501191947458603e-09
330.0,1.0501667924824716,0.389993193,0.107425577,0.08480166303497155,0.7720353159089446,0.0,0.0,0.0,0.1933298135385554,0.5333480490029333,0.0,0.0,0.0,0.0,0.0,0.0,0.0,1.7501430346692358e-09
331.0,1.0285101758330208,0.375880119,0.109804204,0.08173286038093236,0.7891297928357434,0.0,0.0,0.0,0.1576475226163451,0.3400109703572588,0.0,0.0,0.0,0.0,0.0,0.0,0.0,1.7501668749173558e-09
332.0,1.0110010909496325,0.31468116,0.11356385,0.06842551658016752,0.8161492380030316,0.0,0.0,0.0,0.12642633636643347,0.18235881621347882,0.0,0.0,0.0,0.0,0.0,0.0,0.0,1.7501907154902246e-09
333.0,0.9400124241090574,0.220054862,0.116358506,0.04784959991989184,0.8362335902408309,0.0,0.0,0.0,0.05592923394833459,0.05592999580995852,0.0,0.0,0.0,0.0,0.0,0.0,0.0,1.7502145563878474e-09
334.0,0.9446472471909194,0.117037482,0.132036464,0.025449093187186855,0.9191981540037325,0.0,0.0,0.0,0.0,0.0,0.0,0.0,0.0,0.0,0.029708205565925537,0.0,0.0,1.5749999999999998e-09
335.0,1.0321770927806644,0.038408859,0.164603369,0.008351774279495525,1.023825318501169,0.0,0.0,0.0,0.0,0.0,0.0,0.0,0.0,0.0,0.15912959348959083,0.0,0.0,1.5749999999999998e-09
336.0,1.0730827993226766,0.003363387,0.196947688,0.0007313481777365377,1.0723514511449401,0.0,0.0,0.0,0.0,0.0,0.0,0.0,0.0,0.0,0.34305235462299427,0.0,0.0,1.5749999999999998e-09
337.0,1.0932753191920672,5.44e-09,0.222569283,1.1828951253265728e-09,1.093275318009172,0.0,0.0,0.0,0.0,0.0,0.0,0.0,0.0,0.0,0.5062631858662346,0.0,0.0,1.5749999999999998e-09
338.0,1.0930528119428287,0.0,0.242300029,0.0,1.0930528119428287,0.0,0.0,0.0,0.0,0.0,0.0,0.0,0.0,0.0,0.6482846298263828,0.0,0.0,1.5749999999999998e-09
339.0,1.0736590929382168,0.0,0.258419065,0.0,1.0736590929382168,0.0,0.0,0.0,0.0,0.0,0.0,0.0,0.0,0.0,0.7835210131008609,0.0,0.0,1.5749999999999998e-09
340.0,1.0300877510702107,0.0,0.2704767,0.0,1.0300877510702107,0.0,0.0,0.0,0.0,0.0,0.0,0.0,0.0,0.0,0.9137469516329346,0.0,0.0,1.5749999999999998e-09
341.0,0.9811918140476723,0.0,0.283639223,0.0,0.9811918140476724,0.0,0.0,0.0,0.0,0.0,0.0,0.0,0.0,0.0,1.0572379831036391,0.0,0.0,1.5749999999999998e-09
342.0,0.9356846609111539,0.0,0.297167367,0.0,0.9356846609111539,0.0,0.0,0.0,0.0,0.0,0.0,0.0,0.0,0.0,1.1999678388624737,0.0,0.0,1.5749999999999998e-09
343.0,0.9040530501978865,0.0,0.308613846,0.0,0.9040530501978865,0.0,0.0,0.0,0.0,0.0,0.0,0.0,0.0,0.0,1.3138618518601624,0.0,0.0,1.5749999999999998e-09
344.0,0.8835401204495499,0.0,0.317430628,0.0,0.8835401204495499,0.0,0.0,0.0,0.0,0.0,0.0,0.0,0.0,0.0,1.3977383423801606,0.0,0.0,1.5749999999999998e-09
345.0,0.8744262285603532,0.0,0.327633456,0.0,0.8744262285603532,0.0,0.0,0.0,0.0,0.0,0.0,0.0,0.0,0.0,1.480176890818743,0.0,0.0,1.5749999999999998e-09
346.0,0.8790165509923072,0.0,0.33841979,0.0,0.8790165509923072,0.0,0.0,0.0,0.0,0.0,0.0,0.0,0.0,0.0,1.553104707080979,0.0,0.0,1.5749999999999998e-09
347.0,0.9071481241949354,2.64e-18,0.346731963,0.0,0.9071481241949354,0.0,0.0,0.0,0.0,0.0,0.0,0.0,0.0,5.740520461143661e-19,1.5847102215175894,0.0,0.0,1.5749999999999998e-09
348.0,0.972253703925296,0.002133542,0.35344262,0.00046392581461020336,0.9717897781106858,0.0,0.0,0.0,0.0,0.0,0.0,0.0,0.0,0.0,1.5682960413714386,0.0,0.0,1.5749999999999998e-09
349.0,1.0380134544084605,0.022015714,0.358417714,0.004787183965291172,1.0332262704431694,0.0,0.0,0.0,0.0,0.0,0.0,0.0,0.0,0.0,1.5426140534617399,0.0,0.0,1.5749999999999998e-09
350.0,1.0632902615232116,0.086407588,0.335488725,0.018788807837578466,1.044501453685633,0.0,0.0,0.0,0.0,0.0,0.0,0.0,0.0,0.0,1.3665551216890008,0.0,0.0,1.5749999999999998e-09
351.0,1.069823069721209,0.197752515,0.278924867,0.04300008934091359,1.0268229803802955,0.0,0.0,0.0,0.0,0.0,0.0,0.0,0.0,0.0,0.9777261579427446,0.0,0.0,1.5749999999999998e-09
352.0,1.0722528478029771,0.31388866,0.24806905,0.06825319224435476,1.0039996555586224,0.0,0.0,0.0,0.0,0.0,0.0,0.0,0.0,0.0,0.7787980052254735,0.0,0.0,1.5749999999999998e-09
353.0,1.0626983920802486,0.395043543,0.26942162,0.08589983112250703,0.9767985609577415,0.0,0.0,0.0,0.0,0.0,0.0,0.0,0.0,0.0,0.9594535990785932,0.0,0.0,1.5749999999999998e-09
354.0,1.0475189578164106,0.428454191,0.295462702,0.09316477462493387,0.9543541831914767,0.0,0.0,0.0,0.0,0.0,0.0,0.0,0.0,0.0,1.1690474018694106,0.0,0.0,1.5749999999999998e-09
355.0,1.0347826506294031,0.411967413,0.3075955,0.08957982438071671,0.9452028262486865,0.0,0.0,0.0,0.0,0.0,0.0,0.0,0.0,0.0,1.2653935293535719,0.0,0.0,1.5749999999999998e-09
356.0,1.0224935837733082,0.346918496,0.301214849,0.07543533047868127,0.947058253294627,0.0,0.0,0.0,0.0,0.0,0.0,0.0,0.0,0.0,1.2176822824176463,0.0,0.0,1.5749999999999998e-09
357.0,1.0143943245006732,0.24268405,0.284801686,0.052770180099174675,0.9616241444014986,0.0,0.0,0.0,0.0,0.0,0.0,0.0,0.0,0.0,1.0851599247444372,0.0,0.0,1.5749999999999998e-09
358.0,1.0172846919084166,0.124967078,0.301055176,0.027173335917739995,0.9901113559906767,0.0,0.0,0.0,0.0,0.0,0.0,0.0,0.0,0.0,1.1734816578889034,0.0,0.0,1.5749999999999998e-09
359.0,1.0332495770420462,0.035774152,0.340634216,0.0077788731642448265,1.0254707038778015,0.0,0.0,0.0,0.0,0.0,0.0,0.0,0.0,0.0,1.422564967915292,0.0,0.0,1.5749999999999998e-09
360.0,1.0503848490667647,0.002818004,0.370947046,0.0006127579402115409,1.0497720911265531,0.0,0.0,0.0,0.0,0.0,0.0,0.0,0.0,0.0,1.6161127739284404,0.0,0.0,1.5749999999999998e-09
361.0,1.0542520229386927,2e-08,0.386140236,4.348879137230046e-09,1.0542520185898137,0.0,0.0,0.0,0.0,0.0,0.0,0.0,0.0,0.0,1.72082173396182,0.0,0.0,1.5749999999999998e-09
362.0,1.0464331225601167,0.0,0.395918753,0.0,1.0464331225601167,0.0,0.0,0.0,0.0,0.0,0.0,0.0,0.0,0.0,1.7989158909865401,0.0,0.0,1.5749999999999998e-09
363.0,1.0285502268179079,0.0,0.415490893,0.0,1.0285502268179079,0.0,0.0,0.0,0.0,0.0,0.0,0.0,0.0,0.0,1.9574578709979829,0.0,0.0,1.5749999999999998e-09
364.0,0.9949316276888396,0.0,0.434324208,0.0,0.9949316276888396,0.0,0.0,0.0,0.0,0.0,0.0,0.0,0.0,0.0,2.126425841307414,0.0,0.0,1.5749999999999998e-09
365.0,0.9552252348602512,0.0,0.448199279,0.0,0.9552252348602512,0.0,0.0,0.0,0.0,0.0,0.0,0.0,0.0,0.0,2.2658481967762967,0.0,0.0,1.5749999999999998e-09
366.0,0.9152184566452356,0.0,0.45784319,0.0,0.9152184566452356,0.0,0.0,0.0,0.0,0.0,0.0,0.0,0.0,0.0,2.3751628631442685,0.0,0.0,1.5749999999999998e-09
367.0,0.8846860321831743,0.0,0.457059516,0.0,0.8846860321831743,0.0,0.0,0.0,0.0,0.0,0.0,0.0,0.0,0.0,2.400063258241855,0.0,0.0,1.5749999999999998e-09
368.0,0.8635100303521426,0.0,0.451035213,0.0,0.8635100303521426,0.0,0.0,0.0,0.0,0.0,0.0,0.0,0.0,0.0,2.3779444060947115,0.0,0.0,1.5749999999999998e-09
369.0,0.8533659310188864,0.0,0.434732928,0.0,0.8533659310188864,0.0,0.0,0.0,0.0,0.0,0.0,0.0,0.0,0.0,2.2709288857033965,0.0,0.0,1.5749999999999998e-09
370.0,0.8522422706101406,0.0,0.418180054,0.0,0.8522422706101406,0.0,0.0,0.0,0.0,0.0,0.0,0.0,0.0,0.0,2.153092018603959,0.0,0.0,1.5749999999999998e-09
371.0,0.8641753262674233,7.32e-10,0.406667117,1.591689764226197e-10,0.8641753261082544,0.0,0.0,0.0,0.0,0.0,0.0,0.0,0.0,0.0,2.058418947161274,0.0,0.0,1.5749999999999998e-09
372.0,0.887371693001612,0.002329617,0.401228298,0.0005065611384518225,0.8868651318631603,0.0,0.0,0.0,0.0,0.0,0.0,0.0,0.0,0.0,1.9966419848641548,0.0,0.0,1.5749999999999998e-09
373.0,0.9237605045839129,0.029363263,0.392909993,0.006384864093084947,0.9173756404908279,0.0,0.0,0.0,0.0,0.0,0.0,0.0,0.0,0.0,1.906350319757319,0.0,0.0,1.5749999999999998e-09
374.0,0.9611261236303235,0.109120164,0.385420342,0.02372752023353606,0.9373986033967875,0.0,0.0,0.0,0.0,0.0,0.0,0.0,0.0,0.0,1.8325014874698735,0.0,0.0,1.5749999999999998e-09
375.0,0.990719568780501,0.228545079,0.350426136,0.04969574629898464,0.9410238224815165,0.0,0.0,0.0,0.0,0.0,0.0,0.0,0.0,0.0,1.5773834336369288,0.0,0.0,1.5749999999999998e-09
376.0,1.0034759004600273,0.344474457,0.309925223,0.07490388896779744,0.9285720114922299,0.0,0.0,0.0,0.0,0.0,0.0,0.0,0.0,0.0,1.2987673626956802,0.0,0.0,1.5749999999999998e-09
377.0,1.0008814677737656,0.421956201,0.326501966,0.0917518259676874,0.9091296418060782,0.0,0.0,0.0,0.0,0.0,0.0,0.0,0.0,0.0,1.4373417992149136,0.0,0.0,1.5749999999999998e-09
378.0,0.99102885349697,0.449988963,0.381814334,0.09784738065872417,0.8931814728382459,0.0,0.0,0.0,0.0,0.0,0.0,0.0,0.0,0.0,1.850803322963719,0.0,0.0,1.5749999999999998e-09
379.0,0.976608168113099,0.427562439,0.425377038,0.09297086854151472,0.8836372995715842,0.0,0.0,0.0,0.0,0.0,0.0,0.0,0.0,0.0,2.173419549308465,0.0,0.0,1.5749999999999998e-09
380.0,0.9650066474972392,0.355469981,0.432186255,0.07729479921412305,0.8877118482831161,0.0,0.0,0.0,0.0,0.0,0.0,0.0,0.0,0.0,2.218280795446679,0.0,0.0,1.5749999999999998e-09
381.0,0.9585717419289488,0.243593366,0.433094867,0.05296790536825215,0.9056038365606965,0.0,0.0,0.0,0.0,0.0,0.0,0.0,0.0,0.0,2.206918728367089,0.0,0.0,1.5749999999999998e-09
382.0,0.9651401514468124,0.122177489,0.470211008,0.026566756647562674,0.9385733947992497,0.0,0.0,0.0,0.0,0.0,0.0,0.0,0.0,0.0,2.440691713594287,0.0,0.0,1.5749999999999998e-09
383.0,0.990230052632191,0.036814261,0.551756376,0.008005038580772087,0.9822250140514189,0.0,0.0,0.0,0.0,0.0,0.0,0.0,0.0,0.0,2.9830821310983295,0.0,0.0,1.5749999999999998e-09
384.0,1.0243559675695777,0.003261309,0.633489645,0.0007091519335080292,1.0236468156360696,0.0,0.0,0.0,0.0,0.0,0.0,0.0,0.0,0.0,3.5290527542496033,0.0,0.0,1.5749999999999998e-09
385.0,1.0374683114478407,3.04e-08,0.684950621,6.610296288589671e-09,1.0374683048375444,0.0,0.0,0.0,0.0,0.0,0.0,0.0,0.0,0.0,3.8850658237504994,0.0,0.0,1.5749999999999998e-09
386.0,1.0379044256163517,0.0,0.721853105,0.0,1.0379044256163517,0.0,0.0,0.0,0.0,0.0,0.0,0.0,0.0,0.0,4.149836757831307,0.0,0.0,1.5749999999999998e-09
387.0,1.026371881807789,0.0,0.753512682,0.0,1.026371881807789,0.0,0.0,0.0,0.0,0.0,0.0,0.0,0.0,0.0,4.388897160584845,0.0,0.0,1.5749999999999998e-09
388.0,1.0010305475507615,0.0,0.767916221,0.0,1.0010305475507615,0.0,0.0,0.0,0.0,0.0,0.0,0.0,0.0,0.0,4.517752398072495,0.0,0.0,1.5749999999999998e-09
389.0,0.9660591062661774,0.0,0.780524563,0.0,0.9660591062661774,0.0,0.0,0.0,0.0,0.0,0.0,0.0,0.0,0.0,4.643336201616561,0.0,0.0,1.5749999999999998e-09
390.0,0.9367749458324687,0.0,0.787822368,0.0,0.9367749458324687,0.0,0.0,0.0,0.0,0.0,0.0,0.0,0.0,0.0,4.725067491923419,0.0,0.0,1.5749999999999998e-09
391.0,0.9109507709245874,0.0,0.792687163,0.0,0.9109507709245874,0.0,0.0,0.0,0.0,0.0,0.0,0.0,0.0,0.0,4.785853485511197,0.0,0.0,1.5749999999999998e-09
392.0,0.8916683045446702,0.0,0.800877081,0.0,0.8916683045446702,0.0,0.0,0.0,0.0,0.0,0.0,0.0,0.0,0.0,4.863994429610981,0.0,0.0,1.5749999999999998e-09
393.0,0.8840852624102449,0.0,0.799910237,0.0,0.8840852624102449,0.0,0.0,0.0,0.0,0.0,0.0,0.0,0.0,0.0,4.8646290546754685,0.0,0.0,1.5749999999999998e-09
394.0,0.8838227041761192,0.0,0.802131341,0.0,0.8838227041761192,0.0,0.0,0.0,0.0,0.0,0.0,0.0,0.0,0.0,4.880854019407134,0.0,0.0,1.5749999999999998e-09
395.0,0.8930589738524873,5.46e-09,0.812041877,1.1872440044638026e-09,0.8930589726652433,0.0,0.0,0.0,0.0,0.0,0.0,0.0,0.0,0.0,4.942841792764086,0.0,0.0,1.5749999999999998e-09
396.0,0.9152852086200223,0.003372638,0.814761082,0.0007333597517814634,0.9145518488682407,0.0,0.0,0.0,0.0,0.0,0.0,0.0,0.0,0.0,4.940891025152193,0.0,0.0,1.5749999999999998e-09
397.0,0.9496914834513925,0.031578271,0.807586307,0.006866504197084829,0.9428249792543077,0.0,0.0,0.0,0.0,0.0,0.0,0.0,0.0,0.0,4.8610549445042865,0.0,0.0,1.5749999999999998e-09
398.0,0.9896070325343076,0.102707105,0.776476579,0.02233303930898979,0.9672739932253178,0.0,0.0,0.0,0.0,0.0,0.0,0.0,0.0,0.0,4.613029670995743,0.0,0.0,1.5749999999999998e-09
399.0,1.0216925580760188,0.220904889,0.699608126,0.04803443315421096,0.9736581249218078,0.0,0.0,0.0,0.0,0.0,0.0,0.0,0.0,0.0,4.054215084163909,0.0,0.0,1.5749999999999998e-09
400.0,1.033569986920992,0.333416623,0.756860428,0.0724994297885198,0.9610705571324721,0.0,0.0,0.0,0.0,0.0,0.0,0.0,0.0,0.0,4.478257728997738,0.0,0.0,1.5749999999999998e-09
401.0,1.0295070077896493,0.407347919,0.946523196,0.08857534332665874,0.9409316644629906,0.0,0.0,0.0,0.0,0.0,0.0,0.0,0.0,0.0,5.861445898182113,0.0,0.0,1.5749999999999998e-09
402.0,1.022059694437308,0.433940941,1.028017227,0.09435783525524373,0.9277018591820642,0.0,0.0,0.0,0.0,0.0,0.0,0.0,0.0,0.0,6.460348796638777,0.0,0.0,1.5749999999999998e-09
403.0,1.0109432393048123,0.411136917,1.041029931,0.08939923804431907,0.9215440012604933,0.0,0.0,0.0,0.0,0.0,0.0,0.0,0.0,0.0,6.560025044910437,0.0,0.0,1.5749999999999998e-09
404.0,0.9994529723135719,0.340217012,1.001806531,0.07397813328087721,0.9254748390326947,0.0,0.0,0.0,0.0,0.0,0.0,0.0,0.0,0.0,6.274207426953448,0.0,0.0,1.5749999999999998e-09
405.0,0.9915250441428114,0.233338261,0.932404019,0.050737994759021965,0.9407870493837894,0.0,0.0,0.0,0.0,0.0,0.0,0.0,0.0,0.0,5.760120234208782,0.0,0.0,1.5749999999999998e-09
406.0,0.9993083432015215,0.117808154,0.856633496,0.025616671156309223,0.9736916720452122,0.0,0.0,0.0,0.0,0.0,0.0,0.0,0.0,0.0,5.182675649142588,0.0,0.0,1.5749999999999998e-09
407.0,1.0332295515496026,0.033959537,0.827028656,0.007384296098464591,1.0258452554511381,0.0,0.0,0.0,0.0,0.0,0.0,0.0,0.0,0.0,4.917760983691612,0.0,0.0,1.5749999999999998e-09
408.0,1.081420140672048,0.002709633,0.779940232,0.0005891933211625032,1.0808309473508857,0.0,0.0,0.0,0.0,0.0,0.0,0.0,0.0,0.0,4.524364949360152,0.0,0.0,1.5749999999999998e-09
409.0,1.1043784233296507,3.92e-08,0.741740836,8.52380310897089e-09,1.1043784148058473,0.0,0.0,0.0,0.0,0.0,0.0,0.0,0.0,0.0,4.226289910520668,0.0,0.0,1.5749999999999998e-09
410.0,1.1129716484156167,0.0,0.725610633,0.0,1.1129716484156167,0.0,0.0,0.0,0.0,0.0,0.0,0.0,0.0,0.0,4.101773758770274,0.0,0.0,1.5749999999999998e-09
411.0,1.1026717938079085,0.0,0.719176595,0.0,1.1026717938079085,0.0,0.0,0.0,0.0,0.0,0.0,0.0,0.0,0.0,4.065834117174019,0.0,0.0,1.5749999999999998e-09
412.0,1.0798425654348585,0.0,0.696618008,0.0,1.0798425654348585,0.0,0.0,0.0,0.0,0.0,0.0,0.0,0.0,0.0,3.926541564800157,0.0,0.0,1.5749999999999998e-09
413.0,1.0458279031221662,0.0,0.677700712,0.0,1.0458279031221662,0.0,0.0,0.0,0.0,0.0,0.0,0.0,0.0,0.0,3.8246033097410117,0.0,0.0,1.5749999999999998e-09
414.0,1.015048495253477,0.0,0.669493749,0.0,1.015048495253477,0.0,0.0,0.0,0.0,0.0,0.0,0.0,0.0,0.0,3.7964017426007604,0.0,0.0,1.5749999999999998e-09
415.0,0.9982781347575372,0.0,0.654005023,0.0,0.9982781347575372,0.0,0.0,0.0,0.0,0.0,0.0,0.0,0.0,0.0,3.7018592872443166,0.0,0.0,1.5749999999999998e-09
416.0,0.9881384860892267,0.0,0.642652964,0.0,0.9881384860892267,0.0,0.0,0.0,0.0,0.0,0.0,0.0,0.0,0.0,3.63041510177337,0.0,0.0,1.5749999999999998e-09
417.0,0.9893711752900815,0.0,0.624742323,0.0,0.9893711752900815,0.0,0.0,0.0,0.0,0.0,0.0,0.0,0.0,0.0,3.5004640219552905,0.0,0.0,1.5749999999999998e-09
418.0,1.0045906615387312,0.0,0.609678978,0.0,1.0045906615387312,0.0,0.0,0.0,0.0,0.0,0.0,0.0,0.0,0.0,3.3769888051768397,0.0,0.0,1.5749999999999998e-09
419.0,1.0398513630472654,1.24e-08,0.596300349,2.696305065082629e-09,1.0398513603509605,0.0,0.0,0.0,0.0,0.0,0.0,0.0,0.0,0.0,3.2455799230837923,0.0,0.0,1.5749999999999998e-09
420.0,1.100922888468769,0.001705789,0.579072031,0.0003709135097308252,1.1005519749590382,0.0,0.0,0.0,0.0,0.0,0.0,0.0,0.0,0.0,3.0610645680651545,0.0,0.0,1.5749999999999998e-09
421.0,1.165801510284945,0.021438591,0.557214053,0.004661692056575391,1.1611398182283696,0.0,0.0,0.0,0.0,0.0,0.0,0.0,0.0,0.0,2.8433900102384437,0.0,0.0,1.5749999999999998e-09
422.0,1.2039214285463022,0.095581138,0.511598062,0.0207835408480453,1.1831378876982568,0.0,0.0,0.0,0.0,0.0,0.0,0.0,0.0,0.0,2.493563531504489,0.0,0.0,1.5749999999999998e-09
423.0,1.213082045917917,0.215817269,0.444606963,0.046928160930403244,1.1661538849875137,0.0,0.0,0.0,0.0,0.0,0.0,0.0,0.0,0.0,2.029102651870757,0.0,0.0,1.5749999999999998e-09
424.0,1.2092927491832524,0.331739594,0.422614588,0.0721347699669883,1.1371579792162643,0.0,0.0,0.0,0.0,0.0,0.0,0.0,0.0,0.0,1.900045972262707,0.0,0.0,1.5749999999999998e-09
425.0,1.1945650039154232,0.410689876,0.489988246,0.08930203168039974,1.1052629722350233,0.0,0.0,0.0,0.0,0.0,0.0,0.0,0.0,0.0,2.4161351980748247,0.0,0.0,1.5749999999999998e-09
426.0,1.1740921251519736,0.441019041,0.559705816,0.09589692532630513,1.0781951998256685,0.0,0.0,0.0,0.0,0.0,0.0,0.0,0.0,0.0,2.9442421799766634,0.0,0.0,1.5749999999999998e-09
427.0,1.1521929757608407,0.422756727,0.58607449,0.09192589550869791,1.0602670802521428,0.0,0.0,0.0,0.0,0.0,0.0,0.0,0.0,0.0,3.1516740297623156,0.0,0.0,1.5749999999999998e-09
428.0,1.1344102074808495,0.35613872,0.571806661,0.07744021246839065,1.056969995012459,0.0,0.0,0.0,0.0,0.0,0.0,0.0,0.0,0.0,3.052432518729439,0.0,0.0,1.5749999999999998e-09
429.0,1.1230712460990402,0.248501864,0.524880959,0.05403522859561891,1.0690360175034215,0.0,0.0,0.0,0.0,0.0,0.0,0.0,0.0,0.0,2.7031255878855336,0.0,0.0,1.5749999999999998e-09
430.0,1.1298443622062095,0.126745224,0.495429288,0.027559983019857445,1.1022843791863521,0.0,0.0,0.0,0.0,0.0,0.0,0.0,0.0,0.0,2.4582169236981883,0.0,0.0,1.5749999999999998e-09
431.0,1.1714153646635026,0.039268575,0.491039327,0.008538714328312668,1.16287665033519,0.0,0.0,0.0,0.0,0.0,0.0,0.0,0.0,0.0,2.3660753230310836,0.0,0.0,1.5749999999999998e-09
432.0,1.2231482671139848,0.00363931,0.494610865,0.000791345966645634,1.222356921147339,0.0,0.0,0.0,0.0,0.0,0.0,0.0,0.0,0.0,2.3322626217597597,0.0,0.0,1.5749999999999998e-09
433.0,1.2518450087696762,1.62e-07,0.496103907,3.5225921011563375e-08,1.2518449735437553,0.0,0.0,0.0,0.0,0.0,0.0,0.0,0.0,0.0,2.3135046132162644,0.0,0.0,1.5749999999999998e-09
434.0,1.2553672966052694,0.0,0.499238411,0.0,1.2553672966052694,0.0,0.0,0.0,0.0,0.0,0.0,0.0,0.0,0.0,2.3325090277663887,0.0,0.0,1.5749999999999998e-09
435.0,1.2384233801749445,0.0,0.502698199,0.0,1.2384233801749447,0.0,0.0,0.0,0.0,0.0,0.0,0.0,0.0,0.0,2.3743174000940086,0.0,0.0,1.5749999999999998e-09
436.0,1.1977490812121374,0.0,0.506797516,0.0,1.1977490812121374,0.0,0.0,0.0,0.0,0.0,0.0,0.0,0.0,0.0,2.4444522575521717,0.0,0.0,1.5749999999999998e-09
437.0,1.150248264162362,0.0,0.518875104,0.0,1.150248264162362,0.0,0.0,0.0,0.0,0.0,0.0,0.0,0.0,0.0,2.5787510674765692,0.0,0.0,1.5749999999999998e-09
438.0,1.115913191970724,0.0,0.528639492,0.0,1.115913191970724,0.0,0.0,0.0,0.0,0.0,0.0,0.0,0.0,0.0,2.6832598597892314,0.0,0.0,1.5749999999999998e-09
439.0,1.0881554306268408,0.0,0.53199081,0.0,1.0881554306268408,0.0,0.0,0.0,0.0,0.0,0.0,0.0,0.0,0.0,2.735102535760488,0.0,0.0,1.5749999999999998e-09
440.0,1.0744890444579163,0.0,0.530982009,0.0,1.0744890444579163,0.0,0.0,0.0,0.0,0.0,0.0,0.0,0.0,0.0,2.741518972518163,0.0,0.0,1.5749999999999998e-09
441.0,1.071126961561796,0.0,0.517459322,0.0,1.071126961561796,0.0,0.0,0.0,0.0,0.0,0.0,0.0,0.0,0.0,2.6476975706098886,0.0,0.0,1.5749999999999998e-09
442.0,1.0823123935015886,0.0,0.502073191,0.0,1.0823123935015886,0.0,0.0,0.0,0.0,0.0,0.0,0.0,0.0,0.0,2.525936642229417,0.0,0.0,1.5749999999999998e-09
443.0,1.118149388625663,7.1e-09,0.48865914,1.5438520937166664e-09,1.118149387081811,0.0,0.0,0.0,0.0,0.0,0.0,0.0,0.0,0.0,2.3936968981068008,0.0,0.0,1.5749999999999998e-09
444.0,1.1923510585853625,0.00324107,0.475496068,0.0007047510852651093,1.1916463075000974,0.0,0.0,0.0,0.0,0.0,0.0,0.0,0.0,0.0,2.225600937742448,0.0,0.0,1.5749999999999998e-09
445.0,1.2610056261412912,0.034066696,0.450149332,0.0074075971754379135,1.2535980289658533,0.0,0.0,0.0,0.0,0.0,0.0,0.0,0.0,0.0,1.981489847144139,0.0,0.0,1.5749999999999998e-09
446.0,1.2762562630448617,0.11293309,0.397757111,0.02455661795019616,1.2516996450946658,0.0,0.0,0.0,0.0,0.0,0.0,0.0,0.0,0.0,1.6068610945503645,0.0,0.0,1.5749999999999998e-09
447.0,1.2612036572331409,0.230633767,0.310666383,0.050149918882353775,1.2110537383507871,0.0,0.0,0.0,0.0,0.0,0.0,0.0,0.0,0.0,1.0216121298687915,0.0,0.0,1.5749999999999998e-09
448.0,1.241803262731073,0.345391292,0.253209946,0.07510324919798655,1.1667000135330865,0.0,0.0,0.0,0.0,0.0,0.0,0.0,0.0,0.0,0.6530437207863189,0.0,0.0,1.5749999999999998e-09
449.0,1.213740666335742,0.425096569,0.293232796,0.09243468001160864,1.1213059863241333,0.0,0.0,0.0,0.0,0.0,0.0,0.0,0.0,0.0,0.9860699349122322,0.0,0.0,1.5749999999999998e-09
450.0,1.1844409310745354,0.457211341,0.360165066,0.09941784310899363,1.0850230879655418,0.0,0.0,0.0,0.0,0.0,0.0,0.0,0.0,0.0,1.5033749292838874,0.0,0.0,1.5749999999999998e-09
451.0,1.1598627953624963,0.435787187,0.373814138,0.09475929029082346,1.0651035050716728,0.0,0.0,0.0,0.0,0.0,0.0,0.0,0.0,0.0,1.6213862879695118,0.0,0.0,1.5749999999999998e-09
452.0,1.141047594805935,0.364062008,0.351180041,0.07916308356246392,1.0618845112434712,0.0,0.0,0.0,0.0,0.0,0.0,0.0,0.0,0.0,1.4619408333888515,0.0,0.0,1.5749999999999998e-09
453.0,1.1311660547067295,0.253876163,0.320644783,0.05520383743553573,1.0759622172711938,0.0,0.0,0.0,0.0,0.0,0.0,0.0,0.0,0.0,1.2284154109537861,0.0,0.0,1.5749999999999998e-09
454.0,1.1385243647594057,0.132762845,0.309114113,0.02886847834099032,1.1096558864184156,0.0,0.0,0.0,0.0,0.0,0.0,0.0,0.0,0.0,1.1118542841238217,0.0,0.0,1.5749999999999998e-09
455.0,1.1768801392650639,0.042792848,0.327018409,0.009305046194492827,1.167575093070571,0.0,0.0,0.0,0.0,0.0,0.0,0.0,0.0,0.0,1.1826078684820158,0.0,0.0,1.5749999999999998e-09
456.0,1.226572651319946,0.004538324,0.343446676,0.0009868311280795206,1.2255858201918663,0.0,0.0,0.0,0.0,0.0,0.0,0.0,0.0,0.0,1.2426621558328463,0.0,0.0,1.5749999999999998e-09
457.0,1.2511352112045626,3.76e-07,0.341313145,8.175892777992487e-08,1.2511351294456348,0.0,0.0,0.0,0.0,0.0,0.0,0.0,0.0,0.0,1.201779800896796,0.0,0.0,1.5749999999999998e-09
458.0,1.2511507870319851,0.0,0.330331235,0.0,1.2511507870319851,0.0,0.0,0.0,0.0,0.0,0.0,0.0,0.0,0.0,1.122840458719637,0.0,0.0,1.5749999999999998e-09
459.0,1.2292805634632624,0.0,0.317773511,0.0,1.2292805634632624,0.0,0.0,0.0,0.0,0.0,0.0,0.0,0.0,0.0,1.0544620963725744,0.0,0.0,1.5749999999999998e-09
460.0,1.1856380189555238,0.0,0.301673416,0.0,1.1856380189555238,0.0,0.0,0.0,0.0,0.0,0.0,0.0,0.0,0.0,0.9823980998813386,0.0,0.0,1.5749999999999998e-09
461.0,1.1313440603061355,0.0,0.286974404,0.0,1.1313440603061355,0.0,0.0,0.0,0.0,0.0,0.0,0.0,0.0,0.0,0.9310546797064141,0.0,0.0,1.5749999999999998e-09
462.0,1.088885253684398,0.0,0.275837405,0.0,1.088885253684398,0.0,0.0,0.0,0.0,0.0,0.0,0.0,0.0,0.0,0.893475223734108,0.0,0.0,1.5749999999999998e-09
463.0,1.062609389780508,0.0,0.269333356,0.0,1.062609389780508,0.0,0.0,0.0,0.0,0.0,0.0,0.0,0.0,0.0,0.8730084434313747,0.0,0.0,1.5749999999999998e-09
464.0,1.0445084364540815,0.0,0.265481012,0.0,1.0445084364540815,0.0,0.0,0.0,0.0,0.0,0.0,0.0,0.0,0.0,0.8634237589414929,0.0,0.0,1.5749999999999998e-09
465.0,1.0355035733569937,0.0,0.262278825,0.0,1.0355035733569937,0.0,0.0,0.0,0.0,0.0,0.0,0.0,0.0,0.0,0.8494154670601854,0.0,0.0,1.5749999999999998e-09
466.0,1.0413733114721457,0.0,0.261157343,0.0,1.0413733114721457,0.0,0.0,0.0,0.0,0.0,0.0,0.0,0.0,0.0,0.8354859750732324,0.0,0.0,1.5749999999999998e-09
467.0,1.070139029935134,8.2e-08,0.258803541,1.7830404462643193e-08,1.0701390121047298,0.0,0.0,0.0,0.0,0.0,0.0,0.0,0.0,0.0,0.7898042073232517,0.0,0.0,1.5749999999999998e-09
468.0,1.1383218830026105,0.002826243,0.255200517,0.0006145494609721229,1.1377073335416383,0.0,0.0,0.0,0.0,0.0,0.0,0.0,0.0,0.0,0.696342035932272,0.0,0.0,1.5749999999999998e-09
469.0,1.1991575511798875,0.025638804,0.249011377,0.005575002990956514,1.1935825481889308,0.0,0.0,0.0,0.0,0.0,0.0,0.0,0.0,0.0,0.5959873333590762,0.0,0.0,1.5749999999999998e-09
470.0,1.2151624872984044,0.090484156,0.222062999,0.019675232913913446,1.195487254384491,0.0,0.0,0.0,0.0,0.0,0.0,0.0,0.0,0.0,0.4004127386372144,0.0,0.0,1.5749999999999998e-09
471.0,1.2057882630075172,0.198144567,0.170875696,0.04308533867908906,1.162702924328428,0.0,0.0,0.0,0.0,0.0,0.0,0.0,0.0,0.0,0.06532931554048876,0.0,0.0,1.5749999999999998e-09
472.0,1.1926136168194883,0.310707256,0.180241684,0.06756141517021975,1.1250522016492686,0.0,0.0,0.0,0.0,0.0,0.0,0.0,0.0,0.0,0.17029057735111963,0.0,0.0,1.5749999999999998e-09
473.0,1.1687786551599186,0.387961032,0.212286642,0.08435978190615191,1.0844188732537667,0.0,0.0,0.0,0.0,0.0,0.0,0.0,0.0,0.0,0.4412213820433401,0.0,0.0,1.5749999999999998e-09
474.0,1.1427252985052672,0.417046232,0.237156,0.09068418288026009,1.052041115625007,0.0,0.0,0.0,0.0,0.0,0.0,0.0,0.0,0.0,0.6523277366800793,0.0,0.0,1.5749999999999998e-09
475.0,1.1242750094774847,0.396220304,0.255557813,0.08615571069062733,1.0381192987868573,0.0,0.0,0.0,0.0,0.0,0.0,0.0,0.0,0.0,0.7984978495897719,0.0,0.0,1.5749999999999998e-09
476.0,1.1125422097445619,0.329812189,0.263495471,0.07171566739731365,1.0408265423472483,0.0,0.0,0.0,0.0,0.0,0.0,0.0,0.0,0.0,0.8528361669911539,0.0,0.0,1.5749999999999998e-09
477.0,1.1049168907928144,0.229975975,0.255248416,0.05000688598708193,1.0549100048057325,0.0,0.0,0.0,0.0,0.0,0.0,0.0,0.0,0.0,0.7794836003765575,0.0,0.0,1.5749999999999998e-09
478.0,1.1097764459564254,0.121628818,0.242212591,0.02644745145430752,1.083328994502118,0.0,0.0,0.0,0.0,0.0,0.0,0.0,0.0,0.0,0.6573800566562389,0.0,0.0,1.5749999999999998e-09
479.0,1.1423692873064553,0.037790935,0.261554798,0.008217410439895838,1.1341518768665595,0.0,0.0,0.0,0.0,0.0,0.0,0.0,0.0,0.0,0.7455637992375603,0.0,0.0,1.5749999999999998e-09
480.0,1.1810232213661054,0.003875243,0.29315742,0.0008426481717198389,1.1801805731943857,0.0,0.0,0.0,0.0,0.0,0.0,0.0,0.0,0.0,0.9266536433977315,0.0,0.0,1.5749999999999998e-09
481.0,1.1947697105047288,6.18e-07,0.308831102,1.3438036534040842e-07,1.1947695761243635,0.0,0.0,0.0,0.0,0.0,0.0,0.0,0.0,0.0,1.0247066794704982,0.0,0.0,1.5749999999999998e-09
482.0,1.1884838847134345,0.0,0.306136307,0.0,1.1884838847134345,0.0,0.0,0.0,0.0,0.0,0.0,0.0,0.0,0.0,1.011625689619526,0.0,0.0,1.5749999999999998e-09
483.0,1.1655923540306186,0.0,0.296415717,0.0,1.1655923540306186,0.0,0.0,0.0,0.0,0.0,0.0,0.0,0.0,0.0,0.9646582632359876,0.0,0.0,1.5749999999999998e-09
484.0,1.1184364230171782,0.0,0.284106704,0.0,1.1184364230171782,0.0,0.0,0.0,0.0,0.0,0.0,0.0,0.0,0.0,0.9233530194960234,0.0,0.0,1.5749999999999998e-09
485.0,1.0630722039389937,0.0,0.272119371,0.0,1.0630722039389937,0.0,0.0,0.0,0.0,0.0,0.0,0.0,0.0,0.0,0.8925678812422878,0.0,0.0,1.5749999999999998e-09
486.0,1.0157338176611264,0.0,0.261056368,0.0,1.0157338176611264,0.0,0.0,0.0,0.0,0.0,0.0,0.0,0.0,0.0,0.8603997919253661,0.0,0.0,1.5749999999999998e-09
487.0,0.987731297743126,0.0,0.250577827,0.0,0.987731297743126,0.0,0.0,0.0,0.0,0.0,0.0,0.0,0.0,0.0,0.8130961888778848,0.0,0.0,1.5749999999999998e-09
488.0,0.9702800655044824,0.0,0.24113894,0.0,0.9702800655044824,0.0,0.0,0.0,0.0,0.0,0.0,0.0,0.0,0.0,0.7627129787949031,0.0,0.0,1.5749999999999998e-09
489.0,0.9640031400431546,0.0,0.231734969,0.0,0.9640031400431546,0.0,0.0,0.0,0.0,0.0,0.0,0.0,0.0,0.0,0.7014063927263506,0.0,0.0,1.5749999999999998e-09
490.0,0.9705982505509179,0.0,0.224648984,0.0,0.9705982505509179,0.0,0.0,0.0,0.0,0.0,0.0,0.0,0.0,0.0,0.643886438985015,0.0,0.0,1.5749999999999998e-09
491.0,0.9996176279179904,1.74e-07,0.220618678,3.7835248493901405e-08,0.9996175900827419,0.0,0.0,0.0,0.0,0.0,0.0,0.0,0.0,0.0,0.5859025022612233,0.0,0.0,1.5749999999999998e-09
492.0,1.0697741184063554,0.003229546,0.215538341,0.0007022452611062373,1.069071873145249,0.0,0.0,0.0,0.0,0.0,0.0,0.0,0.0,0.0,0.479937364984557,0.0,0.0,1.5749999999999998e-09
493.0,1.135711874488926,0.028249247,0.204767306,0.006142628046037924,1.1295692464428881,0.0,0.0,0.0,0.0,0.0,0.0,0.0,0.0,0.0,0.3420318023048745,0.0,0.0,1.5749999999999998e-09
494.0,1.1546027273502404,0.092752847,0.181432324,0.020168546061849525,1.134434181288391,0.0,0.0,0.0,0.0,0.0,0.0,0.0,0.0,0.0,0.1694653693319795,0.0,0.0,1.5749999999999998e-09
495.0,1.1485438594731303,0.193807582,0.179647313,0.04214228749984007,1.1064015719732903,0.0,0.0,0.0,0.0,0.0,0.0,0.0,0.0,0.0,0.18466964139471484,0.0,0.0,1.5749999999999998e-09
496.0,1.139111783537423,0.29821459,0.20907235,0.0648449604434306,1.0742668230939922,0.0,0.0,0.0,0.0,0.0,0.0,0.0,0.0,0.0,0.4282732822300447,0.0,0.0,1.5749999999999998e-09
497.0,1.1240280260708568,0.36968901,0.230608276,0.0803866411426115,1.0436413849282455,0.0,0.0,0.0,0.0,0.0,0.0,0.0,0.0,0.0,0.6136709440795577,0.0,0.0,1.5749999999999998e-09
498.0,1.1072020387626071,0.396484623,0.234651198,0.086213185259861,1.0209888535027463,0.0,0.0,0.0,0.0,0.0,0.0,0.0,0.0,0.0,0.6653787400950272,0.0,0.0,1.5749999999999998e-09
499.0,1.0924653931648114,0.378058981,0.235669074,0.08220664075566753,1.010258752409144,0.0,0.0,0.0,0.0,0.0,0.0,0.0,0.0,0.0,0.6834240098957628,0.0,0.0,1.5749999999999998e-09
500.0,1.0826684057003255,0.316516737,0.234671661,0.06882465170617148,1.013843753994154,0.0,0.0,0.0,0.0,0.0,0.0,0.0,0.0,0.0,0.6726709010308011,0.0,0.0,1.5749999999999998e-09
501.0,1.0774506135054671,0.220866865,0.227643385,0.04802616506519526,1.029424448440272,0.0,0.0,0.0,0.0,0.0,0.0,0.0,0.0,0.0,0.6065801005793392,0.0,0.0,1.5749999999999998e-09
502.0,1.0828530857972627,0.116756453,0.230713111,0.02538798512943402,1.0574651006678286,0.0,0.0,0.0,0.0,0.0,0.0,0.0,0.0,0.0,0.6006006459580462,0.0,0.0,1.5749999999999998e-09
503.0,1.1175130185327922,0.041441709,0.244082368,0.009011249184062932,1.1085017693487293,0.0,0.0,0.0,0.0,0.0,0.0,0.0,0.0,0.0,0.6456448068123956,0.0,0.0,1.5749999999999998e-09
504.0,1.1586456819890643,0.004945681,0.259595646,0.0010754084460147517,1.1575702735430495,0.0,0.0,0.0,0.0,0.0,0.0,0.0,0.0,0.0,0.70806556631096,0.0,0.0,1.5749999999999998e-09
505.0,1.175387116662594,9.72e-07,0.274026819,2.1135552606938026e-07,1.1753869053070678,0.0,0.0,0.0,0.0,0.0,0.0,0.0,0.0,0.0,0.7939614350252178,0.0,0.0,1.5749999999999998e-09
506.0,1.1721006870711517,0.0,0.279223737,0.0,1.1721006870711517,0.0,0.0,0.0,0.0,0.0,0.0,0.0,0.0,0.0,0.8345963400630018,0.0,0.0,1.5749999999999998e-09
507.0,1.1430879852015354,0.0,0.282080122,0.0,1.1430879852015354,0.0,0.0,0.0,0.0,0.0,0.0,0.0,0.0,0.0,0.8841370219297143,0.0,0.0,1.5749999999999998e-09
508.0,1.103185785113683,0.0,0.291136015,0.0,1.103185785113683,0.0,0.0,0.0,0.0,0.0,0.0,0.0,0.0,0.0,0.9891212016386084,0.0,0.0,1.5749999999999998e-09
509.0,1.053195113504809,0.0,0.301452184,0.0,1.053195113504809,0.0,0.0,0.0,0.0,0.0,0.0,0.0,0.0,0.0,1.113251077478939,0.0,0.0,1.5749999999999998e-09
510.0,1.0092855610979239,0.0,0.308942105,0.0,1.0092855610979239,0.0,0.0,0.0,0.0,0.0,0.0,0.0,0.0,0.0,1.2109884396761128,0.0,0.0,1.5749999999999998e-09
511.0,0.9889684376089263,0.0,0.314664365,0.0,0.9889684376089263,0.0,0.0,0.0,0.0,0.0,0.0,0.0,0.0,0.0,1.2724297249353853,0.0,0.0,1.5749999999999998e-09
512.0,0.9653226077111642,0.0,0.321503148,0.0,0.9653226077111642,0.0,0.0,0.0,0.0,0.0,0.0,0.0,0.0,0.0,1.3452238316335385,0.0,0.0,1.5749999999999998e-09
513.0,0.9651156752894233,0.0,0.328709541,0.0,0.9651156752894233,0.0,0.0,0.0,0.0,0.0,0.0,0.0,0.0,0.0,1.3972209433746698,0.0,0.0,1.5749999999999998e-09
514.0,0.9728433475358237,0.0,0.336088786,0.0,0.9728433475358237,0.0,0.0,0.0,0.0,0.0,0.0,0.0,0.0,0.0,1.442525685790045,0.0,0.0,1.5749999999999998e-09
515.0,1.0000359414265683,1.78e-07,0.345605455,3.8705024321347415e-08,1.000035902721544,0.0,0.0,0.0,0.0,0.0,0.0,0.0,0.0,0.0,1.4837265687686445,0.0,0.0,1.5749999999999998e-09
516.0,1.0636863237069107,0.00279402,0.357751962,0.0006075427643501747,1.0630787809425606,0.0,0.0,0.0,0.0,0.0,0.0,0.0,0.0,0.0,1.5079769835493047,0.0,0.0,1.5749999999999998e-09
517.0,1.1302381995573982,0.024432198,0.365499887,0.005312633807943683,1.1249255657494546,0.0,0.0,0.0,0.0,0.0,0.0,0.0,0.0,0.0,1.5018122056914063,0.0,0.0,1.5749999999999998e-09
518.0,1.1613914192848322,0.083588627,0.377587819,0.018175841803500205,1.143215577481332,0.0,0.0,0.0,0.0,0.0,0.0,0.0,0.0,0.0,1.5703945260514087,0.0,0.0,1.5749999999999998e-09
519.0,1.1748976015142087,0.183607108,0.403934659,0.0399242560714172,1.1349733454427915,0.0,0.0,0.0,0.0,0.0,0.0,0.0,0.0,0.0,1.7679835739101928,0.0,0.0,1.5749999999999998e-09
520.0,1.181116674330792,0.288089035,0.427358455,0.06264321969881183,1.1184734546319803,0.0,0.0,0.0,0.0,0.0,0.0,0.0,0.0,0.0,1.952823242357448,0.0,0.0,1.5749999999999998e-09
521.0,1.1740565238321075,0.359612968,0.439699986,0.07819566670062882,1.0958608571314787,0.0,0.0,0.0,0.0,0.0,0.0,0.0,0.0,0.0,2.0641307116982475,0.0,0.0,1.5749999999999998e-09
522.0,1.1607861998468818,0.388523599,0.449863322,0.08448210870063162,1.0763040911462503,0.0,0.0,0.0,0.0,0.0,0.0,0.0,0.0,0.0,2.1567283171052525,0.0,0.0,1.5749999999999998e-09
523.0,1.1484882326608206,0.372134424,0.445192515,0.08091838163893603,1.0675698510218845,0.0,0.0,0.0,0.0,0.0,0.0,0.0,0.0,0.0,2.1318948719678983,0.0,0.0,1.5749999999999998e-09
524.0,1.1366063531509019,0.311231365,0.428661886,0.06767537950500647,1.0689309736458954,0.0,0.0,0.0,0.0,0.0,0.0,0.0,0.0,0.0,2.011733089960986,0.0,0.0,1.5749999999999998e-09
525.0,1.1276281910437136,0.217410387,0.4042909,0.04727457481207053,1.0803536162316432,0.0,0.0,0.0,0.0,0.0,0.0,0.0,0.0,0.0,1.8251635000563295,0.0,0.0,1.5749999999999998e-09
526.0,1.1288008037672377,0.116941389,0.405157006,0.025428198345040166,1.1033726054221975,0.0,0.0,0.0,0.0,0.0,0.0,0.0,0.0,0.0,1.8083689542245536,0.0,0.0,1.5749999999999998e-09
527.0,1.151294047433844,0.040800432,0.421518495,0.00887180737573866,1.1424222400581052,0.0,0.0,0.0,0.0,0.0,0.0,0.0,0.0,0.0,1.8869044206568557,0.0,0.0,1.5749999999999998e-09
528.0,1.1779125725415587,0.00475997,0.443556427,0.001035026711342045,1.1768775458302165,0.0,0.0,0.0,0.0,0.0,0.0,0.0,0.0,0.0,2.0108291047227307,0.0,0.0,1.5749999999999998e-09
529.0,1.1860941586164782,1.47e-06,0.460787495,3.196426165864084e-07,1.1860938389738616,0.0,0.0,0.0,0.0,0.0,0.0,0.0,0.0,0.0,2.1254473154126416,0.0,0.0,1.5749999999999998e-09
530.0,1.1781528804507306,0.0,0.471133294,0.0,1.1781528804507306,0.0,0.0,0.0,0.0,0.0,0.0,0.0,0.0,0.0,2.207740420066628,0.0,0.0,1.5749999999999998e-09
531.0,1.1588081117610476,0.0,0.470890028,0.0,1.1588081117610476,0.0,0.0,0.0,0.0,0.0,0.0,0.0,0.0,0.0,2.2253369091714608,0.0,0.0,1.5749999999999998e-09
532.0,1.1260372658115365,0.0,0.46801275,0.0,1.1260372658115365,0.0,0.0,0.0,0.0,0.0,0.0,0.0,0.0,0.0,2.2374296234160065,0.0,0.0,1.5749999999999998e-09
533.0,1.0851048582796248,0.0,0.465415906,0.0,1.0851048582796248,0.0,0.0,0.0,0.0,0.0,0.0,0.0,0.0,0.0,2.2596992940663077,0.0,0.0,1.5749999999999998e-09
534.0,1.050649632133401,0.0,0.46668264,0.0,1.050649632133401,0.0,0.0,0.0,0.0,0.0,0.0,0.0,0.0,0.0,2.303258156526838,0.0,0.0,1.5749999999999998e-09
535.0,1.0241757371376614,0.0,0.465837625,0.0,1.0241757371376614,0.0,0.0,0.0,0.0,0.0,0.0,0.0,0.0,0.0,2.323659182838123,0.0,0.0,1.5749999999999998e-09
536.0,1.0074966047738971,0.0,0.461816822,0.0,1.0074966047738971,0.0,0.0,0.0,0.0,0.0,0.0,0.0,0.0,0.0,2.311442013213092,0.0,0.0,1.5749999999999998e-09
537.0,0.9992749667141658,0.0,0.460874435,0.0,0.9992749667141658,0.0,0.0,0.0,0.0,0.0,0.0,0.0,0.0,0.0,2.312890999306956,0.0,0.0,1.5749999999999998e-09
538.0,0.9998801861521162,0.0,0.45682301,0.0,0.9998801861521162,0.0,0.0,0.0,0.0,0.0,0.0,0.0,0.0,0.0,2.2831694067751336,0.0,0.0,1.5749999999999998e-09
539.0,1.0114794819354656,3.9e-07,0.44801509,8.480314317598592e-08,1.0114793971323224,0.0,0.0,0.0,0.0,0.0,0.0,0.0,0.0,0.0,2.2082703235522056,0.0,0.0,1.5749999999999998e-09
540.0,1.0324952778271,0.002781552,0.437012231,0.0006048316730960254,1.031890446154004,0.0,0.0,0.0,0.0,0.0,0.0,0.0,0.0,0.0,2.108785035776688,0.0,0.0,1.5749999999999998e-09
541.0,1.0661917540934316,0.022864776,0.422920926,0.0049718073661919136,1.0612199467272398,0.0,0.0,0.0,0.0,0.0,0.0,0.0,0.0,0.0,1.978185563833,0.0,0.0,1.5749999999999998e-09
542.0,1.1033281903931476,0.083135446,0.413707502,0.018077300333685757,1.0852508900594617,0.0,0.0,0.0,0.0,0.0,0.0,0.0,0.0,0.0,1.8879405129568825,0.0,0.0,1.5749999999999998e-09
543.0,1.135407039437478,0.186406788,0.383024187,0.04053302956856321,1.0948740098689147,0.0,0.0,0.0,0.0,0.0,0.0,0.0,0.0,0.0,1.6578056356061257,0.0,0.0,1.5749999999999998e-09
544.0,1.1502460383299267,0.294711255,0.357957744,0.06408318141881922,1.0861628569111075,0.0,0.0,0.0,0.0,0.0,0.0,0.0,0.0,0.0,1.4863718009301357,0.0,0.0,1.5749999999999998e-09
545.0,1.1439179367212349,0.370220239,0.377771839,0.08050215367837107,1.0634157830428637,0.0,0.0,0.0,0.0,0.0,0.0,0.0,0.0,0.0,1.6515168168897196,0.0,0.0,1.5749999999999998e-09
546.0,1.125894860532072,0.400904674,0.40484463,0.08717429863883065,1.0387205618932414,0.0,0.0,0.0,0.0,0.0,0.0,0.0,0.0,0.0,1.870776045382043,0.0,0.0,1.5749999999999998e-09
547.0,1.1015525830641835,0.38519822,0.418721662,0.08375902513280747,1.017793557931376,0.0,0.0,0.0,0.0,0.0,0.0,0.0,0.0,0.0,1.9914331051014726,0.0,0.0,1.5749999999999998e-09
548.0,1.0762935766093658,0.327611037,0.416389552,0.07123704019678004,1.0050565364125856,0.0,0.0,0.0,0.0,0.0,0.0,0.0,0.0,0.0,1.9874099533834515,0.0,0.0,1.5749999999999998e-09
549.0,1.0616481591437454,0.237423239,0.397328502,0.05162624853903416,1.0100219106047112,0.0,0.0,0.0,0.0,0.0,0.0,0.0,0.0,0.0,1.8454585450524892,0.0,0.0,1.5749999999999998e-09
550.0,1.0615547061790593,0.134283374,0.388873014,0.029199108183272985,1.0323555979957864,0.0,0.0,0.0,0.0,0.0,0.0,0.0,0.0,0.0,1.7623578082161575,0.0,0.0,1.5749999999999998e-09
551.0,1.091693293289932,0.046064738,0.411906806,0.010016498902508407,1.0816767943874235,0.0,0.0,0.0,0.0,0.0,0.0,0.0,0.0,0.0,1.8785735479984906,0.0,0.0,1.5749999999999998e-09
552.0,1.1252940917590672,0.005351169,0.444561071,0.0011635793611946084,1.1241305123978726,0.0,0.0,0.0,0.0,0.0,0.0,0.0,0.0,0.0,2.0707962124574544,0.0,0.0,1.5749999999999998e-09
553.0,1.1445743323065491,2.16e-06,0.468534211,4.69678946820845e-07,1.1445738626276023,0.0,0.0,0.0,0.0,0.0,0.0,0.0,0.0,0.0,2.2226406099884777,0.0,0.0,1.5749999999999998e-09
554.0,1.1445787829714948,0.0,0.482849165,0.0,1.1445787829714948,0.0,0.0,0.0,0.0,0.0,0.0,0.0,0.0,0.0,2.32551295912029,0.0,0.0,1.5749999999999998e-09
555.0,1.1334133765241459,0.0,0.486878306,0.0,1.1334133765241456,0.0,0.0,0.0,0.0,0.0,0.0,0.0,0.0,0.0,2.365634590254956,0.0,0.0,1.5749999999999998e-09
556.0,1.1085548819180477,0.0,0.493105381,0.0,1.1085548819180477,0.0,0.0,0.0,0.0,0.0,0.0,0.0,0.0,0.0,2.4352452002238008,0.0,0.0,1.5749999999999998e-09
557.0,1.0749985850987451,0.0,0.501852086,0.0,1.0749985850987451,0.0,0.0,0.0,0.0,0.0,0.0,0.0,0.0,0.0,2.5316614354899536,0.0,0.0,1.5749999999999998e-09
558.0,1.0433981260403231,0.0,0.510225102,0.0,1.0433981260403231,0.0,0.0,0.0,0.0,0.0,0.0,0.0,0.0,0.0,2.623436242531358,0.0,0.0,1.5749999999999998e-09
559.0,1.024266965269837,0.0,0.509338044,0.0,1.024266965269837,0.0,0.0,0.0,0.0,0.0,0.0,0.0,0.0,0.0,2.6361923842199406,0.0,0.0,1.5749999999999998e-09
560.0,1.011009991279599,0.0,0.507775944,0.0,1.011009991279599,0.0,0.0,0.0,0.0,0.0,0.0,0.0,0.0,0.0,2.638223015279003,0.0,0.0,1.5749999999999998e-09
561.0,1.0069803876356875,0.0,0.506733792,0.0,1.0069803876356875,0.0,0.0,0.0,0.0,0.0,0.0,0.0,0.0,0.0,2.6347629859042794,0.0,0.0,1.5749999999999998e-09
562.0,1.0091743074733046,0.0,0.513348037,0.0,1.0091743074733046,0.0,0.0,0.0,0.0,0.0,0.0,0.0,0.0,0.0,2.6801036557861484,0.0,0.0,1.5749999999999998e-09
563.0,1.019138176374644,3.8e-07,0.519134653,8.262870360737089e-08,1.0191380937459404,0.0,0.0,0.0,0.0,0.0,0.0,0.0,0.0,0.0,2.7117265385020697,0.0,0.0,1.5749999999999998e-09
564.0,1.0436161826246162,0.00202996,0.528336002,0.00044140253467057526,1.0431747800899456,0.0,0.0,0.0,0.0,0.0,0.0,0.0,0.0,0.0,2.753817180308263,0.0,0.0,1.5749999999999998e-09
565.0,1.075261143332871,0.026268969,0.533313926,0.005712028562032141,1.069549114770839,0.0,0.0,0.0,0.0,0.0,0.0,0.0,0.0,0.0,2.7632176884090924,0.0,0.0,1.5749999999999998e-09
566.0,1.1018574181156315,0.102279084,0.520985386,0.022239968729129974,1.0796174493865016,0.0,0.0,0.0,0.0,0.0,0.0,0.0,0.0,0.0,2.664547844363361,0.0,0.0,1.5749999999999998e-09
567.0,1.1053708056212583,0.221508133,0.477821319,0.04816560491652392,1.0572052007047343,0.0,0.0,0.0,0.0,0.0,0.0,0.0,0.0,0.0,2.376752924204324,0.0,0.0,1.5749999999999998e-09
568.0,1.085380766508738,0.335795142,0.468443967,0.07301662437135004,1.012364142137388,0.0,0.0,0.0,0.0,0.0,0.0,0.0,0.0,0.0,2.3542017739896837,0.0,0.0,1.5749999999999998e-09
569.0,1.0547704639094884,0.413169161,0.510113712,0.0898411372209871,0.9649293266885013,0.0,0.0,0.0,0.0,0.0,0.0,0.0,0.0,0.0,2.701104515451387,0.0,0.0,1.5749999999999998e-09
570.0,1.0247231049307914,0.442740317,0.56740643,0.09627120639059586,0.9284518985401956,0.0,0.0,0.0,0.0,0.0,0.0,0.0,0.0,0.0,3.149327478281923,0.0,0.0,1.5749999999999998e-09
571.0,0.996037488437577,0.422203773,0.600240957,0.09180565900297552,0.9042318294346016,0.0,0.0,0.0,0.0,0.0,0.0,0.0,0.0,0.0,3.4095194186409126,0.0,0.0,1.5749999999999998e-09
572.0,0.9740938373966115,0.354313218,0.615180177,0.07704326809025205,0.8970505693063594,0.0,0.0,0.0,0.0,0.0,0.0,0.0,0.0,0.0,3.5240643602519484,0.0,0.0,1.5749999999999998e-09
573.0,0.9607233849492436,0.248567275,0.613622676,0.05404945182228118,0.9066739331269624,0.0,0.0,0.0,0.0,0.0,0.0,0.0,0.0,0.0,3.5032477051301165,0.0,0.0,1.5749999999999998e-09
574.0,0.9655317639654907,0.13270094,0.624640633,0.028855017472840805,0.9366767464926499,0.0,0.0,0.0,0.0,0.0,0.0,0.0,0.0,0.0,3.552427635303857,0.0,0.0,1.5749999999999998e-09
575.0,1.0038497123187724,0.046374461,0.66427423,0.010083846297159423,0.993765866021613,0.0,0.0,0.0,0.0,0.0,0.0,0.0,0.0,0.0,3.7801732584405334,0.0,0.0,1.5749999999999998e-09
576.0,1.0567129516753813,0.005996955,0.708168394,0.0013040016243203707,1.0554089500510608,0.0,0.0,0.0,0.0,0.0,0.0,0.0,0.0,0.0,4.033984330829524,0.0,0.0,1.5749999999999998e-09
577.0,1.0948795954191568,3.24e-06,0.732310512,7.045184202312674e-07,1.0948788909007365,0.0,0.0,0.0,0.0,0.0,0.0,0.0,0.0,0.0,4.168016531810011,0.0,0.0,1.5749999999999998e-09
578.0,1.104271620369977,0.0,0.737922302,0.0,1.104271620369977,0.0,0.0,0.0,0.0,0.0,0.0,0.0,0.0,0.0,4.198954049442581,0.0,0.0,1.5749999999999998e-09
579.0,1.0936357800559002,0.0,0.729780209,0.0,1.0936357800559002,0.0,0.0,0.0,0.0,0.0,0.0,0.0,0.0,0.0,4.151075115929426,0.0,0.0,1.5749999999999998e-09
580.0,1.064527400389087,0.0,0.714153249,0.0,1.064527400389087,0.0,0.0,0.0,0.0,0.0,0.0,0.0,0.0,0.0,4.067877233556832,0.0,0.0,1.5749999999999998e-09
581.0,1.0250190386523483,0.0,0.694770882,0.0,1.0250190386523483,0.0,0.0,0.0,0.0,0.0,0.0,0.0,0.0,0.0,3.968090352505086,0.0,0.0,1.5749999999999998e-09
582.0,0.9909465256947607,0.0,0.682041936,0.0,0.9909465256947607,0.0,0.0,0.0,0.0,0.0,0.0,0.0,0.0,0.0,3.9106837585243146,0.0,0.0,1.5749999999999998e-09
583.0,0.969639244746666,0.0,0.669006058,0.0,0.969639244746666,0.0,0.0,0.0,0.0,0.0,0.0,0.0,0.0,0.0,3.838306104553415,0.0,0.0,1.5749999999999998e-09
584.0,0.9575749099723202,0.0,0.662609038,0.0,0.9575749099723202,0.0,0.0,0.0,0.0,0.0,0.0,0.0,0.0,0.0,3.804396980357409,0.0,0.0,1.5749999999999998e-09
585.0,0.9564467988986288,0.0,0.658074572,0.0,0.9564467988986288,0.0,0.0,0.0,0.0,0.0,0.0,0.0,0.0,0.0,3.7729372479346828,0.0,0.0,1.5749999999999998e-09
586.0,0.9682463506063383,0.0,0.648510969,0.0,0.9682463506063383,0.0,0.0,0.0,0.0,0.0,0.0,0.0,0.0,0.0,3.6924069575190708,0.0,0.0,1.5749999999999998e-09
587.0,1.0042480003349066,1.09e-06,0.639203579,2.370139129790375e-07,1.0042477633209936,0.0,0.0,0.0,0.0,0.0,0.0,0.0,0.0,0.0,3.589516131876824,0.0,0.0,1.5749999999999998e-09
588.0,1.0764493318838178,0.004624319,0.630533016,0.0010055302211498256,1.075443801662668,0.0,0.0,0.0,0.0,0.0,0.0,0.0,0.0,0.0,3.4560073647441896,0.0,0.0,1.5749999999999998e-09
589.0,1.1445632071440721,0.03422413,0.604703113,0.007441830247342448,1.1371213768967294,0.0,0.0,0.0,0.0,0.0,0.0,0.0,0.0,0.0,3.208698044450919,0.0,0.0,1.5749999999999998e-09
590.0,1.1627976644200722,0.111872736,0.54813579,0.024326050380762236,1.13847161403931,0.0,0.0,0.0,0.0,0.0,0.0,0.0,0.0,0.0,2.80081546834377,0.0,0.0,1.5749999999999998e-09
591.0,1.1439490873761555,0.231096165,0.513958095,0.05025046453311862,1.0936986228430368,0.0,0.0,0.0,0.0,0.0,0.0,0.0,0.0,0.0,2.5999636438002636,0.0,0.0,1.5749999999999998e-09
592.0,1.1200518244067443,0.34824139,0.581401261,0.07572298578454961,1.0443288386221947,0.0,0.0,0.0,0.0,0.0,0.0,0.0,0.0,0.0,3.134027179944908,0.0,0.0,1.5749999999999998e-09
593.0,1.0916287661476558,0.427814211,0.628557285,0.09302561484142165,0.9986031513062341,0.0,0.0,0.0,0.0,0.0,0.0,0.0,0.0,0.0,3.518649030563299,0.0,0.0,1.5749999999999998e-09
594.0,1.0655442578381593,0.459511129,0.642794007,0.09991791811165623,0.965626339726503,0.0,0.0,0.0,0.0,0.0,0.0,0.0,0.0,0.0,3.6539408817613683,0.0,0.0,1.5749999999999998e-09
595.0,1.0430398900090008,0.441829712,0.647650861,0.09607320083625799,0.9469666891727426,0.0,0.0,0.0,0.0,0.0,0.0,0.0,0.0,0.0,3.7075052814161147,0.0,0.0,1.5749999999999998e-09
596.0,1.0256643090751856,0.374799604,0.631956621,0.08149790892388416,0.9441664001513014,0.0,0.0,0.0,0.0,0.0,0.0,0.0,0.0,0.0,3.597515787271199,0.0,0.0,1.5749999999999998e-09
597.0,1.0138402822100117,0.269621461,0.579544973,0.05862755733461923,0.9552127248753923,0.0,0.0,0.0,0.0,0.0,0.0,0.0,0.0,0.0,3.209802710075408,0.0,0.0,1.5749999999999998e-09
598.0,1.0169108800496716,0.150204461,0.512509609,0.03266105233808921,0.9842498277115823,0.0,0.0,0.0,0.0,0.0,0.0,0.0,0.0,0.0,2.6990026056515135,0.0,0.0,1.5749999999999998e-09
599.0,1.0487694476771985,0.052479955,0.491576786,0.011411449071113583,1.037357998606085,0.0,0.0,0.0,0.0,0.0,0.0,0.0,0.0,0.0,2.4954565309636623,0.0,0.0,1.5749999999999998e-09
600.0,1.0909011679226093,0.006483678,0.494419058,0.0014098365993358715,1.0894913313232735,0.0,0.0,0.0,0.0,0.0,0.0,0.0,0.0,0.0,2.46374975235676,0.0,0.0,1.5749999999999998e-09
601.0,1.1109535083449704,4.62e-06,0.490353199,1.0045910807001406e-06,1.1109525037538897,0.0,0.0,0.0,0.0,0.0,0.0,0.0,0.0,0.0,2.4130684740149952,0.0,0.0,1.5749999999999998e-09
602.0,1.1094693860724671,0.0,0.488283258,0.0,1.1094693860724671,0.0,0.0,0.0,0.0,0.0,0.0,0.0,0.0,0.0,2.3996755482207752,0.0,0.0,1.5749999999999998e-09
603.0,1.0864198752826886,0.0,0.487753262,0.0,1.0864198752826886,0.0,0.0,0.0,0.0,0.0,0.0,0.0,0.0,0.0,2.41891613714374,0.0,0.0,1.5749999999999998e-09
604.0,1.0433024482431263,0.0,0.482934169,0.0,1.0433024482431263,0.0,0.0,0.0,0.0,0.0,0.0,0.0,0.0,0.0,2.4274001920334873,0.0,0.0,1.5749999999999998e-09
605.0,0.9900364712053623,0.0,0.483744066,0.0,0.9900364712053623,0.0,0.0,0.0,0.0,0.0,0.0,0.0,0.0,0.0,2.486486655250708,0.0,0.0,1.5749999999999998e-09
606.0,0.945063334867062,0.0,0.483727669,0.0,0.9450633348670621,0.0,0.0,0.0,0.0,0.0,0.0,0.0,0.0,0.0,2.531341951281063,0.0,0.0,1.5749999999999998e-09
607.0,0.9143751551305487,0.0,0.482464958,0.0,0.9143751551305487,0.0,0.0,0.0,0.0,0.0,0.0,0.0,0.0,0.0,2.5529554067944353,0.0,0.0,1.5749999999999998e-09
608.0,0.8952907208424058,0.0,0.480661279,0.0,0.8952907208424058,0.0,0.0,0.0,0.0,0.0,0.0,0.0,0.0,0.0,2.559077342528223,0.0,0.0,1.5749999999999998e-09
609.0,0.8811348185251712,0.0,0.481390861,0.0,0.8811348185251712,0.0,0.0,0.0,0.0,0.0,0.0,0.0,0.0,0.0,2.5784765312729667,0.0,0.0,1.5749999999999998e-09
610.0,0.8877121283730013,0.0,0.483733667,0.0,0.8877121283730014,0.0,0.0,0.0,0.0,0.0,0.0,0.0,0.0,0.0,2.58873626359735,0.0,0.0,1.5749999999999998e-09
611.0,0.9178462658188531,1.8e-06,0.48135864,3.9139912235070416e-07,0.9178458744197309,0.0,0.0,0.0,0.0,0.0,0.0,0.0,0.0,0.0,2.5415339127411976,0.0,0.0,1.5749999999999998e-09
612.0,0.9852214176915839,0.002753629,0.476614848,0.0005987599854885818,0.9846226577060954,0.0,0.0,0.0,0.0,0.0,0.0,0.0,0.0,0.0,2.440664922946821,0.0,0.0,1.5749999999999998e-09
613.0,1.0510301194896021,0.028582306,0.470426399,0.0062150497128662585,1.044815069776736,0.0,0.0,0.0,0.0,0.0,0.0,0.0,0.0,0.0,2.335997988959474,0.0,0.0,1.5749999999999998e-09
614.0,1.0758552376083443,0.105334356,0.453169353,0.02290431916209813,1.0529509184462462,0.0,0.0,0.0,0.0,0.0,0.0,0.0,0.0,0.0,2.203840940382746,0.0,0.0,1.5749999999999998e-09
615.0,1.0762112488071565,0.226872412,0.385526492,0.04933203496799298,1.0268792138391636,0.0,0.0,0.0,0.0,0.0,0.0,0.0,0.0,0.0,1.7437837451551104,0.0,0.0,1.5749999999999998e-09
616.0,1.0735322634861748,0.345428936,0.320782349,0.07511143465829864,0.9984208288278762,0.0,0.0,0.0,0.0,0.0,0.0,0.0,0.0,0.0,1.3069454448690139,0.0,0.0,1.5749999999999998e-09
617.0,1.0616948856260886,0.424734176,0.341129521,0.09235587984374974,0.9693390057823389,0.0,0.0,0.0,0.0,0.0,0.0,0.0,0.0,0.0,1.4822562740931602,0.0,0.0,1.5749999999999998e-09
618.0,1.0459925587265848,0.455514388,0.384554287,0.09904885093406562,0.9469437077925191,0.0,0.0,0.0,0.0,0.0,0.0,0.0,0.0,0.0,1.816732306237026,0.0,0.0,1.5749999999999998e-09
619.0,1.0328779900158114,0.435620696,0.401425768,0.09472308782900161,0.9381549021868099,0.0,0.0,0.0,0.0,0.0,0.0,0.0,0.0,0.0,1.9467713720455426,0.0,0.0,1.5749999999999998e-09
620.0,1.0236528455019203,0.368258993,0.379856719,0.08007569258775227,0.943577152914168,0.0,0.0,0.0,0.0,0.0,0.0,0.0,0.0,0.0,1.7863388525944663,0.0,0.0,1.5749999999999998e-09
621.0,1.0177742070568019,0.263221717,0.318098557,0.05723597167635858,0.9605382353804434,0.0,0.0,0.0,0.0,0.0,0.0,0.0,0.0,0.0,1.3255404323066236,0.0,0.0,1.5749999999999998e-09
622.0,1.0239799308783222,0.140095547,0.283924956,0.030462930078356567,0.9935170007999655,0.0,0.0,0.0,0.0,0.0,0.0,0.0,0.0,0.0,1.0469662734941367,0.0,0.0,1.5749999999999998e-09
623.0,1.0537024303130522,0.043042832,0.294662944,0.009359403704604892,1.0443430266084475,0.0,0.0,0.0,0.0,0.0,0.0,0.0,0.0,0.0,1.0733109382168908,0.0,0.0,1.5749999999999998e-09
624.0,1.088943105329218,0.004210283,0.30480404,0.0009155005950267167,1.0880276047341912,0.0,0.0,0.0,0.0,0.0,0.0,0.0,0.0,0.0,1.1025073673211376,0.0,0.0,1.5749999999999998e-09
625.0,1.104794512005718,3.46e-06,0.315743705,7.52356090740798e-07,1.1047937596496271,0.0,0.0,0.0,0.0,0.0,0.0,0.0,0.0,0.0,1.1643612948858084,0.0,0.0,1.5749999999999998e-09
626.0,1.101750615155958,0.0,0.329527656,0.0,1.101750615155958,0.0,0.0,0.0,0.0,0.0,0.0,0.0,0.0,0.0,1.266465549982201,0.0,0.0,1.5749999999999998e-09
627.0,1.078939186442916,0.0,0.344599333,0.0,1.078939186442916,0.0,0.0,0.0,0.0,0.0,0.0,0.0,0.0,0.0,1.39759258880337,0.0,0.0,1.5749999999999998e-09
628.0,1.0354546220421401,0.0,0.356382653,0.0,1.0354546220421401,0.0,0.0,0.0,0.0,0.0,0.0,0.0,0.0,0.0,1.5257603304576988,0.0,0.0,1.5749999999999998e-09
629.0,0.9828005409397073,0.0,0.365304326,0.0,0.9828005409397073,0.0,0.0,0.0,0.0,0.0,0.0,0.0,0.0,0.0,1.6425317924050242,0.0,0.0,1.5749999999999998e-09
630.0,0.9382968942573487,0.0,0.371478037,0.0,0.9382968942573487,0.0,0.0,0.0,0.0,0.0,0.0,0.0,0.0,0.0,1.7314040434302338,0.0,0.0,1.5749999999999998e-09
631.0,0.9086589474573384,0.0,0.370947516,0.0,0.9086589474573383,0.0,0.0,0.0,0.0,0.0,0.0,0.0,0.0,0.0,1.7572292953463124,0.0,0.0,1.5749999999999998e-09
632.0,0.8899972763427942,0.0,0.367533992,0.0,0.8899972763427942,0.0,0.0,0.0,0.0,0.0,0.0,0.0,0.0,0.0,1.7513589960186335,0.0,0.0,1.5749999999999998e-09
633.0,0.889105022513329,0.0,0.359493787,0.0,0.889105022513329,0.0,0.0,0.0,0.0,0.0,0.0,0.0,0.0,0.0,1.6944687144361856,0.0,0.0,1.5749999999999998e-09
634.0,0.8977204979242489,0.0,0.34956231,0.0,0.8977204979242489,0.0,0.0,0.0,0.0,0.0,0.0,0.0,0.0,0.0,1.6144787005097554,0.0,0.0,1.5749999999999998e-09
635.0,0.9320221936285313,4.2e-07,0.338902934,9.132646188183096e-08,0.9320221023020695,0.0,0.0,0.0,0.0,0.0,0.0,0.0,0.0,0.0,1.5035713664037882,0.0,0.0,1.5749999999999998e-09
636.0,1.0017269951208876,0.003682869,0.329691213,0.0008008176079625642,1.000926177512925,0.0,0.0,0.0,0.0,0.0,0.0,0.0,0.0,0.0,1.3684654225978952,0.0,0.0,1.5749999999999998e-09
637.0,1.0735834396335389,0.035762978,0.318924749,0.0077764434454708565,1.065806996188068,0.0,0.0,0.0,0.0,0.0,0.0,0.0,0.0,0.0,1.2262092649430767,0.0,0.0,1.5749999999999998e-09
638.0,1.1007471077018733,0.123493618,0.299634724,0.026852940945062846,1.0738941667568105,0.0,0.0,0.0,0.0,0.0,0.0,0.0,0.0,0.0,1.0794904857699286,0.0,0.0,1.5749999999999998e-09
639.0,1.1107310010957316,0.249392561,0.251610026,0.05422890527566359,1.0565020958200682,0.0,0.0,0.0,0.0,0.0,0.0,0.0,0.0,0.0,0.7517434946017338,0.0,0.0,1.5749999999999998e-09
640.0,1.1087061865275543,0.36459311,0.205424437,0.07927856848284097,1.0294276180447133,0.0,0.0,0.0,0.0,0.0,0.0,0.0,0.0,0.0,0.4468960335816781,0.0,0.0,1.5749999999999998e-09
641.0,1.0887762248922892,0.442520495,0.206560286,0.09622340742511065,0.9925528174671785,0.0,0.0,0.0,0.0,0.0,0.0,0.0,0.0,0.0,0.49193383933943996,0.0,0.0,1.5749999999999998e-09
642.0,1.0670439559380853,0.473225876,0.237067088,0.10290010696669065,0.9641438489713946,0.0,0.0,0.0,0.0,0.0,0.0,0.0,0.0,0.0,0.7395860195281116,0.0,0.0,1.5749999999999998e-09
643.0,1.0462039408133466,0.450504297,0.258486835,0.09795943692278943,0.9482445038905571,0.0,0.0,0.0,0.0,0.0,0.0,0.0,0.0,0.0,0.909422644758114,0.0,0.0,1.5749999999999998e-09
644.0,1.0300476990853988,0.376939376,0.260426283,0.08196318941434559,0.9480845096710532,0.0,0.0,0.0,0.0,0.0,0.0,0.0,0.0,0.0,0.9235208685052929,0.0,0.0,1.5749999999999998e-09
645.0,1.01960099053313,0.264139627,0.242258696,0.057435565658801306,0.9621654248743288,0.0,0.0,0.0,0.0,0.0,0.0,0.0,0.0,0.0,0.7788749690539158,0.0,0.0,1.5749999999999998e-09
646.0,1.021786011040705,0.136302046,0.246294135,0.029638056210558508,0.9921479548301466,0.0,0.0,0.0,0.0,0.0,0.0,0.0,0.0,0.0,0.7778939256174237,0.0,0.0,1.5749999999999998e-09
647.0,1.050271370609635,0.041469527,0.291574767,0.009017298040054906,1.04125407256958,0.0,0.0,0.0,0.0,0.0,0.0,0.0,0.0,0.0,1.054206092861246,0.0,0.0,1.5749999999999998e-09
648.0,1.0947082643172819,0.004333127,0.344875189,0.000942212280463411,1.0937660520368184,0.0,0.0,0.0,0.0,0.0,0.0,0.0,0.0,0.0,1.3847482173235595,0.0,0.0,1.5749999999999998e-09
649.0,1.121582673161591,6.38e-06,0.384986895,1.3872924447763848e-06,1.1215812858691463,0.0,0.0,0.0,0.0,0.0,0.0,0.0,0.0,0.0,1.6452037517586124,0.0,0.0,1.5749999999999998e-09
650.0,1.1251984139618705,0.0,0.409207802,0.0,1.1251984139618703,0.0,0.0,0.0,0.0,0.0,0.0,0.0,0.0,0.0,1.8156549983449108,0.0,0.0,1.5749999999999998e-09
651.0,1.1102904372622,0.0,0.425961694,0.0,1.1102904372622,0.0,0.0,0.0,0.0,0.0,0.0,0.0,0.0,0.0,1.9509681584668153,0.0,0.0,1.5749999999999998e-09
652.0,1.0703526368544063,0.0,0.434625899,0.0,1.0703526368544063,0.0,0.0,0.0,0.0,0.0,0.0,0.0,0.0,0.0,2.053172994631604,0.0,0.0,1.5749999999999998e-09
653.0,1.0202840881082686,0.0,0.435786597,0.0,1.0202840881082686,0.0,0.0,0.0,0.0,0.0,0.0,0.0,0.0,0.0,2.111583130848153,0.0,0.0,1.5749999999999998e-09
654.0,0.9781256658730335,0.0,0.435937392,0.0,0.9781256658730336,0.0,0.0,0.0,0.0,0.0,0.0,0.0,0.0,0.0,2.154825271399953,0.0,0.0,1.5749999999999998e-09
655.0,0.9517763744969007,0.0,0.439371391,0.0,0.9517763744969007,0.0,0.0,0.0,0.0,0.0,0.0,0.0,0.0,0.0,2.2058536808858826,0.0,0.0,1.5749999999999998e-09
656.0,0.9351662189404337,0.0,0.442572131,0.0,0.9351662189404337,0.0,0.0,0.0,0.0,0.0,0.0,0.0,0.0,0.0,2.2454665922668995,0.0,0.0,1.5749999999999998e-09
657.0,0.9289716212813152,0.0,0.446671416,0.0,0.9289716212813152,0.0,0.0,0.0,0.0,0.0,0.0,0.0,0.0,0.0,2.281121518446997,0.0,0.0,1.5749999999999998e-09
658.0,0.9372088341685443,0.0,0.450670801,0.0,0.9372088341685443,0.0,0.0,0.0,0.0,0.0,0.0,0.0,0.0,0.0,2.3016266828235787,0.0,0.0,1.5749999999999998e-09
659.0,0.9738201540000087,1.88e-06,0.451663078,4.0879463889962436e-07,0.9738197452053697,0.0,0.0,0.0,0.0,0.0,0.0,0.0,0.0,0.0,2.272146968179249,0.0,0.0,1.5749999999999998e-09
660.0,1.0500644391878187,0.005636005,0.448761959,0.0012255152280912117,1.0488389239597276,0.0,0.0,0.0,0.0,0.0,0.0,0.0,0.0,0.0,2.176278319622607,0.0,0.0,1.5749999999999998e-09
661.0,1.1215003453593817,0.046711431,0.451551329,0.010157118387303042,1.1113432269720787,0.0,0.0,0.0,0.0,0.0,0.0,0.0,0.0,0.0,2.133820379955709,0.0,0.0,1.5749999999999998e-09
662.0,1.1404690763578844,0.137533318,0.440377413,0.029905788866211275,1.1105632874916733,0.0,0.0,0.0,0.0,0.0,0.0,0.0,0.0,0.0,2.054296745465085,0.0,0.0,1.5749999999999998e-09
663.0,1.1309123958026455,0.256611604,0.389250741,0.05579864255033692,1.0751137532523085,0.0,0.0,0.0,0.0,0.0,0.0,0.0,0.0,0.0,1.7223142633151591,0.0,0.0,1.5749999999999998e-09
664.0,1.1111114884519329,0.369081667,0.403520743,0.08025457807751936,1.0308569103744134,0.0,0.0,0.0,0.0,0.0,0.0,0.0,0.0,0.0,1.8691253191631299,0.0,0.0,1.5749999999999998e-09
665.0,1.0835517581998995,0.448425771,0.483661034,0.09750747400490992,0.9860442841949895,0.0,0.0,0.0,0.0,0.0,0.0,0.0,0.0,0.0,2.489882116247214,0.0,0.0,1.5749999999999998e-09
666.0,1.054005039532065,0.479628268,0.532754056,0.10429226841654907,0.949712771115516,0.0,0.0,0.0,0.0,0.0,0.0,0.0,0.0,0.0,2.8790304147435797,0.0,0.0,1.5749999999999998e-09
667.0,1.0316519753124882,0.456194731,0.566003099,0.09919678740800865,0.9324551879044795,0.0,0.0,0.0,0.0,0.0,0.0,0.0,0.0,0.0,3.1352388710430157,0.0,0.0,1.5749999999999998e-09
668.0,1.0138402822100117,0.38033112,0.576973057,0.08270070365036687,0.9311395785596448,0.0,0.0,0.0,0.0,0.0,0.0,0.0,0.0,0.0,3.2153922695489716,0.0,0.0,1.5749999999999998e-09
669.0,1.0031376899211484,0.266405119,0.556488003,0.0579281832035194,0.945209506717629,0.0,0.0,0.0,0.0,0.0,0.0,0.0,0.0,0.0,3.0541024187434993,0.0,0.0,1.5749999999999998e-09
670.0,1.007932717942483,0.143081322,0.547889781,0.031112168808654726,0.9768205491338283,0.0,0.0,0.0,0.0,0.0,0.0,0.0,0.0,0.0,2.9606985405483006,0.0,0.0,1.5749999999999998e-09
671.0,1.0330715714426402,0.0472833,0.57807553,0.010281467845469473,1.0227901035971707,0.0,0.0,0.0,0.0,0.0,0.0,0.0,0.0,0.0,3.1316648864168055,0.0,0.0,1.5749999999999998e-09
672.0,1.0683678732711157,0.005223162,0.615048909,0.001135745012608638,1.067232128258507,0.0,0.0,0.0,0.0,0.0,0.0,0.0,0.0,0.0,3.3529394176598983,0.0,0.0,1.5749999999999998e-09
673.0,1.0912060029740571,7.66e-06,0.627379918,1.6656207095591076e-06,1.0912043373533475,0.0,0.0,0.0,0.0,0.0,0.0,0.0,0.0,0.0,3.417586461955627,0.0,0.0,1.5749999999999998e-09
674.0,1.0946548633374076,0.0,0.632909648,0.0,1.0946548633374076,0.0,0.0,0.0,0.0,0.0,0.0,0.0,0.0,0.0,3.4538764425312025,0.0,0.0,1.5749999999999998e-09
675.0,1.077679796252162,0.0,0.632939696,0.0,1.077679796252162,0.0,0.0,0.0,0.0,0.0,0.0,0.0,0.0,0.0,3.471067455556142,0.0,0.0,1.5749999999999998e-09
676.0,1.037728644849456,0.0,0.620298148,0.0,1.037728644849456,0.0,0.0,0.0,0.0,0.0,0.0,0.0,0.0,0.0,3.420167603163373,0.0,0.0,1.5749999999999998e-09
677.0,0.9865275343646813,0.0,0.613813626,0.0,0.9865275343646813,0.0,0.0,0.0,0.0,0.0,0.0,0.0,0.0,0.0,3.424766404118189,0.0,0.0,1.5749999999999998e-09
678.0,0.9454682983806524,0.0,0.609529792,0.0,0.9454682983806524,0.0,0.0,0.0,0.0,0.0,0.0,0.0,0.0,0.0,3.4350390134174806,0.0,0.0,1.5749999999999998e-09
679.0,0.9201825909359348,0.0,0.607524558,0.0,0.9201825909359348,0.0,0.0,0.0,0.0,0.0,0.0,0.0,0.0,0.0,3.4459137071362833,0.0,0.0,1.5749999999999998e-09
680.0,0.9036614376792084,0.0,0.609607894,0.0,0.9036614376792084,0.0,0.0,0.0,0.0,0.0,0.0,0.0,0.0,0.0,3.477407169705385,0.0,0.0,1.5749999999999998e-09
681.0,0.8991934950342754,0.0,0.613363585,0.0,0.8991934950342754,0.0,0.0,0.0,0.0,0.0,0.0,0.0,0.0,0.0,3.5088661341219893,0.0,0.0,1.5749999999999998e-09
682.0,0.9101742203847625,0.0,0.611416449,0.0,0.9101742203847625,0.0,0.0,0.0,0.0,0.0,0.0,0.0,0.0,0.0,3.483891927899832,0.0,0.0,1.5749999999999998e-09
683.0,0.9436237142443912,6.34e-06,0.608874265,1.3785946865019248e-06,0.9436223356497047,0.0,0.0,0.0,0.0,0.0,0.0,0.0,0.0,0.0,3.4321739007354295,0.0,0.0,1.5749999999999998e-09
684.0,1.020097182178896,0.005377694,0.607108951,0.0011693470621503598,1.0189278351167457,0.0,0.0,0.0,0.0,0.0,0.0,0.0,0.0,0.0,3.3441816204315633,0.0,0.0,1.5749999999999998e-09
685.0,1.0907676639730357,0.035048369,0.591349696,0.0076210560369020155,1.0831466079361338,0.0,0.0,0.0,0.0,0.0,0.0,0.0,0.0,0.0,3.1667058211927164,0.0,0.0,1.5749999999999998e-09
686.0,1.1095272377172871,0.105193904,0.59520803,0.022873778723469018,1.0866534589938182,0.0,0.0,0.0,0.0,0.0,0.0,0.0,0.0,0.0,3.1909276562799738,0.0,0.0,1.5749999999999998e-09
687.0,1.0962569147319863,0.207277346,0.716035192,0.04507120628199069,1.0511857084499956,0.0,0.0,0.0,0.0,0.0,0.0,0.0,0.0,0.0,4.094743883882022,0.0,0.0,1.5749999999999998e-09
688.0,1.0778511263541117,0.309565764,0.762804785,0.06731320463301402,1.0105379217210977,0.0,0.0,0.0,0.0,0.0,0.0,0.0,0.0,0.0,4.471510670527372,0.0,0.0,1.5749999999999998e-09
689.0,1.05219605671567,0.38140015,0.733933956,0.0829331577635705,0.9692628989520995,0.0,0.0,0.0,0.0,0.0,0.0,0.0,0.0,0.0,4.305299727569901,0.0,0.0,1.5749999999999998e-09
690.0,1.0273731644293629,0.407982257,0.704586852,0.08871327629136634,0.9386598881379966,0.0,0.0,0.0,0.0,0.0,0.0,0.0,0.0,0.0,4.124993927462257,0.0,0.0,1.5749999999999998e-09
691.0,1.0087359684722832,0.386674454,0.677619319,0.08408002329502097,0.9246559451772622,0.0,0.0,0.0,0.0,0.0,0.0,0.0,0.0,0.0,3.945190320672154,0.0,0.0,1.5749999999999998e-09
692.0,0.9937812662901943,0.321256562,0.646612624,0.06985529800900254,0.9239259682811917,0.0,0.0,0.0,0.0,0.0,0.0,0.0,0.0,0.0,3.7230845052166757,0.0,0.0,1.5749999999999998e-09
693.0,0.981926087770175,0.223235419,0.602952818,0.04854119281899539,0.9333848949511796,0.0,0.0,0.0,0.0,0.0,0.0,0.0,0.0,0.0,3.399855682595994,0.0,0.0,1.5749999999999998e-09
694.0,0.9819038364452964,0.116938936,0.545863163,0.02542766495501398,0.9564761714902823,0.0,0.0,0.0,0.0,0.0,0.0,0.0,0.0,0.0,2.9664782240887217,0.0,0.0,1.5749999999999998e-09
695.0,1.0034536501350733,0.036272893,0.504750096,0.00788732138073389,0.9955663287543394,0.0,0.0,0.0,0.0,0.0,0.0,0.0,0.0,0.0,2.63192081818861,0.0,0.0,1.5749999999999998e-09
696.0,1.037532838590117,0.004888208,0.489886579,0.0010629112894820505,1.036469927300635,0.0,0.0,0.0,0.0,0.0,0.0,0.0,0.0,0.0,2.4841975928544318,0.0,0.0,1.5749999999999998e-09
697.0,1.0544901050154294,1.28e-05,0.47941756,2.7832826478272293e-06,1.0544873217327817,0.0,0.0,0.0,0.0,0.0,0.0,0.0,0.0,0.0,2.3909425072072614,0.0,0.0,1.5749999999999998e-09
698.0,1.0538248091001485,0.0,0.465105056,0.0,1.0538248091001485,0.0,0.0,0.0,0.0,0.0,0.0,0.0,0.0,0.0,2.288745357777404,0.0,0.0,1.5749999999999998e-09
699.0,1.0420853338697695,0.0,0.450321597,0.0,1.0420853338697695,0.0,0.0,0.0,0.0,0.0,0.0,0.0,0.0,0.0,2.1942405589901353,0.0,0.0,1.5749999999999998e-09
700.0,1.0142496953886229,0.0,0.435854062,0.0,1.0142496953886229,0.0,0.0,0.0,0.0,0.0,0.0,0.0,0.0,0.0,2.1181023742341143,0.0,0.0,1.5749999999999998e-09
701.0,0.9742985439859171,0.0,0.422618539,0.0,0.9742985439859171,0.0,0.0,0.0,0.0,0.0,0.0,0.0,0.0,0.0,2.062933802141874,0.0,0.0,1.5749999999999998e-09
702.0,0.8977049220968264,0.0,0.409724123,0.0,0.8977049220968264,0.0,0.0,0.0,0.0,0.0,0.0,0.0,0.0,0.0,2.046859133964239,0.0,0.0,1.5749999999999998e-09
703.0,0.911980978368647,0.0,0.392769484,0.0,0.911980978368647,0.0,0.0,0.0,0.0,0.0,0.0,0.0,0.0,0.0,1.9107351859516357,0.0,0.0,1.5749999999999998e-09
704.0,0.8939779286718523,0.0,0.374558012,0.0,0.8939779286718523,0.0,0.0,0.0,0.0,0.0,0.0,0.0,0.0,0.0,1.797857863102822,0.0,0.0,1.5749999999999998e-09
705.0,0.8445034732012633,0.0,0.360230801,0.0,0.8445034732012633,0.0,0.0,0.0,0.0,0.0,0.0,0.0,0.0,0.0,1.7443669617247426,0.0,0.0,1.5749999999999998e-09
706.0,0.8888335639492366,0.0,0.346725562,0.0,0.8888335639492366,0.0,0.0,0.0,0.0,0.0,0.0,0.0,0.0,0.0,1.6029787797012551,0.0,0.0,1.5749999999999998e-09
707.0,0.9050832586418708,2e-06,0.332208168,4.348879137230046e-07,0.905082823753957,0.0,0.0,0.0,0.0,0.0,0.0,0.0,0.0,0.0,1.4823973750204165,0.0,0.0,1.5749999999999998e-09
708.0,0.9353353242098732,0.004027871,0.3175584,0.0008758362079676962,0.9344594880019055,0.0,0.0,0.0,0.0,0.0,0.0,0.0,0.0,0.0,1.347737233767055,0.0,0.0,1.5749999999999998e-09
709.0,0.9721468999656976,0.03938017,0.298030821,0.008562979986678628,0.963583919979019,0.0,0.0,0.0,0.0,0.0,0.0,0.0,0.0,0.0,1.1782739640269204,0.0,0.0,1.5749999999999998e-09
710.0,0.997697391476976,0.118001263,0.323086162,0.02565866154137479,0.9720387299356011,0.0,0.0,0.0,0.0,0.0,0.0,0.0,0.0,0.0,1.3498843549688295,0.0,0.0,1.5749999999999998e-09
711.0,0.9973102286233189,0.218914681,0.31820717,0.04760167445171354,0.9497085541716054,0.0,0.0,0.0,0.0,0.0,0.0,0.0,0.0,0.0,1.337150682483379,0.0,0.0,1.5749999999999998e-09
712.0,0.9818126093130453,0.319081571,0.302304509,0.06938235935982438,0.912430249953221,0.0,0.0,0.0,0.0,0.0,0.0,0.0,0.0,0.0,1.2601413444866523,0.0,0.0,1.5749999999999998e-09
713.0,0.9598978840944897,0.388981108,0.303081556,0.08458159126789137,0.8753162928265984,0.0,0.0,0.0,0.0,0.0,0.0,0.0,0.0,0.0,1.3028397047216806,0.0,0.0,1.5749999999999998e-09
714.0,0.9358804671704929,0.413629719,0.303739165,0.08994128277487132,0.8459391843956215,0.0,0.0,0.0,0.0,0.0,0.0,0.0,0.0,0.0,1.3369428512735377,0.0,0.0,1.5749999999999998e-09
715.0,0.9130690384574512,0.389464082,0.301058538,0.0846866110455126,0.8283824274119387,0.0,0.0,0.0,0.0,0.0,0.0,0.0,0.0,0.0,1.3352347481505906,0.0,0.0,1.5749999999999998e-09
716.0,0.8957357343409584,0.319613935,0.294604871,0.069498118694475,0.8262376156464833,0.0,0.0,0.0,0.0,0.0,0.0,0.0,0.0,0.0,1.290998995992092,0.0,0.0,1.5749999999999998e-09
717.0,0.8863325842276611,0.216790076,0.277240705,0.047139691933745814,0.8391928922939152,0.0,0.0,0.0,0.0,0.0,0.0,0.0,0.0,0.0,1.1532526802115366,0.0,0.0,1.5749999999999998e-09
718.0,0.8865150404920128,0.109292958,0.263873459,0.023765093244617983,0.8627499472473947,0.0,0.0,0.0,0.0,0.0,0.0,0.0,0.0,0.0,1.033629248175041,0.0,0.0,1.5749999999999998e-09
719.0,0.908178331638995,0.036468071,0.281600535,0.007929761657346202,0.9002485699816488,0.0,0.0,0.0,0.0,0.0,0.0,0.0,0.0,0.0,1.1235297896063363,0.0,0.0,1.5749999999999998e-09
720.0,0.9455662010103596,0.00597054,0.301119856,0.001298257842199874,0.9442679431681598,0.0,0.0,0.0,0.0,0.0,0.0,0.0,0.0,0.0,1.2197899064202666,0.0,0.0,1.5749999999999998e-09
721.0,0.9633267189653967,1.8e-05,0.312480833,3.913991223507042e-06,0.9633228049741732,0.0,0.0,0.0,0.0,0.0,0.0,0.0,0.0,0.0,1.2823829697376083,0.0,0.0,1.5749999999999998e-09
722.0,0.9652603054013984,0.0,0.313654221,0.0,0.9652603054013984,0.0,0.0,0.0,0.0,0.0,0.0,0.0,0.0,0.0,1.2888782559945429,0.0,0.0,1.5749999999999998e-09
723.0,0.9537500129177143,0.0,0.314026693,0.0,0.9537500129177143,0.0,0.0,0.0,0.0,0.0,0.0,0.0,0.0,0.0,1.303065392729082,0.0,0.0,1.5749999999999998e-09
724.0,0.9292586556728301,0.0,0.314108249,0.0,0.9292586556728301,0.0,0.0,0.0,0.0,0.0,0.0,0.0,0.0,0.0,1.3281428684197094,0.0,0.0,1.5749999999999998e-09
725.0,0.8937754469150571,0.0,0.309420543,0.0,0.8937754469150571,0.0,0.0,0.0,0.0,0.0,0.0,0.0,0.0,0.0,1.3299369438847817,0.0,0.0,1.5749999999999998e-09
726.0,0.8572019542358941,0.0,0.301273732,0.0,0.8572019542358941,0.0,0.0,0.0,0.0,0.0,0.0,0.0,0.0,0.0,1.3079617558895515,0.0,0.0,1.5749999999999998e-09
727.0,0.8297312262836013,0.0,0.293156468,0.0,0.8297312262836013,0.0,0.0,0.0,0.0,0.0,0.0,0.0,0.0,0.0,1.2770961485708099,0.0,0.0,1.5749999999999998e-09
728.0,0.8106401164980022,0.0,0.284424287,0.0,0.8106401164980022,0.0,0.0,0.0,0.0,0.0,0.0,0.0,0.0,0.0,1.2334316995297705,0.0,0.0,1.5749999999999998e-09
729.0,0.8000042771838503,0.0,0.275012529,0.0,0.8000042771838503,0.0,0.0,0.0,0.0,0.0,0.0,0.0,0.0,0.0,1.1764280644868192,0.0,0.0,1.5749999999999998e-09
730.0,0.7976857527267017,0.0,0.271132654,0.0,0.7976857527267018,0.0,0.0,0.0,0.0,0.0,0.0,0.0,0.0,0.0,1.1508630941100302,0.0,0.0,1.5749999999999998e-09
731.0,0.8038425242334438,2.84e-06,0.27195796,6.175408374866665e-07,0.8038419066926064,0.0,0.0,0.0,0.0,0.0,0.0,0.0,0.0,0.0,1.1506381661726495,0.0,0.0,1.5749999999999998e-09
732.0,0.8203369765002705,0.006278102,0.275000593,0.0013651353404601115,0.8189718411598105,0.0,0.0,0.0,0.0,0.0,0.0,0.0,0.0,0.0,1.1573747200683608,0.0,0.0,1.5749999999999998e-09
733.0,0.8468998747956755,0.043205547,0.272310902,0.00939478509804561,0.8375050896976299,0.0,0.0,0.0,0.0,0.0,0.0,0.0,0.0,0.0,1.119511471181719,0.0,0.0,1.5749999999999998e-09
734.0,0.8730778360698582,0.107954499,0.270656697,0.02347405342356109,0.8496037826462972,0.0,0.0,0.0,0.0,0.0,0.0,0.0,0.0,0.0,1.095524504365524,0.0,0.0,1.5749999999999998e-09
735.0,0.8901619319472128,0.196515896,0.284493052,0.04273119401242348,0.8474307379347893,0.0,0.0,0.0,0.0,0.0,0.0,0.0,0.0,0.0,1.1971352714683516,0.0,0.0,1.5749999999999998e-09
736.0,0.8942360372409571,0.288346647,0.305163493,0.06269923587142684,0.8315368013695302,0.0,0.0,0.0,0.0,0.0,0.0,0.0,0.0,0.0,1.3615814512988451,0.0,0.0,1.5749999999999998e-09
737.0,0.8884108007756379,0.353212659,0.319075405,0.07680395818653253,0.8116068425891054,0.0,0.0,0.0,0.0,0.0,0.0,0.0,0.0,0.0,1.4814921379074053,0.0,0.0,1.5749999999999998e-09
738.0,0.8857073392972673,0.377249367,0.321498198,0.08203059508397705,0.8036767442132903,0.0,0.0,0.0,0.0,0.0,0.0,0.0,0.0,0.0,1.5068341209700213,0.0,0.0,1.5749999999999998e-09
739.0,0.8811637443475812,0.356442943,0.32176058,0.07750636392127894,0.8036573804263022,0.0,0.0,0.0,0.0,0.0,0.0,0.0,0.0,0.0,1.5087391452851235,0.0,0.0,1.5749999999999998e-09
740.0,0.8750292231657931,0.296820609,0.322579794,0.06454184769900084,0.8104873754667923,0.0,0.0,0.0,0.0,0.0,0.0,0.0,0.0,0.0,1.507796594901198,0.0,0.0,1.5749999999999998e-09
741.0,0.8721010296056733,0.210979532,0.31845487,0.04587622425486795,0.8262248053508053,0.0,0.0,0.0,0.0,0.0,0.0,0.0,0.0,0.0,1.4624145767135972,0.0,0.0,1.5749999999999998e-09
742.0,0.8788474457228678,0.121771602,0.3225159,0.02647849897224403,0.8523689467506238,0.0,0.0,0.0,0.0,0.0,0.0,0.0,0.0,0.0,1.4654558366541477,0.0,0.0,1.5749999999999998e-09
743.0,0.9067743123361902,0.051200962,0.330399957,0.01113333977239542,0.8956409725637948,0.0,0.0,0.0,0.0,0.0,0.0,0.0,0.0,0.0,1.478844157535127,0.0,0.0,1.5749999999999998e-09
744.0,0.9454438222232632,0.008093046,0.34861749,0.0017597839453021538,0.9436840382779611,0.0,0.0,0.0,0.0,0.0,0.0,0.0,0.0,0.0,1.5617250229508497,0.0,0.0,1.5749999999999998e-09
745.0,0.9672050169998772,2.22e-05,0.360301092,4.827255842325352e-06,0.9672001897440349,0.0,0.0,0.0,0.0,0.0,0.0,0.0,0.0,0.0,1.6221754054604265,0.0,0.0,1.5749999999999998e-09
746.0,0.9679125897324803,0.0,0.361934509,0.0,0.9679125897324804,0.0,0.0,0.0,0.0,0.0,0.0,0.0,0.0,0.0,1.633201882235064,0.0,0.0,1.5749999999999998e-09
747.0,0.9493109960951913,0.0,0.36640757,0.0,0.9493109960951913,0.0,0.0,0.0,0.0,0.0,0.0,0.0,0.0,0.0,1.683950020100037,0.0,0.0,1.5749999999999998e-09
748.0,0.9161930382769102,0.0,0.379053018,0.0,0.9161930382769102,0.0,0.0,0.0,0.0,0.0,0.0,0.0,0.0,0.0,1.8079470098409498,0.0,0.0,1.5749999999999998e-09
749.0,0.8707415109527767,0.0,0.39459619,0.0,0.8707415109527767,0.0,0.0,0.0,0.0,0.0,0.0,0.0,0.0,0.0,1.9651026400459741,0.0,0.0,1.5749999999999998e-09
750.0,0.829971534192773,0.0,0.417974963,0.0,0.829971534192773,0.0,0.0,0.0,0.0,0.0,0.0,0.0,0.0,0.0,2.173888827681145,0.0,0.0,1.5749999999999998e-09
751.0,0.8033663590800458,0.0,0.446730284,0.0,0.8033663590800457,0.0,0.0,0.0,0.0,0.0,0.0,0.0,0.0,0.0,2.40714984726095,0.0,0.0,1.5749999999999998e-09
752.0,0.7852498309261214,0.0,0.478876245,0.0,0.7852498309261214,0.0,0.0,0.0,0.0,0.0,0.0,0.0,0.0,0.0,2.6562897298980586,0.0,0.0,1.5749999999999998e-09
753.0,0.7796159510551205,0.0,0.504638287,0.0,0.7796159510551205,0.0,0.0,0.0,0.0,0.0,0.0,0.0,0.0,0.0,2.8470676582290415,0.0,0.0,1.5749999999999998e-09
754.0,0.7868607826506667,0.0,0.532398783,0.0,0.7868607826506667,0.0,0.0,0.0,0.0,0.0,0.0,0.0,0.0,0.0,3.0393291629983348,0.0,0.0,1.5749999999999998e-09
755.0,0.8208131416536685,1.52e-05,0.564358191,3.3051481442948353e-06,0.8208098365055242,0.0,0.0,0.0,0.0,0.0,0.0,0.0,0.0,0.0,3.2350627633175653,0.0,0.0,1.5749999999999998e-09
756.0,0.8943650905255848,0.004599922,0.593272608,0.0010002252409342756,0.8933648652846504,0.0,0.0,0.0,0.0,0.0,0.0,0.0,0.0,0.0,3.370306954112731,0.0,0.0,1.5749999999999998e-09
757.0,0.964630609806059,0.026294607,0.614519905,0.0057176033901981576,0.9589130064158609,0.0,0.0,0.0,0.0,0.0,0.0,0.0,0.0,0.0,3.4574567468414066,0.0,0.0,1.5749999999999998e-09
758.0,0.9893555994626588,0.084495346,0.647761034,0.018373002370621713,0.9709825970920372,0.0,0.0,0.0,0.0,0.0,0.0,0.0,0.0,0.0,3.6842811537155997,0.0,0.0,1.5749999999999998e-09
759.0,0.9974926848876704,0.186194204,0.704332905,0.040486804462437756,0.9570058804252327,0.0,0.0,0.0,0.0,0.0,0.0,0.0,0.0,0.0,4.104822894455257,0.0,0.0,1.5749999999999998e-09
760.0,1.003756259354086,0.285278587,0.738849464,0.062032104765138325,0.9417241545889478,0.0,0.0,0.0,0.0,0.0,0.0,0.0,0.0,0.0,4.3681647496930776,0.0,0.0,1.5749999999999998e-09
761.0,1.0011751776627367,0.353994221,0.760095362,0.07697390412034512,0.9242012735423916,0.0,0.0,0.0,0.0,0.0,0.0,0.0,0.0,0.0,4.538375510407241,0.0,0.0,1.5749999999999998e-09
762.0,0.9935342828835664,0.381048408,0.777425556,0.08285667359129614,0.9106776092922703,0.0,0.0,0.0,0.0,0.0,0.0,0.0,0.0,0.0,4.676446067242852,0.0,0.0,1.5749999999999998e-09
763.0,0.9854261242808895,0.366829349,0.793219225,0.07976482513948899,0.9056612991414005,0.0,0.0,0.0,0.0,0.0,0.0,0.0,0.0,0.0,4.794966726881891,0.0,0.0,1.5749999999999998e-09
764.0,0.9787753869608166,0.31439452,0.806795257,0.06836318844437274,0.9104121985164438,0.0,0.0,0.0,0.0,0.0,0.0,0.0,0.0,0.0,4.887782686783852,0.0,0.0,1.5749999999999998e-09
765.0,0.9729724018203761,0.232678069,0.802627103,0.05059443999825365,0.9223779618221224,0.0,0.0,0.0,0.0,0.0,0.0,0.0,0.0,0.0,4.845861654165103,0.0,0.0,1.5749999999999998e-09
766.0,0.9753354269274327,0.136127144,0.774548925,0.029600024827615517,0.9457354020998172,0.0,0.0,0.0,0.0,0.0,0.0,0.0,0.0,0.0,4.620714792524769,0.0,0.0,1.5749999999999998e-09
767.0,1.138531039256937,0.049338026,0.717000511,0.01072825559717568,1.1278027836597613,0.0,0.0,0.0,0.0,0.0,0.0,0.0,0.0,0.0,4.025064266025805,0.0,0.0,1.5749999999999998e-09
768.0,1.0285213009954979,0.00679426,0.687190852,0.0014773707783458307,1.0270439302171521,0.0,0.0,0.0,0.0,0.0,0.0,0.0,0.0,0.0,3.911590064865386,0.0,0.0,1.5749999999999998e-09
769.0,1.0437563620716457,2.26e-05,0.677958372,4.914233425069952e-06,1.0437514478382206,0.0,0.0,0.0,0.0,0.0,0.0,0.0,0.0,0.0,3.828531489959114,0.0,0.0,1.5749999999999998e-09
770.0,1.0479839978073315,0.0,0.669515666,0.0,1.0479839978073315,0.0,0.0,0.0,0.0,0.0,0.0,0.0,0.0,0.0,3.7636237509348276,0.0,0.0,1.5749999999999998e-09
771.0,1.026478685767387,0.0,0.660798104,0.0,1.026478685767387,0.0,0.0,0.0,0.0,0.0,0.0,0.0,0.0,0.0,3.7224785665047757,0.0,0.0,1.5749999999999998e-09
772.0,0.9854194487834335,0.0,0.65670168,0.0,0.9854194487834335,0.0,0.0,0.0,0.0,0.0,0.0,0.0,0.0,0.0,3.7340980361143634,0.0,0.0,1.5749999999999998e-09
773.0,0.9313146208959282,0.0,0.654735349,0.0,0.9313146208959282,0.0,0.0,0.0,0.0,0.0,0.0,0.0,0.0,0.0,3.7740714344376918,0.0,0.0,1.5749999999999998e-09
774.0,0.8830394791387628,0.0,0.649784458,0.0,0.8830394791387628,0.0,0.0,0.0,0.0,0.0,0.0,0.0,0.0,0.0,3.7867660114545285,0.0,0.0,1.5749999999999998e-09
775.0,0.8499014958280381,0.0,0.630816971,0.0,0.8499014958280381,0.0,0.0,0.0,0.0,0.0,0.0,0.0,0.0,0.0,3.6835903697703056,0.0,0.0,1.5749999999999998e-09
776.0,0.8271768445822265,0.0,0.609251329,0.0,0.8271768445822265,0.0,0.0,0.0,0.0,0.0,0.0,0.0,0.0,0.0,3.5513292373768155,0.0,0.0,1.5749999999999998e-09
777.0,0.816543230100585,0.0,0.578151669,0.0,0.816543230100585,0.0,0.0,0.0,0.0,0.0,0.0,0.0,0.0,0.0,3.3384589480091833,0.0,0.0,1.5749999999999998e-09
778.0,0.8205817340744632,0.0,0.542534331,0.0,0.8205817340744632,0.0,0.0,0.0,0.0,0.0,0.0,0.0,0.0,0.0,3.0784493469969743,0.0,0.0,1.5749999999999998e-09
779.0,0.8505156155959549,5.8e-06,0.508251394,1.2611749497967134e-06,0.8505143544210051,0.0,0.0,0.0,0.0,0.0,0.0,0.0,0.0,0.0,2.8021355683059768,0.0,0.0,1.5749999999999998e-09
780.0,0.9231508354809416,0.002971595,0.473677212,0.000646155374989856,0.9225046801059517,0.0,0.0,0.0,0.0,0.0,0.0,0.0,0.0,0.0,2.4816709940474033,0.0,0.0,1.5749999999999998e-09
781.0,0.9881162357642729,0.032673723,0.454354954,0.007104703614516677,0.9810115321497561,0.0,0.0,0.0,0.0,0.0,0.0,0.0,0.0,0.0,2.284300884521592,0.0,0.0,1.5749999999999998e-09
782.0,1.0106272790908875,0.119917399,0.455922222,0.02607531373509956,0.9845519653557878,0.0,0.0,0.0,0.0,0.0,0.0,0.0,0.0,0.0,2.2920239351085674,0.0,0.0,1.5749999999999998e-09
783.0,1.0176896544220821,0.243831622,0.442324949,0.05301971269563814,0.9646699417264439,0.0,0.0,0.0,0.0,0.0,0.0,0.0,0.0,0.0,2.214186446781693,0.0,0.0,1.5749999999999998e-09
784.0,1.0219818173000441,0.36151671,0.449001575,0.07860962389395225,0.9433721934060918,0.0,0.0,0.0,0.0,0.0,0.0,0.0,0.0,0.0,2.2834670983087544,0.0,0.0,1.5749999999999998e-09
785.0,1.0175450253100318,0.447135224,0.478302735,0.09722685235871417,0.9203181729513177,0.0,0.0,0.0,0.0,0.0,0.0,0.0,0.0,0.0,2.517099743973971,0.0,0.0,1.5749999999999998e-09
786.0,1.0032578438757342,0.484077815,0.503106022,0.1052597955224703,0.8979980483532639,0.0,0.0,0.0,0.0,0.0,0.0,0.0,0.0,0.0,2.717673633172472,0.0,0.0,1.5749999999999998e-09
787.0,0.9697571738687414,0.463540503,0.509995605,0.10079408113789108,0.8689630927308503,0.0,0.0,0.0,0.0,0.0,0.0,0.0,0.0,0.0,2.796221949918242,0.0,0.0,1.5749999999999998e-09
788.0,0.9898317646160567,0.390593355,0.49582866,0.08493216463500947,0.9048995999810474,0.0,0.0,0.0,0.0,0.0,0.0,0.0,0.0,0.0,2.6584718693647367,0.0,0.0,1.5749999999999998e-09
789.0,0.9824000280910626,0.277500772,0.447804519,0.06034086589580159,0.922059162195261,0.0,0.0,0.0,0.0,0.0,0.0,0.0,0.0,0.0,2.2961772480370812,0.0,0.0,1.5749999999999998e-09
790.0,0.9854194487834335,0.14967635,0.37095724,0.03254621779258712,0.9528732309908463,0.0,0.0,0.0,0.0,0.0,0.0,0.0,0.0,0.0,1.7130848952765156,0.0,0.0,1.5749999999999998e-09
791.0,1.0072785471896792,0.050598685,0.32040478,0.011002378278388745,0.9962761689112904,0.0,0.0,0.0,0.0,0.0,0.0,0.0,0.0,0.0,1.30637662992856,0.0,0.0,1.5749999999999998e-09
792.0,1.0393329210765454,0.00693218,0.313148426,0.001507360648876169,1.0378255604276692,0.0,0.0,0.0,0.0,0.0,0.0,0.0,0.0,0.0,1.2126780044105139,0.0,0.0,1.5749999999999998e-09
793.0,1.0581481216331066,2.76e-05,0.312647542,6.001453209377464e-06,1.0581421201798973,0.0,0.0,0.0,0.0,0.0,0.0,0.0,0.0,0.0,1.1887617419806478,0.0,0.0,1.5749999999999998e-09
794.0,1.0554201849972713,0.0,0.316572468,0.0,1.0554201849972713,0.0,0.0,0.0,0.0,0.0,0.0,0.0,0.0,0.0,1.219690939986067,0.0,0.0,1.5749999999999998e-09
795.0,1.0320324626686892,0.0,0.321625025,0.0,1.0320324626686892,0.0,0.0,0.0,0.0,0.0,0.0,0.0,0.0,0.0,1.2793898700230608,0.0,0.0,1.5749999999999998e-09
796.0,0.9888304829944072,0.0,0.321985936,0.0,0.9888304829944072,0.0,0.0,0.0,0.0,0.0,0.0,0.0,0.0,0.0,1.3251856085179263,0.0,0.0,1.5749999999999998e-09
797.0,0.9352863728950196,0.0,0.318267397,0.0,0.9352863728950195,0.0,0.0,0.0,0.0,0.0,0.0,0.0,0.0,0.0,1.3520056970969576,0.0,0.0,1.5749999999999998e-09
798.0,0.8894476837171537,0.0,0.320555997,0.0,0.8894476837171537,0.0,0.0,0.0,0.0,0.0,0.0,0.0,0.0,0.0,1.4142918662263544,0.0,0.0,1.5749999999999998e-09
799.0,0.8556577544861352,0.0,0.328736626,0.0,0.8556577544861352,0.0,0.0,0.0,0.0,0.0,0.0,0.0,0.0,0.0,1.506873515927712,0.0,0.0,1.5749999999999998e-09
800.0,0.8324213377669845,0.0,0.335400043,0.0,0.8324213377669845,0.0,0.0,0.0,0.0,0.0,0.0,0.0,0.0,0.0,1.5779979067429017,0.0,0.0,1.5749999999999998e-09
801.0,0.8219835285447573,0.0,0.325227611,0.0,0.8219835285447573,0.0,0.0,0.0,0.0,0.0,0.0,0.0,0.0,0.0,1.515329506326783,0.0,0.0,1.5749999999999998e-09
802.0,0.8264247711997155,0.0,0.305391106,0.0,0.8264247711997155,0.0,0.0,0.0,0.0,0.0,0.0,0.0,0.0,0.0,1.3683292676498222,0.0,0.0,1.5749999999999998e-09
803.0,0.8544005891278915,2.66e-05,0.287110473,5.784009252515962e-06,0.854394805118639,0.0,0.0,0.0,0.0,0.0,0.0,0.0,0.0,0.0,1.2089818218770112,0.0,0.0,1.5749999999999998e-09
804.0,0.9244703021490265,0.007066993,0.269867247,0.0015366749210325389,0.9229336272279939,0.0,0.0,0.0,0.0,0.0,0.0,0.0,0.0,0.0,1.0165211200443636,0.0,0.0,1.5749999999999998e-09
805.0,0.9944198612155756,0.044951616,0.250895264,0.009774457250358817,0.9846454039652168,0.0,0.0,0.0,0.0,0.0,0.0,0.0,0.0,0.0,0.8184634069122715,0.0,0.0,1.5749999999999998e-09
806.0,1.0237685487915604,0.127421363,0.220437112,0.02770700535940583,0.9960615434321546,0.0,0.0,0.0,0.0,0.0,0.0,0.0,0.0,0.0,0.5881536886719783,0.0,0.0,1.5749999999999998e-09
807.0,1.0373526081582005,0.243294548,0.188474001,0.0529029291999507,0.9844496789582499,0.0,0.0,0.0,0.0,0.0,0.0,0.0,0.0,0.0,0.3700562866243949,0.0,0.0,1.5749999999999998e-09
808.0,1.045545319395597,0.351855942,0.191670866,0.07650894827371126,0.9690363711218858,0.0,0.0,0.0,0.0,0.0,0.0,0.0,0.0,0.0,0.4084445018256338,0.0,0.0,1.5749999999999998e-09
809.0,1.042410194413661,0.425233212,0.243212844,0.09246439220620607,0.949945802207455,0.0,0.0,0.0,0.0,0.0,0.0,0.0,0.0,0.0,0.7979517664567828,0.0,0.0,1.5749999999999998e-09
810.0,1.0282320417714725,0.451645008,0.294150886,0.09820747763626488,0.9300245641352076,0.0,0.0,0.0,0.0,0.0,0.0,0.0,0.0,0.0,1.1839493938348384,0.0,0.0,1.5749999999999998e-09
811.0,1.0206044979872144,0.427985098,0.326232254,0.09306277318687783,0.9275417248003367,0.0,0.0,0.0,0.0,0.0,0.0,0.0,0.0,0.0,1.4169913771868845,0.0,0.0,1.5749999999999998e-09
812.0,1.0098195788960664,0.357687448,0.33650834,0.07777697401281285,0.9320426048832535,0.0,0.0,0.0,0.0,0.0,0.0,0.0,0.0,0.0,1.4863416368685458,0.0,0.0,1.5749999999999998e-09
813.0,1.0007857899765689,0.253172906,0.316570904,0.05505091845076517,0.9457348715258037,0.0,0.0,0.0,0.0,0.0,0.0,0.0,0.0,0.0,1.329365013459875,0.0,0.0,1.5749999999999998e-09
814.0,1.0019628523651138,0.139943591,0.299276511,0.03042988816444773,0.9715329642006661,0.0,0.0,0.0,0.0,0.0,0.0,0.0,0.0,0.0,1.1792773192201225,0.0,0.0,1.5749999999999998e-09
815.0,1.0199258510770215,0.051550967,0.298336421,0.01120944624451673,1.0087164048325048,0.0,0.0,0.0,0.0,0.0,0.0,0.0,0.0,0.0,1.1353377344706421,0.0,0.0,1.5749999999999998e-09
816.0,1.0507542112604888,0.007674218,0.314268893,0.0016687123277377646,1.0490854989327512,0.0,0.0,0.0,0.0,0.0,0.0,0.0,0.0,0.0,1.2094705252774731,0.0,0.0,1.5749999999999998e-09
817.0,1.073585665465974,3.66e-05,0.323460404,7.958448821130986e-06,1.0735777070171526,0.0,0.0,0.0,0.0,0.0,0.0,0.0,0.0,0.0,1.2510349425958422,0.0,0.0,1.5749999999999998e-09
818.0,1.0747293513671634,0.0,0.322804917,0.0,1.0747293513671634,0.0,0.0,0.0,0.0,0.0,0.0,0.0,0.0,0.0,1.2451725103008047,0.0,0.0,1.5749999999999998e-09
819.0,1.055827373343372,0.0,0.321673912,0.0,1.055827373343372,0.0,0.0,0.0,0.0,0.0,0.0,0.0,0.0,0.0,1.2559462955156377,0.0,0.0,1.5749999999999998e-09
820.0,1.0155602617267414,0.0,0.320650504,0.0,1.0155602617267414,0.0,0.0,0.0,0.0,0.0,0.0,0.0,0.0,0.0,1.288858481604768,0.0,0.0,1.5749999999999998e-09
821.0,0.9648775932126867,0.0,0.32130221,0.0,0.9648775932126867,0.0,0.0,0.0,0.0,0.0,0.0,0.0,0.0,0.0,1.3442247651539065,0.0,0.0,1.5749999999999998e-09
822.0,0.9184626104192803,0.0,0.320321692,0.0,0.9184626104192803,0.0,0.0,0.0,0.0,0.0,0.0,0.0,0.0,0.0,1.3835930599515445,0.0,0.0,1.5749999999999998e-09
823.0,0.8942093362510575,0.0,0.320302019,0.0,0.8942093362510575,0.0,0.0,0.0,0.0,0.0,0.0,0.0,0.0,0.0,1.4077049501850092,0.0,0.0,1.5749999999999998e-09
824.0,0.8757946475432165,0.0,0.322191655,0.0,0.8757946475432165,0.0,0.0,0.0,0.0,0.0,0.0,0.0,0.0,0.0,1.4396998845564408,0.0,0.0,1.5749999999999998e-09
825.0,0.8602747769080642,0.0,0.32094832,0.0,0.8602747769080642,0.0,0.0,0.0,0.0,0.0,0.0,0.0,0.0,0.0,1.4462842804535272,0.0,0.0,1.5749999999999998e-09
826.0,0.8671858476297525,0.0,0.321890753,0.0,0.8671858476297525,0.0,0.0,0.0,0.0,0.0,0.0,0.0,0.0,0.0,1.4461461922858725,0.0,0.0,1.5749999999999998e-09
827.0,0.9014274668567043,1.75e-05,0.331031852,3.8052692450762905e-06,0.9014236615874591,0.0,0.0,0.0,0.0,0.0,0.0,0.0,0.0,0.0,1.4776027078472895,0.0,0.0,1.5749999999999998e-09
828.0,0.9755112076943283,0.00508865,0.344803013,0.001106496191083284,0.9744047115032451,0.0,0.0,0.0,0.0,0.0,0.0,0.0,0.0,0.0,1.5035908506505513,0.0,0.0,1.5749999999999998e-09
829.0,1.051116897956757,0.035488175,0.340225492,0.0077166891937934445,1.0434002087629635,0.0,0.0,0.0,0.0,0.0,0.0,0.0,0.0,0.0,1.401698086557304,0.0,0.0,1.5749999999999998e-09
830.0,1.0796200581856197,0.108309734,0.341952883,0.023551297127576795,1.0560687610580428,0.0,0.0,0.0,0.0,0.0,0.0,0.0,0.0,0.0,1.4014437739025967,0.0,0.0,1.5749999999999998e-09
831.0,1.0848333997155324,0.218040709,0.352158841,0.04741163452184738,1.037421765193685,0.0,0.0,0.0,0.0,0.0,0.0,0.0,0.0,0.0,1.4934379206850585,0.0,0.0,1.5749999999999998e-09
832.0,1.081417914839613,0.322145419,0.377671263,0.07004857459216658,1.0113693402474464,0.0,0.0,0.0,0.0,0.0,0.0,0.0,0.0,0.0,1.7028404502192607,0.0,0.0,1.5749999999999998e-09
833.0,1.0693580297302883,0.394038834,0.408845323,0.08568136322205268,0.9836766665082356,0.0,0.0,0.0,0.0,0.0,0.0,0.0,0.0,0.0,1.9545717182335052,0.0,0.0,1.5749999999999998e-09
834.0,1.0484290113058843,0.422873637,0.440531199,0.0919513168816946,0.9564776944241897,0.0,0.0,0.0,0.0,0.0,0.0,0.0,0.0,0.0,2.2094875522666535,0.0,0.0,1.5749999999999998e-09
835.0,1.0306150923709725,0.404382125,0.473001345,0.08793044934406263,0.9426846430269099,0.0,0.0,0.0,0.0,0.0,0.0,0.0,0.0,0.0,2.4566337782502754,0.0,0.0,1.5749999999999998e-09
836.0,1.01575384315357,0.340519067,0.494379286,0.074043813315267,0.941710029838303,0.0,0.0,0.0,0.0,0.0,0.0,0.0,0.0,0.0,2.611245224438325,0.0,0.0,1.5749999999999998e-09
837.0,1.0048443194428907,0.246554441,0.492718645,0.05361177323281582,0.9512325462100748,0.0,0.0,0.0,0.0,0.0,0.0,0.0,0.0,0.0,2.5897881806025183,0.0,0.0,1.5749999999999998e-09
838.0,1.0056831712925565,0.143222944,0.462858728,0.03114296365671336,0.9745402076358431,0.0,0.0,0.0,0.0,0.0,0.0,0.0,0.0,0.0,2.3518862754417604,0.0,0.0,1.5749999999999998e-09
839.0,1.0274332409066935,0.054057638,0.430085503,0.011754506705306707,1.0156787342013867,0.0,0.0,0.0,0.0,0.0,0.0,0.0,0.0,0.0,2.0752164366615293,0.0,0.0,1.5749999999999998e-09
840.0,1.0637486260166764,0.007851972,0.438095087,0.001707363860845724,1.0620412621558306,0.0,0.0,0.0,0.0,0.0,0.0,0.0,0.0,0.0,2.086416380200622,0.0,0.0,1.5749999999999998e-09
841.0,1.0927924785412133,3.74e-05,0.456622467,8.132403986620187e-06,1.0927843461372266,0.0,0.0,0.0,0.0,0.0,0.0,0.0,0.0,0.0,2.1888240045581258,0.0,0.0,1.5749999999999998e-09
842.0,1.1008294355040826,0.0,0.46517437,0.0,1.1008294355040824,0.0,0.0,0.0,0.0,0.0,0.0,0.0,0.0,0.0,2.2422388702467377,0.0,0.0,1.5749999999999998e-09
843.0,1.0872142254825221,0.0,0.460681486,0.0,1.0872142254825221,0.0,0.0,0.0,0.0,0.0,0.0,0.0,0.0,0.0,2.2235650741009656,0.0,0.0,1.5749999999999998e-09
844.0,1.0514929346480126,0.0,0.453835682,0.0,1.0514929346480126,0.0,0.0,0.0,0.0,0.0,0.0,0.0,0.0,0.0,2.210087630319503,0.0,0.0,1.5749999999999998e-09
845.0,1.0042524509998523,0.0,0.448783192,0.0,1.0042524509998523,0.0,0.0,0.0,0.0,0.0,0.0,0.0,0.0,0.0,2.2210173877681028,0.0,0.0,1.5749999999999998e-09
846.0,0.9624700664557975,0.0,0.447342175,0.0,0.9624700664557975,0.0,0.0,0.0,0.0,0.0,0.0,0.0,0.0,0.0,2.252443616488809,0.0,0.0,1.5749999999999998e-09
847.0,0.9302955386143456,0.0,0.449818524,0.0,0.9302955386143456,0.0,0.0,0.0,0.0,0.0,0.0,0.0,0.0,0.0,2.302414919883217,0.0,0.0,1.5749999999999998e-09
848.0,0.9259410744265425,0.0,0.449923944,0.0,0.9259410744265425,0.0,0.0,0.0,0.0,0.0,0.0,0.0,0.0,0.0,2.307527005908165,0.0,0.0,1.5749999999999998e-09
849.0,0.9226435186726984,0.0,0.444739049,0.0,0.9226435186726984,0.0,0.0,0.0,0.0,0.0,0.0,0.0,0.0,0.0,2.2735622805454767,0.0,0.0,1.5749999999999998e-09
850.0,0.931768535724372,0.0,0.435764739,0.0,0.931768535724372,0.0,0.0,0.0,0.0,0.0,0.0,0.0,0.0,0.0,2.199941596359385,0.0,0.0,1.5749999999999998e-09
851.0,0.9691586299282472,8.28e-06,0.429465789,1.8004359628132393e-06,0.9691568294922844,0.0,0.0,0.0,0.0,0.0,0.0,0.0,0.0,0.0,2.1172846432186243,0.0,0.0,1.5749999999999998e-09
852.0,1.0472563995822848,0.004266768,0.421197107,0.0009277829169300384,1.0463286166653547,0.0,0.0,0.0,0.0,0.0,0.0,0.0,0.0,0.0,1.9806883251443093,0.0,0.0,1.5749999999999998e-09
853.0,1.1217228526086205,0.041928003,0.425928741,0.009116990875620939,1.1126058617329995,0.0,0.0,0.0,0.0,0.0,0.0,0.0,0.0,0.0,1.9484159106949395,0.0,0.0,1.5749999999999998e-09
854.0,1.1446210587888923,0.137813252,0.438711794,0.02996665882283135,1.114654399966061,0.0,0.0,0.0,0.0,0.0,0.0,0.0,0.0,0.0,2.0382353301376908,0.0,0.0,1.5749999999999998e-09
855.0,1.1384642872821504,0.270036111,0.435704252,0.058717720471331857,1.0797465668108184,0.0,0.0,0.0,0.0,0.0,0.0,0.0,0.0,0.0,2.0515288633941355,0.0,0.0,1.5749999999999998e-09
856.0,1.1214135678921515,0.394058631,0.423886324,0.08568566796006667,1.035727899932085,0.0,0.0,0.0,0.0,0.0,0.0,0.0,0.0,0.0,2.0106156357309466,0.0,0.0,1.5749999999999998e-09
857.0,1.0922072845957065,0.479389214,0.449138801,0.1042402875688855,0.987966997026821,0.0,0.0,0.0,0.0,0.0,0.0,0.0,0.0,0.0,2.2398584966821824,0.0,0.0,1.5749999999999998e-09
858.0,1.0582349001002613,0.51055512,0.496945962,0.11101712548869914,0.9472177746115622,0.0,0.0,0.0,0.0,0.0,0.0,0.0,0.0,0.0,2.6241834082030704,0.0,0.0,1.5749999999999998e-09
859.0,1.0285057251680754,0.485667219,0.533878067,0.1056054018172818,0.9229003233507934,0.0,0.0,0.0,0.0,0.0,0.0,0.0,0.0,0.0,2.913920791542559,0.0,0.0,1.5749999999999998e-09
860.0,1.0059034537092848,0.408794651,0.547738255,0.0888899264572569,0.9170135272520278,0.0,0.0,0.0,0.0,0.0,0.0,0.0,0.0,0.0,3.019416590636369,0.0,0.0,1.5749999999999998e-09
861.0,0.9877001470882054,0.291331807,0.521187478,0.06334834087369152,0.924351806214514,0.0,0.0,0.0,0.0,0.0,0.0,0.0,0.0,0.0,2.821265861964416,0.0,0.0,1.5749999999999998e-09
862.0,0.9851235150618768,0.157937339,0.489857341,0.03434251992833647,0.9507809951335404,0.0,0.0,0.0,0.0,0.0,0.0,0.0,0.0,0.0,2.5696764003082415,0.0,0.0,1.5749999999999998e-09
863.0,1.0078659659676965,0.054196248,0.507792045,0.011784646612167281,0.9960813193555293,0.0,0.0,0.0,0.0,0.0,0.0,0.0,0.0,0.0,2.6532674002480343,0.0,0.0,1.5749999999999998e-09
864.0,1.0500466385278857,0.007273369,0.555488499,0.0015815501350737882,1.048465088392812,0.0,0.0,0.0,0.0,0.0,0.0,0.0,0.0,0.0,2.943663702400189,0.0,0.0,1.5749999999999998e-09
865.0,1.0762023484771899,3.26e-05,0.597567743,7.088672993684975e-06,1.0761952598041962,0.0,0.0,0.0,0.0,0.0,0.0,0.0,0.0,0.0,3.2183444031663835,0.0,0.0,1.5749999999999998e-09
866.0,1.0831111943663676,0.0,0.623304399,0.0,1.0831111943663676,0.0,0.0,0.0,0.0,0.0,0.0,0.0,0.0,0.0,3.3963900755165004,0.0,0.0,1.5749999999999998e-09
867.0,1.0761378213349135,0.0,0.632500189,0.0,1.0761378213349135,0.0,0.0,0.0,0.0,0.0,0.0,0.0,0.0,0.0,3.4694508258369066,0.0,0.0,1.5749999999999998e-09
868.0,1.0518244696894354,0.0,0.638161732,0.0,1.0518244696894354,0.0,0.0,0.0,0.0,0.0,0.0,0.0,0.0,0.0,3.534451984433024,0.0,0.0,1.5749999999999998e-09
869.0,1.0111390455641514,0.0,0.645984475,0.0,1.0111390455641514,0.0,0.0,0.0,0.0,0.0,0.0,0.0,0.0,0.0,3.6313571099733584,0.0,0.0,1.5749999999999998e-09
870.0,0.9765970419506974,0.0,0.650620603,0.0,0.9765970419506974,0.0,0.0,0.0,0.0,0.0,0.0,0.0,0.0,0.0,3.6992175713045157,0.0,0.0,1.5749999999999998e-09
871.0,0.9514403887905323,0.0,0.649362569,0.0,0.9514403887905323,0.0,0.0,0.0,0.0,0.0,0.0,0.0,0.0,0.0,3.7153331124340303,0.0,0.0,1.5749999999999998e-09
872.0,0.9347924070816886,0.0,0.637669781,0.0,0.9347924070816886,0.0,0.0,0.0,0.0,0.0,0.0,0.0,0.0,0.0,3.6479485431477205,0.0,0.0,1.5749999999999998e-09
873.0,0.9276810804356402,0.0,0.62340392,0.0,0.9276810804356402,0.0,0.0,0.0,0.0,0.0,0.0,0.0,0.0,0.0,3.5525354169453744,0.0,0.0,1.5749999999999998e-09
874.0,0.9297481708212153,0.0,0.610688316,0.0,0.9297481708212153,0.0,0.0,0.0,0.0,0.0,0.0,0.0,0.0,0.0,3.459085104563113,0.0,0.0,1.5749999999999998e-09
875.0,0.9445827200486432,5.36e-05,0.602873689,1.1654996087776525e-05,0.9445710650525554,0.0,0.0,0.0,0.0,0.0,0.0,0.0,0.0,0.0,3.388100836168007,0.0,0.0,1.5749999999999998e-09
876.0,0.9762098800969649,0.009022545,0.599779205,0.0019618978857609635,0.9742479822112039,0.0,0.0,0.0,0.0,0.0,0.0,0.0,0.0,0.0,3.336184793102544,0.0,0.0,1.5749999999999998e-09
877.0,1.0141072901091583,0.053572986,0.595771902,0.011649122056725868,1.0024581680524325,0.0,0.0,0.0,0.0,0.0,0.0,0.0,0.0,0.0,3.279175325712677,0.0,0.0,1.5749999999999998e-09
878.0,1.04205863287987,0.148044009,0.574646443,0.03219127510659986,1.0098673577732702,0.0,0.0,0.0,0.0,0.0,0.0,0.0,0.0,0.0,3.1199438151977286,0.0,0.0,1.5749999999999998e-09
879.0,1.0474143796892474,0.27857656,0.516895485,0.06057478949526571,0.9868395901939817,0.0,0.0,0.0,0.0,0.0,0.0,0.0,0.0,0.0,2.72793281502086,0.0,0.0,1.5749999999999998e-09
880.0,1.0341195795466327,0.399334928,0.473184346,0.08683296685732314,0.9472866126893096,0.0,0.0,0.0,0.0,0.0,0.0,0.0,0.0,0.0,2.4533469817411615,0.0,0.0,1.5749999999999998e-09
881.0,1.0100265103178827,0.480528709,0.51472903,0.10448806387050939,0.9055384464473732,0.0,0.0,0.0,0.0,0.0,0.0,0.0,0.0,0.0,2.793664298198389,0.0,0.0,1.5749999999999998e-09
882.0,0.982424503248527,0.510100207,0.576534443,0.11091820740595142,0.8715062958425756,0.0,0.0,0.0,0.0,0.0,0.0,0.0,0.0,0.0,3.271873365352006,0.0,0.0,1.5749999999999998e-09
883.0,0.9568584369097505,0.487021141,0.613360108,0.10589980397424363,0.8509586329355069,0.0,0.0,0.0,0.0,0.0,0.0,0.0,0.0,0.0,3.5570760080673924,0.0,0.0,1.5749999999999998e-09
884.0,0.9335129913984909,0.414045642,0.624137125,0.09003172271774103,0.8434812686807498,0.0,0.0,0.0,0.0,0.0,0.0,0.0,0.0,0.0,3.6420045525392326,0.0,0.0,1.5749999999999998e-09
885.0,0.9205519521297342,0.300133398,0.607705425,0.06526219364740811,0.855289758482326,0.0,0.0,0.0,0.0,0.0,0.0,0.0,0.0,0.0,3.512106376326933,0.0,0.0,1.5749999999999998e-09
886.0,0.9211593964001951,0.167163805,0.594409121,0.036348759203224584,0.8848106371969705,0.0,0.0,0.0,0.0,0.0,0.0,0.0,0.0,0.0,3.387028959348953,0.0,0.0,1.5749999999999998e-09
887.0,0.9423954747085574,0.060317108,0.618746586,0.013115590629962575,0.929279884078595,0.0,0.0,0.0,0.0,0.0,0.0,0.0,0.0,0.0,3.5174657544399768,0.0,0.0,1.5749999999999998e-09
888.0,0.9836660927793481,0.009096213,0.670103747,0.0019779165471750368,0.9816881762321731,0.0,0.0,0.0,0.0,0.0,0.0,0.0,0.0,0.0,3.834145933803954,0.0,0.0,1.5749999999999998e-09
889.0,1.0119890225762946,4.12e-05,0.712024487,8.958691022693895e-06,1.011980063885272,0.0,0.0,0.0,0.0,0.0,0.0,0.0,0.0,0.0,4.1051257977471876,0.0,0.0,1.5749999999999998e-09
890.0,1.0216436057612406,0.0,0.741175541,0.0,1.0216436057612406,0.0,0.0,0.0,0.0,0.0,0.0,0.0,0.0,0.0,4.304962114400895,0.0,0.0,1.5749999999999998e-09
891.0,1.0160898288599383,0.0,0.763534431,0.0,1.0160898288599383,0.0,0.0,0.0,0.0,0.0,0.0,0.0,0.0,0.0,4.471202509764794,0.0,0.0,1.5749999999999998e-09
892.0,0.9980778788331772,0.0,0.775250597,0.0,0.9980778788331772,0.0,0.0,0.0,0.0,0.0,0.0,0.0,0.0,0.0,4.5734150214422655,0.0,0.0,1.5749999999999998e-09
893.0,0.9664106668000437,0.0,0.777341519,0.0,0.9664106668000437,0.0,0.0,0.0,0.0,0.0,0.0,0.0,0.0,0.0,4.620109061088446,0.0,0.0,1.5749999999999998e-09
894.0,0.9372666858133646,0.0,0.777406812,0.0,0.9372666858133646,0.0,0.0,0.0,0.0,0.0,0.0,0.0,0.0,0.0,4.649722283230623,0.0,0.0,1.5749999999999998e-09
895.0,0.9173901261578987,0.0,0.774865256,0.0,0.9173901261578987,0.0,0.0,0.0,0.0,0.0,0.0,0.0,0.0,0.0,4.651333444233772,0.0,0.0,1.5749999999999998e-09
896.0,0.9044468875490751,0.0,0.756675709,0.0,0.9044468875490751,0.0,0.0,0.0,0.0,0.0,0.0,0.0,0.0,0.0,4.533553878678503,0.0,0.0,1.5749999999999998e-09
897.0,0.8994182271160246,0.0,0.721185685,0.0,0.8994182271160245,0.0,0.0,0.0,0.0,0.0,0.0,0.0,0.0,0.0,4.283526409504206,0.0,0.0,1.5749999999999998e-09
898.0,0.9019570329899766,0.0,0.689007282,0.0,0.9019570329899766,0.0,0.0,0.0,0.0,0.0,0.0,0.0,0.0,0.0,4.049731098249321,0.0,0.0,1.5749999999999998e-09
899.0,0.914261676673419,5.26e-05,0.670628101,1.1437552130915021e-05,0.9142502391212881,0.0,0.0,0.0,0.0,0.0,0.0,0.0,0.0,0.0,3.905352245424367,0.0,0.0,1.5749999999999998e-09
900.0,0.9389621901726297,0.007416087,0.656472455,0.0016125833017091482,0.9373496068709206,0.0,0.0,0.0,0.0,0.0,0.0,0.0,0.0,0.0,3.7805205068864893,0.0,0.0,1.5749999999999998e-09
901.0,0.9706828031856376,0.046013701,0.634822927,0.010005401215282067,0.9606774019703554,0.0,0.0,0.0,0.0,0.0,0.0,0.0,0.0,0.0,3.601604064692708,0.0,0.0,1.5749999999999998e-09
902.0,1.0016669176436324,0.132874533,0.591044436,0.028892764221644263,0.972774153421988,0.0,0.0,0.0,0.0,0.0,0.0,0.0,0.0,0.0,3.2748844638874073,0.0,0.0,1.5749999999999998e-09
903.0,1.0110989945792646,0.263515408,0.52673268,0.057299833009493185,0.9537991615697714,0.0,0.0,0.0,0.0,0.0,0.0,0.0,0.0,0.0,2.8316702057799144,0.0,0.0,1.5749999999999998e-09
904.0,0.9972101011611011,0.392086409,0.560835252,0.08525682020457737,0.9119532809565237,0.0,0.0,0.0,0.0,0.0,0.0,0.0,0.0,0.0,3.1186010157236095,0.0,0.0,1.5749999999999998e-09
905.0,0.9756091103240354,0.481990044,0.679663068,0.10480582233520962,0.8708032879888258,0.0,0.0,0.0,0.0,0.0,0.0,0.0,0.0,0.0,4.013730787308926,0.0,0.0,1.5749999999999998e-09
906.0,0.955981758907708,0.516796672,0.753827508,0.11237431325253597,0.843607445655172,0.0,0.0,0.0,0.0,0.0,0.0,0.0,0.0,0.0,4.573924156522143,0.0,0.0,1.5749999999999998e-09
907.0,0.9404218372876687,0.495523976,0.80436493,0.10774869406118412,0.8326731432264847,0.0,0.0,0.0,0.0,0.0,0.0,0.0,0.0,0.0,4.948055712794704,0.0,0.0,1.5749999999999998e-09
908.0,0.9266886981440328,0.421377035,0.819226055,0.09162588982096775,0.8350628083230649,0.0,0.0,0.0,0.0,0.0,0.0,0.0,0.0,0.0,5.052468483901349,0.0,0.0,1.5749999999999998e-09
909.0,0.9191813083143606,0.307295457,0.803746441,0.06681954009564364,0.8523617682187169,0.0,0.0,0.0,0.0,0.0,0.0,0.0,0.0,0.0,4.923922193357073,0.0,0.0,1.5749999999999998e-09
910.0,0.9224232372558949,0.175543224,0.768708958,0.03817081322678504,0.8842524240291099,0.0,0.0,0.0,0.0,0.0,0.0,0.0,0.0,0.0,4.640227684014113,0.0,0.0,1.5749999999999998e-09
911.0,0.9455484003504264,0.066257383,0.759551976,0.01440726753080804,0.9311411328196184,0.0,0.0,0.0,0.0,0.0,0.0,0.0,0.0,0.0,4.527530499359962,0.0,0.0,1.5749999999999998e-09
912.0,0.9724806608395556,0.010293306,0.766534138,0.002238217185826243,0.9702424436537294,0.0,0.0,0.0,0.0,0.0,0.0,0.0,0.0,0.0,4.538607887081014,0.0,0.0,1.5749999999999998e-09
913.0,0.9810115836157558,7.26e-05,0.765648288,1.578643126814507e-05,0.9809957971844877,0.0,0.0,0.0,0.0,0.0,0.0,0.0,0.0,0.0,4.52148819600107,0.0,0.0,1.5749999999999998e-09
914.0,0.989702711331429,0.0,0.753817645,0.0,0.989702711331429,0.0,0.0,0.0,0.0,0.0,0.0,0.0,0.0,0.0,4.427758008430977,0.0,0.0,1.5749999999999998e-09
915.0,0.9884010443233525,0.0,0.733063441,0.0,0.9884010443233525,0.0,0.0,0.0,0.0,0.0,0.0,0.0,0.0,0.0,4.279905452682784,0.0,0.0,1.5749999999999998e-09
916.0,0.975079544190763,0.0,0.71284084,0.0,0.975079544190763,0.0,0.0,0.0,0.0,0.0,0.0,0.0,0.0,0.0,4.147893200951648,0.0,0.0,1.5749999999999998e-09
917.0,0.9569897160268134,0.0,0.708188955,0.0,0.9569897160268134,0.0,0.0,0.0,0.0,0.0,0.0,0.0,0.0,0.0,4.132551330577482,0.0,0.0,1.5749999999999998e-09
918.0,0.9196619241327042,0.0,0.698494447,0.0,0.9196619241327042,0.0,0.0,0.0,0.0,0.0,0.0,0.0,0.0,0.0,4.100207608895622,0.0,0.0,1.5749999999999998e-09
919.0,0.8947522533792421,0.0,0.690617154,0.0,0.8947522533792421,0.0,0.0,0.0,0.0,0.0,0.0,0.0,0.0,0.0,4.068505543788803,0.0,0.0,1.5749999999999998e-09
920.0,0.883110681778495,0.0,0.679564183,0.0,0.8831106817784949,0.0,0.0,0.0,0.0,0.0,0.0,0.0,0.0,0.0,4.000712736761848,0.0,0.0,1.5749999999999998e-09
921.0,0.8829082000217,0.0,0.647143161,0.0,0.8829082000216999,0.0,0.0,0.0,0.0,0.0,0.0,0.0,0.0,0.0,3.767915083347288,0.0,0.0,1.5749999999999998e-09
922.0,0.8965768120230596,0.0,0.60947712,0.0,0.8965768120230596,0.0,0.0,0.0,0.0,0.0,0.0,0.0,0.0,0.0,3.483551961951073,0.0,0.0,1.5749999999999998e-09
923.0,0.9378607800888378,3.66e-05,0.578981898,7.958448821130986e-06,0.9378528216400166,0.0,0.0,0.0,0.0,0.0,0.0,0.0,0.0,0.0,3.2231159626187855,0.0,0.0,1.5749999999999998e-09
924.0,1.0189846459327025,0.006548696,0.549992346,0.0014239743705230928,1.0175606715621794,0.0,0.0,0.0,0.0,0.0,0.0,0.0,0.0,0.0,2.9350689204726073,0.0,0.0,1.5749999999999998e-09
925.0,1.091573139335346,0.040854533,0.507699407,0.008883571311248823,1.0826895680240973,0.0,0.0,0.0,0.0,0.0,0.0,0.0,0.0,0.0,2.565993390132403,0.0,0.0,1.5749999999999998e-09
926.0,1.1109846599998159,0.124866197,0.436963988,0.02715139995392785,1.083833260045888,0.0,0.0,0.0,0.0,0.0,0.0,0.0,0.0,0.0,2.056495513951875,0.0,0.0,1.5749999999999998e-09
927.0,1.104140341252914,0.249465252,0.393834722,0.054244711494331806,1.0498956297585822,0.0,0.0,0.0,0.0,0.0,0.0,0.0,0.0,0.0,1.7804760797197052,0.0,0.0,1.5749999999999998e-09
928.0,1.093715883025599,0.369315187,0.409508878,0.08030535559032566,1.0134105274352734,0.0,0.0,0.0,0.0,0.0,0.0,0.0,0.0,0.0,1.929606627541213,0.0,0.0,1.5749999999999998e-09
929.0,1.0767497162703201,0.451828095,0.467787701,0.09824728879799477,0.9785024274723253,0.0,0.0,0.0,0.0,0.0,0.0,0.0,0.0,0.0,2.3833471022709865,0.0,0.0,1.5749999999999998e-09
930.0,1.0591805549096012,0.485611939,0.492978297,0.1055933815153465,0.9535871733942546,0.0,0.0,0.0,0.0,0.0,0.0,0.0,0.0,0.0,2.5892995942574424,0.0,0.0,1.5749999999999998e-09
931.0,1.045952507741698,0.467959028,0.493333266,0.10175486269738256,0.9441976450443155,0.0,0.0,0.0,0.0,0.0,0.0,0.0,0.0,0.0,2.6012401780608974,0.0,0.0,1.5749999999999998e-09
932.0,1.0329914684729413,0.401939499,0.480907224,0.08739931508148985,0.9455921533914514,0.0,0.0,0.0,0.0,0.0,0.0,0.0,0.0,0.0,2.510543442731375,0.0,0.0,1.5749999999999998e-09
933.0,1.0302079050247965,0.296702339,0.448285228,0.06451613060222283,0.9656917744225737,0.0,0.0,0.0,0.0,0.0,0.0,0.0,0.0,0.0,2.2559993468296144,0.0,0.0,1.5749999999999998e-09
934.0,1.0368475171823925,0.174838859,0.400052994,0.03801765331411029,0.9988298638682822,0.0,0.0,0.0,0.0,0.0,0.0,0.0,0.0,0.0,1.8762306964590698,0.0,0.0,1.5749999999999998e-09
935.0,1.0633169625131111,0.067026306,0.383270856,0.014574465190449852,1.0487424973226613,0.0,0.0,0.0,0.0,0.0,0.0,0.0,0.0,0.0,1.705709884074849,0.0,0.0,1.5749999999999998e-09
936.0,1.1050058940924796,0.009781128,0.381084744,0.0021268471748888324,1.1028790469175909,0.0,0.0,0.0,0.0,0.0,0.0,0.0,0.0,0.0,1.6358624049632704,0.0,0.0,1.5749999999999998e-09
937.0,1.134074221774481,6.96e-05,0.37129836,1.513409939756056e-05,1.1340590876750836,0.0,0.0,0.0,0.0,0.0,0.0,0.0,0.0,0.0,1.5343505654475897,0.0,0.0,1.5749999999999998e-09
938.0,1.135711874488926,0.0,0.359103775,0.0,1.135711874488926,0.0,0.0,0.0,0.0,0.0,0.0,0.0,0.0,0.0,1.4450589635045212,0.0,0.0,1.5749999999999998e-09
939.0,1.1159532429556112,0.0,0.350763621,0.0,1.1159532429556112,0.0,0.0,0.0,0.0,0.0,0.0,0.0,0.0,0.0,1.4048794163662965,0.0,0.0,1.5749999999999998e-09
940.0,1.0743733401683515,0.0,0.338062838,0.0,1.0743733401683515,0.0,0.0,0.0,0.0,0.0,0.0,0.0,0.0,0.0,1.355182611226765,0.0,0.0,1.5749999999999998e-09
941.0,1.0240288821931758,0.0,0.329255171,0.0,1.0240288821931758,0.0,0.0,0.0,0.0,0.0,0.0,0.0,0.0,0.0,1.3422290151941343,0.0,0.0,1.5749999999999998e-09
942.0,0.9819416625976729,0.0,0.327315162,0.0,0.9819416625976729,0.0,0.0,0.0,0.0,0.0,0.0,0.0,0.0,0.0,1.3703739735236709,0.0,0.0,1.5749999999999998e-09
943.0,0.9573479520581358,0.0,0.33006502,0.0,0.9573479520581358,0.0,0.0,0.0,0.0,0.0,0.0,0.0,0.0,0.0,1.4147300865470664,0.0,0.0,1.5749999999999998e-09
944.0,0.9407845239839367,0.0,0.333309168,0.0,0.9407845239839367,0.0,0.0,0.0,0.0,0.0,0.0,0.0,0.0,0.0,1.4546082306877692,0.0,0.0,1.5749999999999998e-09
945.0,0.9371242815338247,0.0,0.330597644,0.0,0.9371242815338247,0.0,0.0,0.0,0.0,0.0,0.0,0.0,0.0,0.0,1.4387815655838765,0.0,0.0,1.5749999999999998e-09
946.0,0.9471282014200513,0.0,0.321566623,0.0,0.9471282014200513,0.0,0.0,0.0,0.0,0.0,0.0,0.0,0.0,0.0,1.363874413660876,0.0,0.0,1.5749999999999998e-09
947.0,0.9833479077329128,4.46e-05,0.316895121,9.698000476023003e-06,0.9833382097324368,0.0,0.0,0.0,0.0,0.0,0.0,0.0,0.0,0.0,1.2940917253307767,0.0,0.0,1.5749999999999998e-09
948.0,1.0576096551698673,0.004977657,0.312828571,0.001082361433979355,1.0565272937358878,0.0,0.0,0.0,0.0,0.0,0.0,0.0,0.0,0.0,1.1916775694069808,0.0,0.0,1.5749999999999998e-09
949.0,1.127532513246517,0.039676954,0.303840033,0.008627513873971811,1.118904999372545,0.0,0.0,0.0,0.0,0.0,0.0,0.0,0.0,0.0,1.0647019442786783,0.0,0.0,1.5749999999999998e-09
950.0,1.15095361106253,0.13308751,0.286562065,0.02893907478324476,1.122014536279285,0.0,0.0,0.0,0.0,0.0,0.0,0.0,0.0,0.0,0.9374208473425735,0.0,0.0,1.5749999999999998e-09
951.0,1.1525378617971758,0.261558458,0.247391152,0.05687430605811307,1.0956635557390628,0.0,0.0,0.0,0.0,0.0,0.0,0.0,0.0,0.0,0.6822622559826443,0.0,0.0,1.5749999999999998e-09
952.0,1.1470686375305934,0.380104071,0.263491843,0.0826513332174054,1.0644173043131882,0.0,0.0,0.0,0.0,0.0,0.0,0.0,0.0,0.0,0.8292193316802592,0.0,0.0,1.5749999999999998e-09
953.0,1.1302003734050214,0.46170182,0.34518374,0.10039427063095711,1.0298061027740644,0.0,0.0,0.0,0.0,0.0,0.0,0.0,0.0,0.0,1.4509256298330688,0.0,0.0,1.5749999999999998e-09
954.0,1.1119392151391219,0.494105705,0.394950333,0.10744029960304219,1.0044989155360795,0.0,0.0,0.0,0.0,0.0,0.0,0.0,0.0,0.0,1.8338903547025889,0.0,0.0,1.5749999999999998e-09
955.0,1.0970512649318198,0.47566198,0.432686843,0.10342982305977678,0.993621441872043,0.0,0.0,0.0,0.0,0.0,0.0,0.0,0.0,0.0,2.115968777272406,0.0,0.0,1.5749999999999998e-09
956.0,1.0848423000454992,0.409600139,0.454269404,0.08906507495518134,0.9957772250903177,0.0,0.0,0.0,0.0,0.0,0.0,0.0,0.0,0.0,2.268920369458399,0.0,0.0,1.5749999999999998e-09
957.0,1.0782783401926561,0.30470539,0.450469547,0.06625634567862725,1.012021994514029,0.0,0.0,0.0,0.0,0.0,0.0,0.0,0.0,0.0,2.2253671705030156,0.0,0.0,1.5749999999999998e-09
958.0,1.0847666477407458,0.180041388,0.414756809,0.039148911805557,1.0456177359351888,0.0,0.0,0.0,0.0,0.0,0.0,0.0,0.0,0.0,1.9351147209330741,0.0,0.0,1.5749999999999998e-09
959.0,1.1102726366022668,0.069891342,0.400918728,0.015197449954840504,1.0950751866474264,0.0,0.0,0.0,0.0,0.0,0.0,0.0,0.0,0.0,1.786207143586576,0.0,0.0,1.5749999999999998e-09
960.0,1.1528115451937786,0.01187243,0.431073873,0.002581588156761206,1.1502299570370174,0.0,0.0,0.0,0.0,0.0,0.0,0.0,0.0,0.0,1.947768331784343,0.0,0.0,1.5749999999999998e-09
961.0,1.1783308860501365,0.000121448,0.453791528,2.6408133672915732e-05,1.1783044779164635,0.0,0.0,0.0,0.0,0.0,0.0,0.0,0.0,0.0,2.0829587655314414,0.0,0.0,1.5749999999999998e-09
962.0,1.1823004122167928,0.0,0.462084937,0.0,1.1823004122167928,0.0,0.0,0.0,0.0,0.0,0.0,0.0,0.0,0.0,2.1385650676452306,0.0,0.0,1.5749999999999998e-09
963.0,1.1627954395875617,0.0,0.462389232,0.0,1.1627954395875617,0.0,0.0,0.0,0.0,0.0,0.0,0.0,0.0,0.0,2.16025691692912,0.0,0.0,1.5749999999999998e-09
964.0,1.1215804483290805,0.0,0.462620353,0.0,1.1215804483290805,0.0,0.0,0.0,0.0,0.0,0.0,0.0,0.0,0.0,2.2031329053098063,0.0,0.0,1.5749999999999998e-09
965.0,1.0734988869988191,0.0,0.459421003,0.0,1.0734988869988191,0.0,0.0,0.0,0.0,0.0,0.0,0.0,0.0,0.0,2.228221700327505,0.0,0.0,1.5749999999999998e-09
966.0,1.034851628436625,0.0,0.450574485,0.0,1.034851628436625,0.0,0.0,0.0,0.0,0.0,0.0,0.0,0.0,0.0,2.2032916944285157,0.0,0.0,1.5749999999999998e-09
967.0,1.0076946358657468,0.0,0.441999116,0.0,1.0076946358657468,0.0,0.0,0.0,0.0,0.0,0.0,0.0,0.0,0.0,2.1688200888588343,0.0,0.0,1.5749999999999998e-09
968.0,0.9919344573214226,0.0,0.428990525,0.0,0.9919344573214226,0.0,0.0,0.0,0.0,0.0,0.0,0.0,0.0,0.0,2.09109143594717,0.0,0.0,1.5749999999999998e-09
969.0,0.9888371584918634,0.0,0.410739578,0.0,0.9888371584918634,0.0,0.0,0.0,0.0,0.0,0.0,0.0,0.0,0.0,1.9630246672774003,0.0,0.0,1.5749999999999998e-09
970.0,1.0008525419513556,0.0,0.391099759,0.0,1.0008525419513556,0.0,0.0,0.0,0.0,0.0,0.0,0.0,0.0,0.0,1.8098638109287144,0.0,0.0,1.5749999999999998e-09
971.0,1.0387254768060845,6.7e-05,0.380814934,1.4568745109720656e-05,1.0387109080609747,0.0,0.0,0.0,0.0,0.0,0.0,0.0,0.0,0.0,1.6980915004895878,0.0,0.0,1.5749999999999998e-09
972.0,1.1143511925609568,0.007653253,0.372507897,0.0016641536151821633,1.1126870389457746,0.0,0.0,0.0,0.0,0.0,0.0,0.0,0.0,0.0,1.5644151928530041,0.0,0.0,1.5749999999999998e-09
973.0,1.1827053757303831,0.053924975,0.36994729,0.011725659937657592,1.1709797157927255,0.0,0.0,0.0,0.0,0.0,0.0,0.0,0.0,0.0,1.4877202035459243,0.0,0.0,1.5749999999999998e-09
974.0,1.1972039382515176,0.156476312,0.355539614,0.03402482843637498,1.1631791098151425,0.0,0.0,0.0,0.0,0.0,0.0,0.0,0.0,0.0,1.391977174918001,0.0,0.0,1.5749999999999998e-09
975.0,1.1826786747404834,0.294294142,0.333690309,0.06399248271764083,1.1186861920228426,0.0,0.0,0.0,0.0,0.0,0.0,0.0,0.0,0.0,1.279445708395699,0.0,0.0,1.5749999999999998e-09
976.0,1.1657036076552378,0.420472917,0.384572186,0.09142929482557804,1.0742743128296597,0.0,0.0,0.0,0.0,0.0,0.0,0.0,0.0,0.0,1.6895303359301361,0.0,0.0,1.5749999999999998e-09
977.0,1.1378612926767104,0.505761864,0.420623127,0.109974860937809,1.0278864317389016,0.0,0.0,0.0,0.0,0.0,0.0,0.0,0.0,0.0,1.9950054884232133,0.0,0.0,1.5749999999999998e-09
978.0,1.1117078075599167,0.540182267,0.424668329,0.11745936956289654,0.9942484379970202,0.0,0.0,0.0,0.0,0.0,0.0,0.0,0.0,0.0,2.0577151324294025,0.0,0.0,1.5749999999999998e-09
979.0,1.094875144754211,0.517388584,0.423753834,0.11250302093992977,0.9823721238142813,0.0,0.0,0.0,0.0,0.0,0.0,0.0,0.0,0.0,2.0630192460623404,0.0,0.0,1.5749999999999998e-09
980.0,1.0815158184692448,0.443214849,0.419555115,0.09637439050633327,0.9851414279629116,0.0,0.0,0.0,0.0,0.0,0.0,0.0,0.0,0.0,2.030075011137421,0.0,0.0,1.5749999999999998e-09
981.0,1.0763581037516419,0.32749823,0.400967299,0.07121251099633837,1.0051455927553035,0.0,0.0,0.0,0.0,0.0,0.0,0.0,0.0,0.0,1.876485802648989,0.0,0.0,1.5749999999999998e-09
982.0,1.0798381147699128,0.191884815,0.377021363,0.04172419343523735,1.0381139213346755,0.0,0.0,0.0,0.0,0.0,0.0,0.0,0.0,0.0,1.6714252332758315,0.0,0.0,1.5749999999999998e-09
983.0,1.1070574096505568,0.076100295,0.387595837,0.0165475492631276,1.0905098603874293,0.0,0.0,0.0,0.0,0.0,0.0,0.0,0.0,0.0,1.6950248588097208,0.0,0.0,1.5749999999999998e-09
984.0,1.1523665316952256,0.013329821,0.432089797,0.0028984890224955477,1.14946804267273,0.0,0.0,0.0,0.0,0.0,0.0,0.0,0.0,0.0,1.9558313864187866,0.0,0.0,1.5749999999999998e-09
985.0,1.1811077740008251,0.000151804,0.469302479,3.3008862427403506e-05,1.1810747651383977,0.0,0.0,0.0,0.0,0.0,0.0,0.0,0.0,0.0,2.1916610185531886,0.0,0.0,1.5749999999999998e-09
986.0,1.1862944155407629,0.0,0.47878915,0.0,1.1862944155407629,0.0,0.0,0.0,0.0,0.0,0.0,0.0,0.0,0.0,2.254619219710412,0.0,0.0,1.5749999999999998e-09
987.0,1.171384214008582,0.0,0.480654333,0.0,1.171384214008582,0.0,0.0,0.0,0.0,0.0,0.0,0.0,0.0,0.0,2.2829339305489107,0.0,0.0,1.5749999999999998e-09
988.0,1.1320316065463705,0.0,0.478531877,0.0,1.1320316065463703,0.0,0.0,0.0,0.0,0.0,0.0,0.0,0.0,0.0,2.3070330850232654,0.0,0.0,1.5749999999999998e-09
989.0,1.0826439295429364,0.0,0.473192801,0.0,1.0826439295429364,0.0,0.0,0.0,0.0,0.0,0.0,0.0,0.0,0.0,2.3180504284298706,0.0,0.0,1.5749999999999998e-09
990.0,1.042483621885904,0.0,0.471146981,0.0,1.042483621885904,0.0,0.0,0.0,0.0,0.0,0.0,0.0,0.0,0.0,2.343508042984377,0.0,0.0,1.5749999999999998e-09
991.0,1.0172802422433955,0.0,0.475182218,0.0,1.0172802422433955,0.0,0.0,0.0,0.0,0.0,0.0,0.0,0.0,0.0,2.397711457432958,0.0,0.0,1.5749999999999998e-09
992.0,1.0005454820673971,0.0,0.480551706,0.0,1.0005454820673971,0.0,0.0,0.0,0.0,0.0,0.0,0.0,0.0,0.0,2.4530351131040145,0.0,0.0,1.5749999999999998e-09
993.0,0.9963378728240794,0.0,0.488846514,0.0,0.9963378728240794,0.0,0.0,0.0,0.0,0.0,0.0,0.0,0.0,0.0,2.5168550129537306,0.0,0.0,1.5749999999999998e-09
994.0,1.0051091035094515,0.0,0.495780235,0.0,1.0051091035094515,0.0,0.0,0.0,0.0,0.0,0.0,0.0,0.0,0.0,2.557914349924136,0.0,0.0,1.5749999999999998e-09
995.0,1.043387000877846,0.000140722,0.50227309,3.059914849746433e-05,1.0433564017293486,0.0,0.0,0.0,0.0,0.0,0.0,0.0,0.0,0.0,2.5663292479992235,0.0,0.0,1.5749999999999998e-09
996.0,1.1198003913350958,0.01074676,0.506243339,0.0023368180178409185,1.1174635733172549,0.0,0.0,0.0,0.0,0.0,0.0,0.0,0.0,0.0,2.5207550620051684,0.0,0.0,1.5749999999999998e-09
997.0,1.1818153467334283,0.06065954,0.509472884,0.013190050398998574,1.1686252963344297,0.0,0.0,0.0,0.0,0.0,0.0,0.0,0.0,0.0,2.4928031076850443,0.0,0.0,1.5749999999999998e-09
998.0,1.1874180759495088,0.168250272,0.568318432,0.036585004886704034,1.1508330710628047,0.0,0.0,0.0,0.0,0.0,0.0,0.0,0.0,0.0,2.9335005898678324,0.0,0.0,1.5749999999999998e-09
999.0,1.165732533477648,0.308537993,0.633863563,0.0670897220400265,1.0986428114376214,0.0,0.0,0.0,0.0,0.0,0.0,0.0,0.0,0.0,3.456743994666052,0.0,0.0,1.5749999999999998e-09
1000.0,1.141821919513325,0.435506653,0.649688711,0.09469828986782927,1.0471236296454958,0.0,0.0,0.0,0.0,0.0,0.0,0.0,0.0,0.0,3.621993756052699,0.0,0.0,1.5749999999999998e-09
1001.0,1.1126356627092482,0.518048946,0.659225052,0.11264661266617074,0.9999890500430775,0.0,0.0,0.0,0.0,0.0,0.0,0.0,0.0,0.0,3.7376631505674944,0.0,0.0,1.5749999999999998e-09
1002.0,1.0866045563795508,0.543894503,0.661849265,0.11826657284754023,0.9683379835320105,0.0,0.0,0.0,0.0,0.0,0.0,0.0,0.0,0.0,3.7881736467325187,0.0,0.0,1.5749999999999998e-09
1003.0,1.0672241873699264,0.513514642,0.670151682,0.1116606556627978,0.9555635317071285,0.0,0.0,0.0,0.0,0.0,0.0,0.0,0.0,0.0,3.860615072758552,0.0,0.0,1.5749999999999998e-09
1004.0,1.0533708942717046,0.434344593,0.678993187,0.09444560694331879,0.9589252873283858,0.0,0.0,0.0,0.0,0.0,0.0,0.0,0.0,0.0,3.9207945546750333,0.0,0.0,1.5749999999999998e-09
1005.0,1.0446152394137553,0.316411998,0.674732344,0.06880187684357376,0.9758133625701816,0.0,0.0,0.0,0.0,0.0,0.0,0.0,0.0,0.0,3.8732850821514395,0.0,0.0,1.5749999999999998e-09
1006.0,1.049221136673207,0.184021768,0.647923314,0.04001442138256939,1.0092067152906377,0.0,0.0,0.0,0.0,0.0,0.0,0.0,0.0,0.0,3.6472232930746915,0.0,0.0,1.5749999999999998e-09
1007.0,1.0730494228353207,0.072997209,0.608337568,0.015872801964806067,1.0571766208705147,0.0,0.0,0.0,0.0,0.0,0.0,0.0,0.0,0.0,3.3147625355759907,0.0,0.0,1.5749999999999998e-09
1008.0,1.1174952178728592,0.013565159,0.58784383,0.00294966184841542,1.1145455560244435,0.0,0.0,0.0,0.0,0.0,0.0,0.0,0.0,0.0,3.1101112684781036,0.0,0.0,1.5749999999999998e-09
1009.0,1.1473289709322085,0.000178139,0.583191131,3.8735249031351165e-05,1.1472902356831773,0.0,0.0,0.0,0.0,0.0,0.0,0.0,0.0,0.0,3.043929040308049,0.0,0.0,1.5749999999999998e-09
1010.0,1.146567996219806,0.0,0.569994605,0.0,1.146567996219806,0.0,0.0,0.0,0.0,0.0,0.0,0.0,0.0,0.0,2.949811815987943,0.0,0.0,1.5749999999999998e-09
1011.0,1.1305408097763356,0.0,0.556721012,0.0,1.1305408097763356,0.0,0.0,0.0,0.0,0.0,0.0,0.0,0.0,0.0,2.8704456812952217,0.0,0.0,1.5749999999999998e-09
1012.0,1.0917667207621748,0.0,0.550309942,0.0,1.0917667207621748,0.0,0.0,0.0,0.0,0.0,0.0,0.0,0.0,0.0,2.8631453382142737,0.0,0.0,1.5749999999999998e-09
1013.0,1.0449601254500902,0.0,0.549947454,0.0,1.0449601254500902,0.0,0.0,0.0,0.0,0.0,0.0,0.0,0.0,0.0,2.9073468412810244,0.0,0.0,1.5749999999999998e-09
1014.0,1.0008258409614559,0.0,0.554635124,0.0,1.0008258409614559,0.0,0.0,0.0,0.0,0.0,0.0,0.0,0.0,0.0,2.9851700003411854,0.0,0.0,1.5749999999999998e-09
1015.0,0.9771577607387398,0.0,0.563328517,0.0,0.9771577607387398,0.0,0.0,0.0,0.0,0.0,0.0,0.0,0.0,0.0,3.0713148816992177,0.0,0.0,1.5749999999999998e-09
1016.0,0.9583447840147644,0.0,0.564346239,0.0,0.9583447840147644,0.0,0.0,0.0,0.0,0.0,0.0,0.0,0.0,0.0,3.0974419203786385,0.0,0.0,1.5749999999999998e-09
1017.0,0.9494979020245639,0.0,0.550732656,0.0,0.9494979020245639,0.0,0.0,0.0,0.0,0.0,0.0,0.0,0.0,0.0,3.008452075347511,0.0,0.0,1.5749999999999998e-09
1018.0,0.956228741314411,0.0,0.53224979,0.0,0.956228741314411,0.0,0.0,0.0,0.0,0.0,0.0,0.0,0.0,0.0,2.8688904364501115,0.0,0.0,1.5749999999999998e-09
1019.0,0.9886702780549343,9.46e-05,0.5155585,2.0570198319098117e-05,0.9886497078566152,0.0,0.0,0.0,0.0,0.0,0.0,0.0,0.0,0.0,2.7165141882334347,0.0,0.0,1.5749999999999998e-09
1020.0,1.0588712701931322,0.008484219,0.495676111,0.0018448421502395382,1.0570264280428927,0.0,0.0,0.0,0.0,0.0,0.0,0.0,0.0,0.0,2.5052487175158054,0.0,0.0,1.5749999999999998e-09
1021.0,1.1186122037840738,0.057164148,0.490718306,0.012429998531736534,1.1061822052523371,0.0,0.0,0.0,0.0,0.0,0.0,0.0,0.0,0.0,2.4204626867272716,0.0,0.0,1.5749999999999998e-09
1022.0,1.1318669519418767,0.159614727,0.509888478,0.034707257812248475,1.0971596941296282,0.0,0.0,0.0,0.0,0.0,0.0,0.0,0.0,0.0,2.567255458986663,0.0,0.0,1.5749999999999998e-09
1023.0,1.1279107757702078,0.293261186,0.479001092,0.06376787267773701,1.0641429030924707,0.0,0.0,0.0,0.0,0.0,0.0,0.0,0.0,0.0,2.3782938955755917,0.0,0.0,1.5749999999999998e-09
1024.0,1.1185588018042745,0.415603851,0.45659136,0.09037054584831823,1.028188255955956,0.0,0.0,0.0,0.0,0.0,0.0,0.0,0.0,0.0,2.2531965380851746,0.0,0.0,1.5749999999999998e-09
1025.0,1.1034505691802439,0.500478931,0.460024371,0.10882611908245479,0.9946244500977891,0.0,0.0,0.0,0.0,0.0,0.0,0.0,0.0,0.0,2.3114323615942585,0.0,0.0,1.5749999999999998e-09
1026.0,1.0833581777729955,0.534289863,0.467943992,0.11617810192170999,0.9671800758512855,0.0,0.0,0.0,0.0,0.0,0.0,0.0,0.0,0.0,2.395792670307784,0.0,0.0,1.5749999999999998e-09
1027.0,1.0712181896939719,0.512665605,0.455662973,0.11147603769799598,0.9597421519959759,0.0,0.0,0.0,0.0,0.0,0.0,0.0,0.0,0.0,2.314970603869081,0.0,0.0,1.5749999999999998e-09
1028.0,1.0630499536140399,0.439858443,0.435592708,0.09564456030485957,0.9674053933091803,0.0,0.0,0.0,0.0,0.0,0.0,0.0,0.0,0.0,2.1630684037122934,0.0,0.0,1.5749999999999998e-09
1029.0,1.0582593752577256,0.327112278,0.40861967,0.07112858806629975,0.9871307871914258,0.0,0.0,0.0,0.0,0.0,0.0,0.0,0.0,0.0,1.9494958972997236,0.0,0.0,1.5749999999999998e-09
1030.0,1.058904646680488,0.194624679,0.365144132,0.04231996030465974,1.016584686375828,0.0,0.0,0.0,0.0,0.0,0.0,0.0,0.0,0.0,1.6075963808658902,0.0,0.0,1.5749999999999998e-09
1031.0,1.0696695402791923,0.078863913,0.338223403,0.017148481296301272,1.052521058982891,0.0,0.0,0.0,0.0,0.0,0.0,0.0,0.0,0.0,1.378188824780668,0.0,0.0,1.5749999999999998e-09
1032.0,1.096960036799644,0.014251852,0.343681234,0.0030989790914845157,1.0938610577081593,0.0,0.0,0.0,0.0,0.0,0.0,0.0,0.0,0.0,1.3760726161241525,0.0,0.0,1.5749999999999998e-09
1033.0,1.112766941826311,0.000191556,0.344841015,4.165269460056194e-05,1.1127252891317105,0.0,0.0,0.0,0.0,0.0,0.0,0.0,0.0,0.0,1.3655433819677807,0.0,0.0,1.5749999999999998e-09
1034.0,1.1103393885770536,0.0,0.336699057,0.0,1.1103393885770536,0.0,0.0,0.0,0.0,0.0,0.0,0.0,0.0,0.0,1.3094154788996064,0.0,0.0,1.5749999999999998e-09
1035.0,1.095151053983249,0.0,0.323797044,0.0,1.095151053983249,0.0,0.0,0.0,0.0,0.0,0.0,0.0,0.0,0.0,1.2318809260723242,0.0,0.0,1.5749999999999998e-09
1036.0,1.0665077143073567,0.0,0.311879725,0.0,1.0665077143073567,0.0,0.0,0.0,0.0,0.0,0.0,0.0,0.0,0.0,1.1748780779790535,0.0,0.0,1.5749999999999998e-09
1037.0,1.0291443210933813,0.0,0.302838961,0.0,1.0291443210933813,0.0,0.0,0.0,0.0,0.0,0.0,0.0,0.0,0.0,1.1472682191452583,0.0,0.0,1.5749999999999998e-09
1038.0,0.9934942318986794,0.0,0.294954363,0.0,0.9934942318986794,0.0,0.0,0.0,0.0,0.0,0.0,0.0,0.0,0.0,1.1262540736415043,0.0,0.0,1.5749999999999998e-09
1039.0,0.9659256013166794,0.0,0.290815156,0.0,0.9659256013166794,0.0,0.0,0.0,0.0,0.0,0.0,0.0,0.0,0.0,1.1240754682942296,0.0,0.0,1.5749999999999998e-09
1040.0,0.9498850638782965,0.0,0.289587372,0.0,0.9498850638782965,0.0,0.0,0.0,0.0,0.0,0.0,0.0,0.0,0.0,1.1312922913549093,0.0,0.0,1.5749999999999998e-09
1041.0,0.9432499023856461,0.0,0.292554752,0.0,0.9432499023856461,0.0,0.0,0.0,0.0,0.0,0.0,0.0,0.0,0.0,1.1592531205302368,0.0,0.0,1.5749999999999998e-09
1042.0,0.9467610640588375,0.0,0.296973683,0.0,0.9467610640588375,0.0,0.0,0.0,0.0,0.0,0.0,0.0,0.0,0.0,1.1874994870531919,0.0,0.0,1.5749999999999998e-09
1043.0,0.9636137523569869,0.000159687,0.299295678,3.472297313934272e-05,0.9635790293838475,0.0,0.0,0.0,0.0,0.0,0.0,0.0,0.0,0.0,1.1873690015018676,0.0,0.0,1.5749999999999998e-09
1044.0,0.9926642803789798,0.010638752,0.300298737,0.002313332330948221,0.9903509480480316,0.0,0.0,0.0,0.0,0.0,0.0,0.0,0.0,0.0,1.1678057662217187,0.0,0.0,1.5749999999999998e-09
1045.0,1.0296249359118002,0.060028529,0.301254656,0.01305284087033544,1.0165720950414647,0.0,0.0,0.0,0.0,0.0,0.0,0.0,0.0,0.0,1.1484545216086879,0.0,0.0,1.5749999999999998e-09
1046.0,1.0605000225776107,0.165241208,0.271315195,0.03593070210409453,1.0245693204735162,0.0,0.0,0.0,0.0,0.0,0.0,0.0,0.0,0.0,0.9252913936348373,0.0,0.0,1.5749999999999998e-09
1047.0,1.0806435901322233,0.304616364,0.23456129,0.06623698751292369,1.0144066026192997,0.0,0.0,0.0,0.0,0.0,0.0,0.0,0.0,0.0,0.6713148492204198,0.0,0.0,1.5749999999999998e-09
1048.0,1.081635972423831,0.431825256,0.237036214,0.0938977923373712,0.9877381800864597,0.0,0.0,0.0,0.0,0.0,0.0,0.0,0.0,0.0,0.7157698062597546,0.0,0.0,1.5749999999999998e-09
1049.0,1.0699231981833517,0.517706817,0.26368823,0.11257221878265367,0.957350979400698,0.0,0.0,0.0,0.0,0.0,0.0,0.0,0.0,0.0,0.9376970309024766,0.0,0.0,1.5749999999999998e-09
1050.0,1.0514996101454686,0.550224053,0.283837281,0.11964289524469296,0.9318567149007755,0.0,0.0,0.0,0.0,0.0,0.0,0.0,0.0,0.0,1.1079964655347447,0.0,0.0,1.5749999999999998e-09
1051.0,1.0304148364466126,0.528133141,0.299366624,0.11483935992873372,0.9155754765178787,0.0,0.0,0.0,0.0,0.0,0.0,0.0,0.0,0.0,1.2358824219343145,0.0,0.0,1.5749999999999998e-09
1052.0,1.0167618002726755,0.454440779,0.304580379,0.09881540114498351,0.917946399127692,0.0,0.0,0.0,0.0,0.0,0.0,0.0,0.0,0.0,1.2709811885819937,0.0,0.0,1.5749999999999998e-09
1053.0,1.0078681908002072,0.337385247,0.286513605,0.0733623830943753,0.9345058077058318,0.0,0.0,0.0,0.0,0.0,0.0,0.0,0.0,0.0,1.124581308469356,0.0,0.0,1.5749999999999998e-09
1054.0,1.0143453731858196,0.201395554,0.246215926,0.04379224615607436,0.9705531270297453,0.0,0.0,0.0,0.0,0.0,0.0,0.0,0.0,0.0,0.7989266888545421,0.0,0.0,1.5749999999999998e-09
1055.0,1.0395710041532067,0.081054379,0.229543638,0.017624784890711856,1.0219462192624948,0.0,0.0,0.0,0.0,0.0,0.0,0.0,0.0,0.0,0.6277148766068663,0.0,0.0,1.5749999999999998e-09
1056.0,1.086375373632856,0.014186116,0.244938793,0.003084685195536268,1.08329068843732,0.0,0.0,0.0,0.0,0.0,0.0,0.0,0.0,0.0,0.6770107566469414,0.0,0.0,1.5749999999999998e-09
1057.0,1.116987901064616,0.000209977,0.265708601,4.5658229729907666e-05,1.116942242834886,0.0,0.0,0.0,0.0,0.0,0.0,0.0,0.0,0.0,0.7926255662610682,0.0,0.0,1.5749999999999998e-09
1058.0,1.1244263140869912,0.0,0.29274081,0.0,1.1244263140869912,0.0,0.0,0.0,0.0,0.0,0.0,0.0,0.0,0.0,0.9794138517218491,0.0,0.0,1.5749999999999998e-09
1059.0,1.1184964994945088,0.0,0.325075737,0.0,1.1184964994945088,0.0,0.0,0.0,0.0,0.0,0.0,0.0,0.0,0.0,1.2177250626119527,0.0,0.0,1.5749999999999998e-09
1060.0,1.0987957206059384,0.0,0.357323834,0.0,1.0987957206059384,0.0,0.0,0.0,0.0,0.0,0.0,0.0,0.0,0.0,1.4691832167004473,0.0,0.0,1.5749999999999998e-09
1061.0,1.0669749791307883,0.0,0.38922138,0.0,1.0669749791307883,0.0,0.0,0.0,0.0,0.0,0.0,0.0,0.0,0.0,1.7302420287593845,0.0,0.0,1.5749999999999998e-09
1062.0,1.0337813690077535,0.0,0.421394066,0.0,1.0337813690077535,0.0,0.0,0.0,0.0,0.0,0.0,0.0,0.0,0.0,1.9946510579036205,0.0,0.0,1.5749999999999998e-09
1063.0,1.0110455925994652,0.0,0.454567208,0.0,1.0110455925994652,0.0,0.0,0.0,0.0,0.0,0.0,0.0,0.0,0.0,2.2557922297389426,0.0,0.0,1.5749999999999998e-09
1064.0,0.9951140839531913,0.0,0.491019014,0.0,0.9951140839531912,0.0,0.0,0.0,0.0,0.0,0.0,0.0,0.0,0.0,2.5336919059907905,0.0,0.0,1.5749999999999998e-09
1065.0,0.9875577428086656,0.0,0.52533731,0.0,0.9875577428086656,0.0,0.0,0.0,0.0,0.0,0.0,0.0,0.0,0.0,2.7878835199792933,0.0,0.0,1.5749999999999998e-09
1066.0,0.9850367365947218,0.0,0.556100496,0.0,0.9850367365947218,0.0,0.0,0.0,0.0,0.0,0.0,0.0,0.0,0.0,3.0114902925920126,0.0,0.0,1.5749999999999998e-09
1067.0,0.9937968421176169,0.000190167,0.587216913,4.1350664944481315e-05,0.9937554914526724,0.0,0.0,0.0,0.0,0.0,0.0,0.0,0.0,0.0,3.2263958691030195,0.0,0.0,1.5749999999999998e-09
1068.0,1.015230951517829,0.010789146,0.615856862,0.00234603459739645,1.0128849169204326,0.0,0.0,0.0,0.0,0.0,0.0,0.0,0.0,0.0,3.4130931442340477,0.0,0.0,1.5749999999999998e-09
1069.0,1.0410751519181536,0.060591737,0.631078243,0.013175307046391495,1.027899844871762,0.0,0.0,0.0,0.0,0.0,0.0,0.0,0.0,0.0,3.507469704018505,0.0,0.0,1.5749999999999998e-09
1070.0,1.0642203415050533,0.165272852,0.667767235,0.03593758290066546,1.028282758604388,0.0,0.0,0.0,0.0,0.0,0.0,0.0,0.0,0.0,3.7707595423447384,0.0,0.0,1.5749999999999998e-09
1071.0,1.0745357709402596,0.299444358,0.684814631,0.06511236606337226,1.0094234048768873,0.0,0.0,0.0,0.0,0.0,0.0,0.0,0.0,0.0,3.9121334044772973,0.0,0.0,1.5749999999999998e-09
1072.0,1.0707197732156952,0.419159577,0.699687646,0.09114371697927356,0.9795760562364216,0.0,0.0,0.0,0.0,0.0,0.0,0.0,0.0,0.0,4.048868639175321,0.0,0.0,1.5749999999999998e-09
1073.0,1.0559497521304686,0.500766784,0.73916687,0.10888871097776924,0.9470610411526993,0.0,0.0,0.0,0.0,0.0,0.0,0.0,0.0,0.0,4.365108964598127,0.0,0.0,1.5749999999999998e-09
1074.0,1.0416937213510913,0.53408855,0.76337471,0.11613432762642231,0.925559393724669,0.0,0.0,0.0,0.0,0.0,0.0,0.0,0.0,0.0,4.560585078105806,0.0,0.0,1.5749999999999998e-09
1075.0,1.0267278940065254,0.513250936,0.771025781,0.1116033143867097,0.9151245796198156,0.0,0.0,0.0,0.0,0.0,0.0,0.0,0.0,0.0,4.626005838588464,0.0,0.0,1.5749999999999998e-09
1076.0,1.0126253926691655,0.440888604,0.762282292,0.09586856258890397,0.9167568300802615,0.0,0.0,0.0,0.0,0.0,0.0,0.0,0.0,0.0,4.561536762106024,0.0,0.0,1.5749999999999998e-09
1077.0,1.0098663053784098,0.327874773,0.736932336,0.07129438799618687,0.9385719173822229,0.0,0.0,0.0,0.0,0.0,0.0,0.0,0.0,0.0,4.357539164499856,0.0,0.0,1.5749999999999998e-09
1078.0,1.0176073276197974,0.194485973,0.706640226,0.04228979952317931,0.9753175280966182,0.0,0.0,0.0,0.0,0.0,0.0,0.0,0.0,0.0,4.103093268932454,0.0,0.0,1.5749999999999998e-09
1079.0,1.0444439093118052,0.079412074,0.683934982,0.01726767559313843,1.0271762337186667,0.0,0.0,0.0,0.0,0.0,0.0,0.0,0.0,0.0,3.8880588028085126,0.0,0.0,1.5749999999999998e-09
1080.0,1.084813374223089,0.016417176,0.682873165,0.0035698157099316907,1.0812435585131575,0.0,0.0,0.0,0.0,0.0,0.0,0.0,0.0,0.0,3.8263605185542238,0.0,0.0,1.5749999999999998e-09
1081.0,1.106723648776699,0.00034696,0.690272976,7.544435527266684e-05,1.1066482044214263,0.0,0.0,0.0,0.0,0.0,0.0,0.0,0.0,0.0,3.854136088964937,0.0,0.0,1.5749999999999998e-09
1082.0,1.1056311390228737,0.0,0.676076137,0.0,1.1056311390228737,0.0,0.0,0.0,0.0,0.0,0.0,0.0,0.0,0.0,3.753124741872175,0.0,0.0,1.5749999999999998e-09
1083.0,1.0856500002403198,0.0,0.647042206,0.0,1.0856500002403198,0.0,0.0,0.0,0.0,0.0,0.0,0.0,0.0,0.0,3.564447749903767,0.0,0.0,1.5749999999999998e-09
1084.0,1.0552533045603423,0.0,0.61704206,0.0,1.0552533045603423,0.0,0.0,0.0,0.0,0.0,0.0,0.0,0.0,0.0,3.379242418196687,0.0,0.0,1.5749999999999998e-09
1085.0,1.0157226924986495,0.0,0.586713667,0.0,1.0157226924986495,0.0,0.0,0.0,0.0,0.0,0.0,0.0,0.0,0.0,3.2008119903957266,0.0,0.0,1.5749999999999998e-09
1086.0,0.9763901105288814,0.0,0.550747019,0.0,0.9763901105288814,0.0,0.0,0.0,0.0,0.0,0.0,0.0,0.0,0.0,2.981663089404823,0.0,0.0,1.5749999999999998e-09
1087.0,0.9485566968802451,0.0,0.512879703,0.0,0.9485566968802451,0.0,0.0,0.0,0.0,0.0,0.0,0.0,0.0,0.0,2.7373554907628397,0.0,0.0,1.5749999999999998e-09
1088.0,0.9275631513135649,0.0,0.481886233,0.0,0.9275631513135649,0.0,0.0,0.0,0.0,0.0,0.0,0.0,0.0,0.0,2.53560828807583,0.0,0.0,1.5749999999999998e-09
1089.0,0.9210036421256677,0.0,0.454870172,0.0,0.9210036421256677,0.0,0.0,0.0,0.0,0.0,0.0,0.0,0.0,0.0,2.348011491370669,0.0,0.0,1.5749999999999998e-09
1090.0,0.9264617412297731,0.0,0.432786348,0.0,0.9264617412297731,0.0,0.0,0.0,0.0,0.0,0.0,0.0,0.0,0.0,2.1838435904256337,0.0,0.0,1.5749999999999998e-09
1091.0,0.9487213524846636,9.68e-05,0.415708271,2.1048575024193425e-05,0.9487003039096394,0.0,0.0,0.0,0.0,0.0,0.0,0.0,0.0,0.0,2.038870024220375,0.0,0.0,1.5749999999999998e-09
1092.0,0.9995130487909024,0.010818502,0.402016879,0.0023524178821940763,0.9971606309087083,0.0,0.0,0.0,0.0,0.0,0.0,0.0,0.0,0.0,1.8920137803164039,0.0,0.0,1.5749999999999998e-09
1093.0,1.0514106068458033,0.060818161,0.400654113,0.013224541576879904,1.0381860652689234,0.0,0.0,0.0,0.0,0.0,0.0,0.0,0.0,0.0,1.841194556537492,0.0,0.0,1.5749999999999998e-09
1094.0,1.0831601456812212,0.151967236,0.38854217,0.033044357109145744,1.0501157885720755,0.0,0.0,0.0,0.0,0.0,0.0,0.0,0.0,0.0,1.7422199413062653,0.0,0.0,1.5749999999999998e-09
1095.0,1.1032213864335492,0.275778712,0.372857745,0.059966414355448666,1.0432549720781004,0.0,0.0,0.0,0.0,0.0,0.0,0.0,0.0,0.0,1.6363615120872277,0.0,0.0,1.5749999999999998e-09
1096.0,1.115764112193728,0.394049927,0.37465982,0.08568377532786615,1.0300803368658618,0.0,0.0,0.0,0.0,0.0,0.0,0.0,0.0,0.0,1.6624871183881909,0.0,0.0,1.5749999999999998e-09
1097.0,1.1183585448799898,0.473702708,0.368812113,0.10300379120352883,1.0153547536764609,0.0,0.0,0.0,0.0,0.0,0.0,0.0,0.0,0.0,1.6351869899438725,0.0,0.0,1.5749999999999998e-09
1098.0,1.1113962980109375,0.5014607,0.352619218,0.10903959881853875,1.0023566991923987,0.0,0.0,0.0,0.0,0.0,0.0,0.0,0.0,0.0,1.5318115777366146,0.0,0.0,1.5749999999999998e-09
1099.0,1.1026206176605444,0.47442319,0.347121062,0.10316045566045631,0.9994601620000881,0.0,0.0,0.0,0.0,0.0,0.0,0.0,0.0,0.0,1.4951945212120705,0.0,0.0,1.5749999999999998e-09
1100.0,1.0916487916400992,0.398999752,0.350350266,0.08676008486163812,1.004888706778461,0.0,0.0,0.0,0.0,0.0,0.0,0.0,0.0,0.0,1.5129732944662961,0.0,0.0,1.5749999999999998e-09
1101.0,1.0832068721635644,0.290695691,0.356551999,0.0632100212936286,1.0199968508699357,0.0,0.0,0.0,0.0,0.0,0.0,0.0,0.0,0.0,1.5424351404046444,0.0,0.0,1.5749999999999998e-09
1102.0,1.0844128613744441,0.174525547,0.354615692,0.0379495255130981,1.046463335861346,0.0,0.0,0.0,0.0,0.0,0.0,0.0,0.0,0.0,1.5020529993079685,0.0,0.0,1.5749999999999998e-09
1103.0,1.0999839081569605,0.079726394,0.339284252,0.01733602257765914,1.0826478855793014,0.0,0.0,0.0,0.0,0.0,0.0,0.0,0.0,0.0,1.3556860009191627,0.0,0.0,1.5749999999999998e-09
1104.0,1.1258770598721388,0.018469489,0.335523748,0.0040160787693699915,1.121860981102769,0.0,0.0,0.0,0.0,0.0,0.0,0.0,0.0,0.0,1.2894472940404322,0.0,0.0,1.5749999999999998e-09
1105.0,1.1367153819430107,0.000389948,0.338912783,8.479183609022911e-05,1.1366305901069205,0.0,0.0,0.0,0.0,0.0,0.0,0.0,0.0,0.0,1.2990336604000572,0.0,0.0,1.5749999999999998e-09
1106.0,1.1277639208257222,0.0,0.332920654,0.0,1.1277639208257222,0.0,0.0,0.0,0.0,0.0,0.0,0.0,0.0,0.0,1.2648367005654244,0.0,0.0,1.5749999999999998e-09
1107.0,1.0970023126170414,0.0,0.321773216,0.0,1.0970023126170414,0.0,0.0,0.0,0.0,0.0,0.0,0.0,0.0,0.0,1.2154850242263722,0.0,0.0,1.5749999999999998e-09
1108.0,1.0500332875329734,0.0,0.312812577,0.0,1.0500332875329734,0.0,0.0,0.0,0.0,0.0,0.0,0.0,0.0,0.0,1.1980566315417556,0.0,0.0,1.5749999999999998e-09
1109.0,0.9940794258441862,0.0,0.305588187,0.0,0.9940794258441862,0.0,0.0,0.0,0.0,0.0,0.0,0.0,0.0,0.0,1.2020909748843727,0.0,0.0,1.5749999999999998e-09
1110.0,0.9465007306572222,0.0,0.301421982,0.0,0.9465007306572222,0.0,0.0,0.0,0.0,0.0,0.0,0.0,0.0,0.0,1.2197284076351438,0.0,0.0,1.5749999999999998e-09
1111.0,0.9101942468771307,0.0,0.297392177,0.0,0.9101942468771307,0.0,0.0,0.0,0.0,0.0,0.0,0.0,0.0,0.0,1.227073894759602,0.0,0.0,1.5749999999999998e-09
1112.0,0.8875452479360724,0.0,0.293083281,0.0,0.8875452479360724,0.0,0.0,0.0,0.0,0.0,0.0,0.0,0.0,0.0,1.2187561539587943,0.0,0.0,1.5749999999999998e-09
1113.0,0.8740679925290308,0.0,0.288964936,0.0,0.8740679925290308,0.0,0.0,0.0,0.0,0.0,0.0,0.0,0.0,0.0,1.202636102356752,0.0,0.0,1.5749999999999998e-09
1114.0,0.8758280240305721,0.0,0.289890451,0.0,0.8758280240305721,0.0,0.0,0.0,0.0,0.0,0.0,0.0,0.0,0.0,1.207527468830978,0.0,0.0,1.5749999999999998e-09
1115.0,0.900018996888954,0.000240342,0.295141547,5.226091548000719e-05,0.899966735973474,0.0,0.0,0.0,0.0,0.0,0.0,0.0,0.0,0.0,1.221126804683046,0.0,0.0,1.5749999999999998e-09
1116.0,0.9579131205111993,0.011063333,0.29567304,0.002405654903596435,0.9555074656076028,0.0,0.0,0.0,0.0,0.0,0.0,0.0,0.0,0.0,1.1694057554045405,0.0,0.0,1.5749999999999998e-09
1117.0,1.0197945719599586,0.048091475,0.29309764,0.010457200615306018,1.0093373713446525,0.0,0.0,0.0,0.0,0.0,0.0,0.0,0.0,0.0,1.0970672243650461,0.0,0.0,1.5749999999999998e-09
1118.0,1.045872404771999,0.125702515,0.294504315,0.027333252249042348,1.0185391525229566,0.0,0.0,0.0,0.0,0.0,0.0,0.0,0.0,0.0,1.0979747933837278,0.0,0.0,1.5749999999999998e-09
1119.0,1.0512837773937613,0.240454986,0.312841124,0.05228548360291715,0.9989982937908443,0.0,0.0,0.0,0.0,0.0,0.0,0.0,0.0,0.0,1.2492967839879732,0.0,0.0,1.5749999999999998e-09
1120.0,1.050282495772112,0.350557347,0.340488353,0.0762265766385507,0.9740559191335613,0.0,0.0,0.0,0.0,0.0,0.0,0.0,0.0,0.0,1.4729314791437713,0.0,0.0,1.5749999999999998e-09
1121.0,1.041411137624522,0.424038158,0.367978552,0.0922045349357829,0.9492066026887392,0.0,0.0,0.0,0.0,0.0,0.0,0.0,0.0,0.0,1.695344588700589,0.0,0.0,1.5749999999999998e-09
1122.0,1.0290464174637495,0.450862493,0.395088998,0.09803732447836139,0.9310090929853881,0.0,0.0,0.0,0.0,0.0,0.0,0.0,0.0,0.0,1.908376720907689,0.0,0.0,1.5749999999999998e-09
1123.0,1.0188333413231963,0.431766885,0.426798525,0.09388509991616524,0.924948241407031,0.0,0.0,0.0,0.0,0.0,0.0,0.0,0.0,0.0,2.142324407059605,0.0,0.0,1.5749999999999998e-09
1124.0,1.0117754156570222,0.373987388,0.462097742,0.08132129746301793,0.9304541181940043,0.0,0.0,0.0,0.0,0.0,0.0,0.0,0.0,0.0,2.3905033873521835,0.0,0.0,1.5749999999999998e-09
1125.0,1.0063707185327162,0.285588995,0.482338771,0.0620996011088998,0.9442711174238164,0.0,0.0,0.0,0.0,0.0,0.0,0.0,0.0,0.0,2.522152576480263,0.0,0.0,1.5749999999999998e-09
1126.0,1.0105449512886782,0.183806479,0.476361419,0.03996760809054063,0.9705773431981375,0.0,0.0,0.0,0.0,0.0,0.0,0.0,0.0,0.0,2.4528889194452383,0.0,0.0,1.5749999999999998e-09
1127.0,1.0283655457210459,0.086038924,0.424276738,0.018708644078666077,1.00965690164238,0.0,0.0,0.0,0.0,0.0,0.0,0.0,0.0,0.0,2.0394924220298263,0.0,0.0,1.5749999999999998e-09
1128.0,1.0596255694080785,0.019969724,0.371440198,0.004342295803992108,1.0552832736040865,0.0,0.0,0.0,0.0,0.0,0.0,0.0,0.0,0.0,1.6141457265697823,0.0,0.0,1.5749999999999998e-09
1129.0,1.0799983197093856,0.00046211,0.362349942,0.00010048302690526883,1.0798978366824803,0.0,0.0,0.0,0.0,0.0,0.0,0.0,0.0,0.0,1.5242022273232982,0.0,0.0,1.5749999999999998e-09
1130.0,1.0777153965721034,0.0,0.355894271,0.0,1.0777153965721034,0.0,0.0,0.0,0.0,0.0,0.0,0.0,0.0,0.0,1.4799897013643828,0.0,0.0,1.5749999999999998e-09
1131.0,1.0546614361173041,0.0,0.343291915,0.0,1.0546614361173041,0.0,0.0,0.0,0.0,0.0,0.0,0.0,0.0,0.0,1.4124743191415348,0.0,0.0,1.5749999999999998e-09
1132.0,1.0100176099879161,0.0,0.327059189,0.0,1.0100176099879161,0.0,0.0,0.0,0.0,0.0,0.0,0.0,0.0,0.0,1.3404584251609404,0.0,0.0,1.5749999999999998e-09
1133.0,0.9565358011983696,0.0,0.311093661,0.0,0.9565358011983696,0.0,0.0,0.0,0.0,0.0,0.0,0.0,0.0,0.0,1.2792007855123086,0.0,0.0,1.5749999999999998e-09
1134.0,0.9126841014362291,0.0,0.299394725,0.0,0.9126841014362291,0.0,0.0,0.0,0.0,0.0,0.0,0.0,0.0,0.0,1.2389757504521772,0.0,0.0,1.5749999999999998e-09
1135.0,0.8819959206997912,0.0,0.290390145,0.0,0.8819959206997912,0.0,0.0,0.0,0.0,0.0,0.0,0.0,0.0,0.0,1.204950722667265,0.0,0.0,1.5749999999999998e-09
1136.0,0.8629493125640249,0.0,0.287172047,0.0,0.8629493125640249,0.0,0.0,0.0,0.0,0.0,0.0,0.0,0.0,0.0,1.2008698282525356,0.0,0.0,1.5749999999999998e-09
1137.0,0.8564966063358014,0.0,0.285730022,0.0,0.8564966063358014,0.0,0.0,0.0,0.0,0.0,0.0,0.0,0.0,0.0,1.1969591344645454,0.0,0.0,1.5749999999999998e-09
1138.0,0.8635879074894062,0.0,0.283730802,0.0,0.8635879074894062,0.0,0.0,0.0,0.0,0.0,0.0,0.0,0.0,0.0,1.175500040394441,0.0,0.0,1.5749999999999998e-09
1139.0,0.8971753559635539,0.000238497,0.286574831,5.185973137959772e-05,0.8971234962321744,0.0,0.0,0.0,0.0,0.0,0.0,0.0,0.0,0.0,1.1624036327925773,0.0,0.0,1.5749999999999998e-09
1140.0,0.9685689863177194,0.009486515,0.29185504,0.0020627853584259943,0.9665062009592933,0.0,0.0,0.0,0.0,0.0,0.0,0.0,0.0,0.0,1.1309682022363037,0.0,0.0,1.5749999999999998e-09
1141.0,1.0336345140632681,0.05645525,0.293920465,0.012275852945605327,1.0213586611176628,0.0,0.0,0.0,0.0,0.0,0.0,0.0,0.0,0.0,1.0909593304196683,0.0,0.0,1.5749999999999998e-09
1142.0,1.0508899400425726,0.161071469,0.314412497,0.0350240175568548,1.0158659224857178,0.0,0.0,0.0,0.0,0.0,0.0,0.0,0.0,0.0,1.2437221404866143,0.0,0.0,1.5749999999999998e-09
1143.0,1.0462973937780329,0.306444618,0.369864127,0.06663453029683156,0.9796628634812012,0.0,0.0,0.0,0.0,0.0,0.0,0.0,0.0,0.0,1.6784393883859776,0.0,0.0,1.5749999999999998e-09
1144.0,1.0373459326607444,0.435760555,0.423753103,0.0947534993233643,0.9425924333373801,0.0,0.0,0.0,0.0,0.0,0.0,0.0,0.0,0.0,2.1027936830620746,0.0,0.0,1.5749999999999998e-09
1145.0,1.0252126200791767,0.522280908,0.479652459,0.11356682722873826,0.9116457928504383,0.0,0.0,0.0,0.0,0.0,0.0,0.0,0.0,0.0,2.535472184561655,0.0,0.0,1.5749999999999998e-09
1146.0,1.0105316012936907,0.552957796,0.537755789,0.1202373311396554,0.8902942701540353,0.0,0.0,0.0,0.0,0.0,0.0,0.0,0.0,0.0,2.974394866609724,0.0,0.0,1.5749999999999998e-09
1147.0,1.0015823650089126,0.529691039,0.595128067,0.11517811543424035,0.8864042495746722,0.0,0.0,0.0,0.0,0.0,0.0,0.0,0.0,0.0,3.390602195665315,0.0,0.0,1.5749999999999998e-09
1148.0,0.9939592718896002,0.457028228,0.636924276,0.09937802629372083,0.8945812455958794,0.0,0.0,0.0,0.0,0.0,0.0,0.0,0.0,0.0,3.682801984393529,0.0,0.0,1.5749999999999998e-09
1149.0,0.9904881612012959,0.346780154,0.641923555,0.07540524884680114,0.9150829123544948,0.0,0.0,0.0,0.0,0.0,0.0,0.0,0.0,0.0,3.698228632379566,0.0,0.0,1.5749999999999998e-09
1150.0,0.9960219126101544,0.218701274,0.604268482,0.047555270389211604,0.9484666422209429,0.0,0.0,0.0,0.0,0.0,0.0,0.0,0.0,0.0,3.3942292168358668,0.0,0.0,1.5749999999999998e-09
1151.0,1.0144699768054266,0.098945742,0.508189844,0.021515153655077338,0.9929548231503492,0.0,0.0,0.0,0.0,0.0,0.0,0.0,0.0,0.0,2.6592527582365055,0.0,0.0,1.5749999999999998e-09
1152.0,1.0489096271242278,0.021157453,0.418938839,0.004600560297431263,1.0443090668267965,0.0,0.0,0.0,0.0,0.0,0.0,0.0,0.0,0.0,1.9664783819936225,0.0,0.0,1.5749999999999998e-09
1153.0,1.0767897672552071,0.000488089,0.384400537,0.00010613200346057381,1.0766836352517466,0.0,0.0,0.0,0.0,0.0,0.0,0.0,0.0,0.0,1.6858874237648873,0.0,0.0,1.5749999999999998e-09
1154.0,1.0877682677731837,0.0,0.359128114,0.0,1.0877682677731837,0.0,0.0,0.0,0.0,0.0,0.0,0.0,0.0,0.0,1.4931774872938193,0.0,0.0,1.5749999999999998e-09
1155.0,1.0619952700125912,0.0,0.336339833,0.0,1.0619952700125912,0.0,0.0,0.0,0.0,0.0,0.0,0.0,0.0,0.0,1.3551779626051552,0.0,0.0,1.5749999999999998e-09
1156.0,1.0229296969418944,0.0,0.31563137,0.0,1.0229296969418944,0.0,0.0,0.0,0.0,0.0,0.0,0.0,0.0,0.0,1.2454180397309371,0.0,0.0,1.5749999999999998e-09
1157.0,0.973259436211891,0.0,0.303072528,0.0,0.973259436211891,0.0,0.0,0.0,0.0,0.0,0.0,0.0,0.0,0.0,1.2048316798153702,0.0,0.0,1.5749999999999998e-09
1158.0,0.9314659255054345,0.0,0.296587456,0.0,0.9314659255054345,0.0,0.0,0.0,0.0,0.0,0.0,0.0,0.0,0.0,1.200018928307268,0.0,0.0,1.5749999999999998e-09
1159.0,0.9047806484229332,0.0,0.296421494,0.0,0.9047806484229332,0.0,0.0,0.0,0.0,0.0,0.0,0.0,0.0,0.0,1.2255114864053613,0.0,0.0,1.5749999999999998e-09
1160.0,0.8888357887817471,0.0,0.302388838,0.0,0.8888357887817471,0.0,0.0,0.0,0.0,0.0,0.0,0.0,0.0,0.0,1.2843418528209476,0.0,0.0,1.5749999999999998e-09
1161.0,0.8788808212102988,0.0,0.308841063,0.0,0.8788808212102988,0.0,0.0,0.0,0.0,0.0,0.0,0.0,0.0,0.0,1.340667021096001,0.0,0.0,1.5749999999999998e-09
1162.0,0.8861879551156109,0.0,0.312504239,0.0,0.8861879551156109,0.0,0.0,0.0,0.0,0.0,0.0,0.0,0.0,0.0,1.3596860314793071,0.0,0.0,1.5749999999999998e-09
1163.0,0.9207700097139521,0.000362834,0.317108315,7.889606064388633e-05,0.9206911136533081,0.0,0.0,0.0,0.0,0.0,0.0,0.0,0.0,0.0,1.3582709825742794,0.0,0.0,1.5749999999999998e-09
1164.0,0.996542579413385,0.013276125,0.318609038,0.0028868131517879123,0.993655766261597,0.0,0.0,0.0,0.0,0.0,0.0,0.0,0.0,0.0,1.2960915748560118,0.0,0.0,1.5749999999999998e-09
1165.0,1.0592272813919443,0.071828848,0.327829061,0.015618748925923407,1.043608532466021,0.0,0.0,0.0,0.0,0.0,0.0,0.0,0.0,0.0,1.3124003412239722,0.0,0.0,1.5749999999999998e-09
1166.0,1.0669260278159345,0.193367143,0.382200489,0.04204651670092395,1.0248795111150104,0.0,0.0,0.0,0.0,0.0,0.0,0.0,0.0,0.0,1.7218804645439343,0.0,0.0,1.5749999999999998e-09
1167.0,1.0513505303684727,0.342859037,0.42451145,0.07455262565100422,0.9767979047174684,0.0,0.0,0.0,0.0,0.0,0.0,0.0,0.0,0.0,2.074038223514025,0.0,0.0,1.5749999999999998e-09
1168.0,1.0339883004295698,0.470609748,0.470777128,0.10233124574271447,0.9316570546868553,0.0,0.0,0.0,0.0,0.0,0.0,0.0,0.0,0.0,2.451676587897961,0.0,0.0,1.5749999999999998e-09
1169.0,1.0154757090920217,0.555511336,0.511991902,0.12079258298125953,0.8946831261107622,0.0,0.0,0.0,0.0,0.0,0.0,0.0,0.0,0.0,2.7848487027328606,0.0,0.0,1.5749999999999998e-09
1170.0,0.9979822000360558,0.587788293,0.548369522,0.1278110122267881,0.8701711878092677,0.0,0.0,0.0,0.0,0.0,0.0,0.0,0.0,0.0,3.070795656167814,0.0,0.0,1.5749999999999998e-09
1171.0,0.9853081951588142,0.564785278,0.572311847,0.1228091456254436,0.8624990495333706,0.0,0.0,0.0,0.0,0.0,0.0,0.0,0.0,0.0,3.25053408406643,0.0,0.0,1.5749999999999998e-09
1172.0,0.9774025183129325,0.491589168,0.573523479,0.10689309384017383,0.8705094244727587,0.0,0.0,0.0,0.0,0.0,0.0,0.0,0.0,0.0,3.2512313439381195,0.0,0.0,1.5749999999999998e-09
1173.0,0.9718442907466847,0.375583351,0.541578721,0.0816683299727425,0.8901759607739421,0.0,0.0,0.0,0.0,0.0,0.0,0.0,0.0,0.0,3.001987438607168,0.0,0.0,1.5749999999999998e-09
1174.0,0.9755178831917843,0.234863385,0.47360096,0.05106962375628642,0.9244482594354979,0.0,0.0,0.0,0.0,0.0,0.0,0.0,0.0,0.0,2.4791794145250474,0.0,0.0,1.5749999999999998e-09
1175.0,0.9946223429723707,0.10092854,0.400610999,0.021946301097854413,0.9726760418745164,0.0,0.0,0.0,0.0,0.0,0.0,0.0,0.0,0.0,1.906394732579531,0.0,0.0,1.5749999999999998e-09
1176.0,1.0327889867161462,0.020898483,0.384379494,0.0045442488359228395,1.0282447378802233,0.0,0.0,0.0,0.0,0.0,0.0,0.0,0.0,0.0,1.7341750914236518,0.0,0.0,1.5749999999999998e-09
1177.0,1.060448845430322,0.000530667,0.383172039,0.00011539033225582284,1.060333455098066,0.0,0.0,0.0,0.0,0.0,0.0,0.0,0.0,0.0,1.6934087582375852,0.0,0.0,1.5749999999999998e-09
1178.0,1.0649724148875646,0.0,0.372369264,0.0,1.0649724148875646,0.0,0.0,0.0,0.0,0.0,0.0,0.0,0.0,0.0,1.6111335032311827,0.0,0.0,1.5749999999999998e-09
1179.0,1.0468113850838074,0.0,0.357085997,0.0,1.0468113850838074,0.0,0.0,0.0,0.0,0.0,0.0,0.0,0.0,0.0,1.5194582892280692,0.0,0.0,1.5749999999999998e-09
1180.0,1.009063053848685,0.0,0.339134118,0.0,1.009063053848685,0.0,0.0,0.0,0.0,0.0,0.0,0.0,0.0,0.0,1.4281918647414316,0.0,0.0,1.5749999999999998e-09
1181.0,0.9579620718260529,0.0,0.323409434,0.0,0.9579620718260529,0.0,0.0,0.0,0.0,0.0,0.0,0.0,0.0,0.0,1.3662842717251016,0.0,0.0,1.5749999999999998e-09
1182.0,0.9144396822728248,0.0,0.312139874,0.0,0.9144396822728248,0.0,0.0,0.0,0.0,0.0,0.0,0.0,0.0,0.0,1.3288157226422281,0.0,0.0,1.5749999999999998e-09
1183.0,1.0317454292770991,0.0,0.306110415,0.0,1.0317454292770991,0.0,0.0,0.0,0.0,0.0,0.0,0.0,0.0,0.0,1.1681780670383375,0.0,0.0,1.5749999999999998e-09
1184.0,0.869175060878064,0.0,0.304066685,0.0,0.869175060878064,0.0,0.0,0.0,0.0,0.0,0.0,0.0,0.0,0.0,1.3160607625363223,0.0,0.0,1.5749999999999998e-09
1185.0,0.8661845660081031,0.0,0.300564948,0.0,0.8661845660081031,0.0,0.0,0.0,0.0,0.0,0.0,0.0,0.0,0.0,1.2938853266612704,0.0,0.0,1.5749999999999998e-09
1186.0,1.017747507066827,0.0,0.298357255,0.0,1.017747507066827,0.0,0.0,0.0,0.0,0.0,0.0,0.0,0.0,0.0,1.126456359928931,0.0,0.0,1.5749999999999998e-09
1187.0,0.9027024318749564,0.000271544,0.299622535,5.904560182199978e-05,0.9026433862731342,0.0,0.0,0.0,0.0,0.0,0.0,0.0,0.0,0.0,1.250653667576191,0.0,0.0,1.5749999999999998e-09
1188.0,0.9688404448818118,0.013326059,0.308372713,0.0028976709983298344,0.9659427738834819,0.0,0.0,0.0,0.0,0.0,0.0,0.0,0.0,0.0,1.2502391778192612,0.0,0.0,1.5749999999999998e-09
1189.0,1.0252037197492103,0.07383903,0.342134449,0.016055850854015175,1.0091478688951951,0.0,0.0,0.0,0.0,0.0,0.0,0.0,0.0,0.0,1.4496695263052763,0.0,0.0,1.5749999999999998e-09
1190.0,1.0328290387009578,0.19072675,0.34856848,0.04147237919933454,0.9913566595016232,0.0,0.0,0.0,0.0,0.0,0.0,0.0,0.0,0.0,1.513700181595918,0.0,0.0,1.5749999999999998e-09
1191.0,1.02609152291373,0.335546346,0.333199864,0.07296252518465873,0.9531289977290713,0.0,0.0,0.0,0.0,0.0,0.0,0.0,0.0,0.0,1.4414782219655216,0.0,0.0,1.5749999999999998e-09
1192.0,1.0182103212253126,0.460917137,0.363101161,0.10022364605455515,0.9179866751707575,0.0,0.0,0.0,0.0,0.0,0.0,0.0,0.0,0.0,1.6915121738746572,0.0,0.0,1.5749999999999998e-09
1193.0,1.0039253656234504,0.543900996,0.419893493,0.11826798471115214,0.8856573809122982,0.0,0.0,0.0,0.0,0.0,0.0,0.0,0.0,0.0,2.131990879113945,0.0,0.0,1.5749999999999998e-09
1194.0,0.9902167026372035,0.57460613,0.449468206,0.1249446305440748,0.8652720720931286,0.0,0.0,0.0,0.0,0.0,0.0,0.0,0.0,0.0,2.3649207562892274,0.0,0.0,1.5749999999999998e-09
1195.0,0.978893316082892,0.549921338,0.465498007,0.11957707169729162,0.8593162443856004,0.0,0.0,0.0,0.0,0.0,0.0,0.0,0.0,0.0,2.4860779431571776,0.0,0.0,1.5749999999999998e-09
1196.0,0.9721112986458313,0.473846086,0.470460715,0.10303496788317572,0.8690763307626556,0.0,0.0,0.0,0.0,0.0,0.0,0.0,0.0,0.0,2.5119833467457364,0.0,0.0,1.5749999999999998e-09
1197.0,0.966969159755651,0.35556666,0.451396602,0.07731582147842846,0.8896533382772225,0.0,0.0,0.0,0.0,0.0,0.0,0.0,0.0,0.0,2.3543982922324664,0.0,0.0,1.5749999999999998e-09
1198.0,0.9658521738444366,0.214371509,0.39622033,0.04661378915533115,0.9192383846891053,0.0,0.0,0.0,0.0,0.0,0.0,0.0,0.0,0.0,1.9282779720635914,0.0,0.0,1.5749999999999998e-09
1199.0,0.9769085524996014,0.087515598,0.377723327,0.019029737916220577,0.9578788145833809,0.0,0.0,0.0,0.0,0.0,0.0,0.0,0.0,0.0,1.75670514419417,0.0,0.0,1.5749999999999998e-09
1200.0,0.9979933261984575,0.018121113,0.419524893,0.003940326513454409,0.994052999685003,0.0,0.0,0.0,0.0,0.0,0.0,0.0,0.0,0.0,2.0209462429899623,0.0,0.0,1.5749999999999998e-09
1201.0,1.0098485047184766,0.000588935,0.424291317,0.00012806035673422887,1.0097204443617425,0.0,0.0,0.0,0.0,0.0,0.0,0.0,0.0,0.0,2.0395336541991353,0.0,0.0,1.5749999999999998e-09
1202.0,1.1486996147475823,0.0,0.408187113,0.0,1.1486996147475823,0.0,0.0,0.0,0.0,0.0,0.0,0.0,0.0,0.0,1.7848184126670164,0.0,0.0,1.5749999999999998e-09
1203.0,0.9852414431840275,0.0,0.396898276,0.0,0.9852414431840275,0.0,0.0,0.0,0.0,0.0,0.0,0.0,0.0,0.0,1.8671471075926231,0.0,0.0,1.5749999999999998e-09
1204.0,0.952334867452508,0.0,0.386092329,0.0,0.952334867452508,0.0,0.0,0.0,0.0,0.0,0.0,0.0,0.0,0.0,1.8223945918971514,0.0,0.0,1.5749999999999998e-09
1205.0,0.908420864380677,0.0,0.38092886,0.0,0.908420864380677,0.0,0.0,0.0,0.0,0.0,0.0,0.0,0.0,0.0,1.829200296071029,0.0,0.0,1.5749999999999998e-09
1206.0,1.0104626244863937,0.0,0.381664883,0.0,1.0104626244863937,0.0,0.0,0.0,0.0,0.0,0.0,0.0,0.0,0.0,1.7324481119228266,0.0,0.0,1.5749999999999998e-09
1207.0,0.832176579192867,0.0,0.38072019,0.0,0.832176579192867,0.0,0.0,0.0,0.0,0.0,0.0,0.0,0.0,0.0,1.9039449327219669,0.0,0.0,1.5749999999999998e-09
1208.0,0.8068908717481494,0.0,0.382233588,0.0,0.8068908717481494,0.0,0.0,0.0,0.0,0.0,0.0,0.0,0.0,0.0,1.9401069764699654,0.0,0.0,1.5749999999999998e-09
1209.0,0.7937184513925559,0.0,0.381170495,0.0,0.7937184513925559,0.0,0.0,0.0,0.0,0.0,0.0,0.0,0.0,0.0,1.94563926713749,0.0,0.0,1.5749999999999998e-09
1210.0,0.788113497343965,0.0,0.384867216,0.0,0.788113497343965,0.0,0.0,0.0,0.0,0.0,0.0,0.0,0.0,0.0,1.9778114433017442,0.0,0.0,1.5749999999999998e-09
1211.0,0.7932979130514677,0.00034354,0.387846576,7.470069694020051e-05,0.7932232123545274,0.0,0.0,0.0,0.0,0.0,0.0,0.0,0.0,0.0,1.994113492631125,0.0,0.0,1.5749999999999998e-09
1212.0,0.8146452449844495,0.015233729,0.393517743,0.003312482311515817,0.8113327626729336,0.0,0.0,0.0,0.0,0.0,0.0,0.0,0.0,0.0,2.016760914057142,0.0,0.0,1.5749999999999998e-09
1213.0,0.8409300092183061,0.068464414,0.399582818,0.014887173084364037,0.826042836133942,0.0,0.0,0.0,0.0,0.0,0.0,0.0,0.0,0.0,2.0456387106769847,0.0,0.0,1.5749999999999998e-09
1214.0,0.8681938047488581,0.162207321,0.394412305,0.03527100171014386,0.8329228030387144,0.0,0.0,0.0,0.0,0.0,0.0,0.0,0.0,0.0,2.001599821764595,0.0,0.0,1.5749999999999998e-09
1215.0,0.8903799885315059,0.281022197,0.392216398,0.0611065784815926,0.8292734100499132,0.0,0.0,0.0,0.0,0.0,0.0,0.0,0.0,0.0,1.9894678915173887,0.0,0.0,1.5749999999999998e-09
1216.0,0.8988152335105094,0.390311047,0.46059302,0.0848707784664358,0.8139444550440736,0.0,0.0,0.0,0.0,0.0,0.0,0.0,0.0,0.0,2.496199066001709,0.0,0.0,1.5749999999999998e-09
1217.0,0.8962719769716118,0.461613045,0.536456253,0.10037496704368672,0.795897009927925,0.0,0.0,0.0,0.0,0.0,0.0,0.0,0.0,0.0,3.059452752412041,0.0,0.0,1.5749999999999998e-09
1218.0,0.888312897146006,0.483318561,0.572295656,0.10509470032844737,0.7832181968175586,0.0,0.0,0.0,0.0,0.0,0.0,0.0,0.0,0.0,3.329698576934345,0.0,0.0,1.5749999999999998e-09
1219.0,0.8777438098066408,0.455195708,0.605245298,0.09897955589389301,0.7787642539127478,0.0,0.0,0.0,0.0,0.0,0.0,0.0,0.0,0.0,3.5709516879791288,0.0,0.0,1.5749999999999998e-09
1220.0,0.86633809545012,0.386373567,0.629478142,0.08401459723517278,0.7823234982149473,0.0,0.0,0.0,0.0,0.0,0.0,0.0,0.0,0.0,3.741546605985149,0.0,0.0,1.5749999999999998e-09
1221.0,0.8576647683943799,0.284122592,0.629758857,0.06178074063822623,0.7958840277561536,0.0,0.0,0.0,0.0,0.0,0.0,0.0,0.0,0.0,3.7300034907297914,0.0,0.0,1.5749999999999998e-09
1222.0,0.8566479109453078,0.169852541,0.589260438,0.03693340859802055,0.8197145023472873,0.0,0.0,0.0,0.0,0.0,0.0,0.0,0.0,0.0,3.415123057836105,0.0,0.0,1.5749999999999998e-09
1223.0,0.8673772042240706,0.075893939,0.540314954,0.016502678397965487,0.8508745258261051,0.0,0.0,0.0,0.0,0.0,0.0,0.0,0.0,0.0,3.0322065601774346,0.0,0.0,1.5749999999999998e-09
1224.0,0.8958336379705903,0.018594037,0.532343617,0.0040431609793091785,0.8917904769912811,0.0,0.0,0.0,0.0,0.0,0.0,0.0,0.0,0.0,2.9340030072057384,0.0,0.0,1.5749999999999998e-09
1225.0,0.9143039524908164,0.000692207,0.528832575,0.00015051622904722995,0.9141534362617691,0.0,0.0,0.0,0.0,0.0,0.0,0.0,0.0,0.0,2.8864072449535216,0.0,0.0,1.5749999999999998e-09
1226.0,0.9130289874725641,0.0,0.518100324,0.0,0.9130289874725641,0.0,0.0,0.0,0.0,0.0,0.0,0.0,0.0,0.0,2.810402233305208,0.0,0.0,1.5749999999999998e-09
1227.0,0.9012249850999091,0.0,0.51056028,0.0,0.901224985099909,0.0,0.0,0.0,0.0,0.0,0.0,0.0,0.0,0.0,2.768018206960015,0.0,0.0,1.5749999999999998e-09
1228.0,0.876802604662322,0.0,0.513888266,0.0,0.8768026046623221,0.0,0.0,0.0,0.0,0.0,0.0,0.0,0.0,0.0,2.816357821957586,0.0,0.0,1.5749999999999998e-09
1229.0,0.8422984282011692,0.0,0.513990375,0.0,0.8422984282011692,0.0,0.0,0.0,0.0,0.0,0.0,0.0,0.0,0.0,2.8515958250945976,0.0,0.0,1.5749999999999998e-09
1230.0,0.8066216380165676,0.0,0.504514162,0.0,0.8066216380165676,0.0,0.0,0.0,0.0,0.0,0.0,0.0,0.0,0.0,2.819169922220586,0.0,0.0,1.5749999999999998e-09
1231.0,0.7789573296373709,0.0,0.493418341,0.0,0.7789573296373709,0.0,0.0,0.0,0.0,0.0,0.0,0.0,0.0,0.0,2.7670919019083193,0.0,0.0,1.5749999999999998e-09
1232.0,0.7569424769565978,0.0,0.480380093,0.0,0.7569424769565978,0.0,0.0,0.0,0.0,0.0,0.0,0.0,0.0,0.0,2.6954047871928255,0.0,0.0,1.5749999999999998e-09
1233.0,0.7459528502762194,0.0,0.457696667,0.0,0.7459528502762194,0.0,0.0,0.0,0.0,0.0,0.0,0.0,0.0,0.0,2.543375452776005,0.0,0.0,1.5749999999999998e-09
1234.0,0.7412201245646503,0.0,0.434931159,0.0,0.7412201245646503,0.0,0.0,0.0,0.0,0.0,0.0,0.0,0.0,0.0,2.3844993187408154,0.0,0.0,1.5749999999999998e-09
1235.0,0.7456502410572067,0.000535416,0.407596152,0.00011642297360695813,0.7455338180835998,0.0,0.0,0.0,0.0,0.0,0.0,0.0,0.0,0.0,2.1837371503431298,0.0,0.0,1.5749999999999998e-09
1236.0,0.7606583452190948,0.01165172,0.381961936,0.0025335961010423042,0.7581247491180525,0.0,0.0,0.0,0.0,0.0,0.0,0.0,0.0,0.0,1.9869208178697058,0.0,0.0,1.5749999999999998e-09
1237.0,0.7829980584437595,0.049391407,0.356124222,0.010739862973036904,0.7722581954707226,0.0,0.0,0.0,0.0,0.0,0.0,0.0,0.0,0.0,1.7870994911498213,0.0,0.0,1.5749999999999998e-09
1238.0,0.9545999899298573,0.134962674,0.352290145,0.029346817863169002,0.9252531720666883,0.0,0.0,0.0,0.0,0.0,0.0,0.0,0.0,0.0,1.60655015617313,0.0,0.0,1.5749999999999998e-09
1239.0,0.8387961658580195,0.257822702,0.373451445,0.05606198849160397,0.7827341773664155,0.0,0.0,0.0,0.0,0.0,0.0,0.0,0.0,0.0,1.9011490501560844,0.0,0.0,1.5749999999999998e-09
1240.0,0.8552260909825701,0.369408011,0.405010451,0.08032553960817737,0.7749005513743927,0.0,0.0,0.0,0.0,0.0,0.0,0.0,0.0,0.0,2.135787761560702,0.0,0.0,1.5749999999999998e-09
1241.0,0.8631962949707279,0.4463893,0.422012528,0.09706465569263621,0.7661316392780917,0.0,0.0,0.0,0.0,0.0,0.0,0.0,0.0,0.0,2.266745488037802,0.0,0.0,1.5749999999999998e-09
1242.0,0.8671680469698195,0.477567634,0.434541626,0.10384419600594574,0.7633238509638738,0.0,0.0,0.0,0.0,0.0,0.0,0.0,0.0,0.0,2.3595961358144746,0.0,0.0,1.5749999999999998e-09
1243.0,0.8651432324016418,0.460576119,0.451061251,0.10014949375127416,0.7649937386503677,0.0,0.0,0.0,0.0,0.0,0.0,0.0,0.0,0.0,2.4766478250721033,0.0,0.0,1.5749999999999998e-09
1244.0,0.8610335257880314,0.400277687,0.477193521,0.08703796410464994,0.7739955616833815,0.0,0.0,0.0,0.0,0.0,0.0,0.0,0.0,0.0,2.6554507677967627,0.0,0.0,1.5749999999999998e-09
1245.0,0.8600789706487251,0.307706504,0.49842316,0.06690891978177968,0.7931700508669455,0.0,0.0,0.0,0.0,0.0,0.0,0.0,0.0,0.0,2.788847309737359,0.0,0.0,1.5749999999999998e-09
1246.0,0.8662268418255006,0.196493581,0.507282729,0.042726341750526114,0.8235005000749744,0.0,0.0,0.0,0.0,0.0,0.0,0.0,0.0,0.0,2.8221879186026984,0.0,0.0,1.5749999999999998e-09
1247.0,0.8856183369975267,0.089521672,0.498972994,0.01946594658453756,0.8661523904129891,0.0,0.0,0.0,0.0,0.0,0.0,0.0,0.0,0.0,2.719816461798267,0.0,0.0,1.5749999999999998e-09
1248.0,0.9183268816371967,0.022437535,0.489178657,0.00487890639261845,0.9134479752445782,0.0,0.0,0.0,0.0,0.0,0.0,0.0,0.0,0.0,2.602131922389188,0.0,0.0,1.5749999999999998e-09
1249.0,0.94473624949066,0.000883976,0.500017857,0.00019221523921060337,0.9445440342514495,0.0,0.0,0.0,0.0,0.0,0.0,0.0,0.0,0.0,2.648933934120166,0.0,0.0,1.5749999999999998e-09
1250.0,0.9456641046399914,0.0,0.49924122,0.0,0.9456641046399915,0.0,0.0,0.0,0.0,0.0,0.0,0.0,0.0,0.0,2.642232407169919,0.0,0.0,1.5749999999999998e-09
1251.0,0.9300396548777512,0.0,0.479004921,0.0,0.9300396548777512,0.0,0.0,0.0,0.0,0.0,0.0,0.0,0.0,0.0,2.5124246616618193,0.0,0.0,1.5749999999999998e-09
1252.0,0.8982456143925005,0.0,0.453322727,0.0,0.8982456143925005,0.0,0.0,0.0,0.0,0.0,0.0,0.0,0.0,0.0,2.3596484972504768,0.0,0.0,1.5749999999999998e-09
1253.0,1.0003941774578908,0.0,0.428773723,0.0,1.0003941774578908,0.0,0.0,0.0,0.0,0.0,0.0,0.0,0.0,0.0,2.081073625035358,0.0,0.0,1.5749999999999998e-09
1254.0,0.8156287259461658,0.0,0.408099936,0.0,0.8156287259461658,0.0,0.0,0.0,0.0,0.0,0.0,0.0,0.0,0.0,2.1172627865860876,0.0,0.0,1.5749999999999998e-09
1255.0,0.7861621102480302,0.0,0.391346633,0.0,0.7861621102480302,0.0,0.0,0.0,0.0,0.0,0.0,0.0,0.0,0.0,2.02632845182786,0.0,0.0,1.5749999999999998e-09
1256.0,0.9119342518863037,0.0,0.384679052,0.0,0.9119342518863037,0.0,0.0,0.0,0.0,0.0,0.0,0.0,0.0,0.0,1.8526384106777831,0.0,0.0,1.5749999999999998e-09
1257.0,0.7602600572029605,0.0,0.377075935,0.0,0.7602600572029605,0.0,0.0,0.0,0.0,0.0,0.0,0.0,0.0,0.0,1.9496712899601611,0.0,0.0,1.5749999999999998e-09
1258.0,0.7705154101608359,0.0,0.376742172,0.0,0.7705154101608359,0.0,0.0,0.0,0.0,0.0,0.0,0.0,0.0,0.0,1.9370172826935101,0.0,0.0,1.5749999999999998e-09
1259.0,0.8041228831275026,0.00033845,0.379517436,7.359390719977545e-05,0.8040492892203027,0.0,0.0,0.0,0.0,0.0,0.0,0.0,0.0,0.0,1.9234283913995807,0.0,0.0,1.5749999999999998e-09
1260.0,0.8742370977984703,0.010785677,0.379744156,0.0023452802843100975,0.8718918175141601,0.0,0.0,0.0,0.0,0.0,0.0,0.0,0.0,0.0,1.8572152315644366,0.0,0.0,1.5749999999999998e-09
1261.0,0.9385928289788301,0.053949881,0.382178308,0.011731075596847183,0.926861753381983,0.0,0.0,0.0,0.0,0.0,0.0,0.0,0.0,0.0,1.8197388141004331,0.0,0.0,1.5749999999999998e-09
1262.0,0.9659278261491898,0.141479978,0.407461873,0.030763966232998298,0.9351638599161916,0.0,0.0,0.0,0.0,0.0,0.0,0.0,0.0,0.0,1.9931420857191318,0.0,0.0,1.5749999999999998e-09
1263.0,0.9782814211474856,0.262605099,0.438335857,0.05710189181856655,0.9211795293289191,0.0,0.0,0.0,0.0,0.0,0.0,0.0,0.0,0.0,2.229008454611004,0.0,0.0,1.5749999999999998e-09
1264.0,0.9853170954887807,0.375877609,0.449273661,0.08173231459660063,0.9035847808921801,0.0,0.0,0.0,0.0,0.0,0.0,0.0,0.0,0.0,2.325209911080506,0.0,0.0,1.5749999999999998e-09
1265.0,0.9824289539134726,0.453753174,0.44828688,0.09866588559302576,0.8837630683204469,0.0,0.0,0.0,0.0,0.0,0.0,0.0,0.0,0.0,2.337939925358937,0.0,0.0,1.5749999999999998e-09
1266.0,1.1207571723068372,0.486752223,0.452343513,0.10584132938025236,1.0149158429265848,0.0,0.0,0.0,0.0,0.0,0.0,0.0,0.0,0.0,2.235940952176473,0.0,0.0,1.5749999999999998e-09
1267.0,0.9688871713641548,0.467784285,0.459581687,0.10171686588802872,0.8671703054761261,0.0,0.0,0.0,0.0,0.0,0.0,0.0,0.0,0.0,2.4357050694358535,0.0,0.0,1.5749999999999998e-09
1268.0,0.9623766134911113,0.403401606,0.468913965,0.08771724141292477,0.8746593720781864,0.0,0.0,0.0,0.0,0.0,0.0,0.0,0.0,0.0,2.4952842783328397,0.0,0.0,1.5749999999999998e-09
1269.0,0.9567338332901437,0.305609833,0.471769231,0.06645301134330292,0.8902808219468407,0.0,0.0,0.0,0.0,0.0,0.0,0.0,0.0,0.0,2.5001827665447984,0.0,0.0,1.5749999999999998e-09
1270.0,0.9605787558371933,0.195311166,0.466065696,0.04246923275427372,0.9181095230829197,0.0,0.0,0.0,0.0,0.0,0.0,0.0,0.0,0.0,2.431364474582293,0.0,0.0,1.5749999999999998e-09
1271.0,0.9768262246973921,0.090274942,0.454229083,0.019629740593922623,0.9571964841034695,0.0,0.0,0.0,0.0,0.0,0.0,0.0,0.0,0.0,2.3072113355439425,0.0,0.0,1.5749999999999998e-09
1272.0,1.0129035267307138,0.022255789,0.435273046,0.0048393868232346985,1.0080641399074792,0.0,0.0,0.0,0.0,0.0,0.0,0.0,0.0,0.0,2.1201123424516393,0.0,0.0,1.5749999999999998e-09
1273.0,1.0376796935346024,0.000904775,0.433158089,0.00019673785606936578,1.037482955678533,0.0,0.0,0.0,0.0,0.0,0.0,0.0,0.0,0.0,2.0754939667505616,0.0,0.0,1.5749999999999998e-09
1274.0,1.0355502998393369,0.0,0.432230674,0.0,1.0355502998393369,0.0,0.0,0.0,0.0,0.0,0.0,0.0,0.0,0.0,2.0707615698853754,0.0,0.0,1.5749999999999998e-09
1275.0,1.0132706640919276,0.0,0.425432077,0.0,1.0132706640919276,0.0,0.0,0.0,0.0,0.0,0.0,0.0,0.0,0.0,2.044181733529297,0.0,0.0,1.5749999999999998e-09
1276.0,0.9716618344823331,0.0,0.424691131,0.0,0.9716618344823331,0.0,0.0,0.0,0.0,0.0,0.0,0.0,0.0,0.0,2.0804656070608667,0.0,0.0,1.5749999999999998e-09
1277.0,0.917494704285062,0.0,0.428562618,0.0,0.917494704285062,0.0,0.0,0.0,0.0,0.0,0.0,0.0,0.0,0.0,2.16245595005859,0.0,0.0,1.5749999999999998e-09
1278.0,0.8708327390849525,0.0,0.432180128,0.0,0.8708327390849525,0.0,0.0,0.0,0.0,0.0,0.0,0.0,0.0,0.0,2.23511587173841,0.0,0.0,1.5749999999999998e-09
1279.0,0.8378215852262697,0.0,0.436049335,0.0,0.8378215852262697,0.0,0.0,0.0,0.0,0.0,0.0,0.0,0.0,0.0,2.295933852723207,0.0,0.0,1.5749999999999998e-09
1280.0,0.816870315476987,0.0,0.440346543,0.0,0.816870315476987,0.0,0.0,0.0,0.0,0.0,0.0,0.0,0.0,0.0,2.347767864073276,0.0,0.0,1.5749999999999998e-09
1281.0,0.8067262171436557,0.0,0.442462993,0.0,0.8067262171436557,0.0,0.0,0.0,0.0,0.0,0.0,0.0,0.0,0.0,2.3731222520786432,0.0,0.0,1.5749999999999998e-09
1282.0,0.811156333636212,0.0,0.444578863,0.0,0.8111563336362121,0.0,0.0,0.0,0.0,0.0,0.0,0.0,0.0,0.0,2.383898256972544,0.0,0.0,1.5749999999999998e-09
1283.0,0.840785379106331,0.000345706,0.442816761,7.517168055076252e-05,0.8407102074257803,0.0,0.0,0.0,0.0,0.0,0.0,0.0,0.0,0.0,2.341680686024209,0.0,0.0,1.5749999999999998e-09
1284.0,0.91202770485099,0.012342012,0.438480543,0.0026836959249121437,0.9093440089260779,0.0,0.0,0.0,0.0,0.0,0.0,0.0,0.0,0.0,2.2418837897845645,0.0,0.0,1.5749999999999998e-09
1285.0,0.9736577232281005,0.066900131,0.442901165,0.014547029199192854,0.9591106940289076,0.0,0.0,0.0,0.0,0.0,0.0,0.0,0.0,0.0,2.2238867855863482,0.0,0.0,1.5749999999999998e-09
1286.0,0.9997644818625512,0.169213344,0.429504467,0.03679441907312655,0.9629700627894245,0.0,0.0,0.0,0.0,0.0,0.0,0.0,0.0,0.0,2.123749377075887,0.0,0.0,1.5749999999999998e-09
1287.0,1.0137646299052585,0.301556519,0.418284924,0.0655716427087408,0.9481929871965177,0.0,0.0,0.0,0.0,0.0,0.0,0.0,0.0,0.0,2.057894971170128,0.0,0.0,1.5749999999999998e-09
1288.0,1.0229252472768735,0.42002344,0.432470365,0.0913315587681798,0.9315936885086937,0.0,0.0,0.0,0.0,0.0,0.0,0.0,0.0,0.0,2.1764407683509757,0.0,0.0,1.5749999999999998e-09
1289.0,1.0206000473222687,0.501199808,0.460635626,0.10898286942974524,0.9116171778925234,0.0,0.0,0.0,0.0,0.0,0.0,0.0,0.0,0.0,2.398832539662398,0.0,0.0,1.5749999999999998e-09
1290.0,1.015041820755946,0.532127645,0.49743261,0.11570794068419281,0.8993338800717532,0.0,0.0,0.0,0.0,0.0,0.0,0.0,0.0,0.0,2.675564695569696,0.0,0.0,1.5749999999999998e-09
1291.0,1.0099352821857068,0.51147908,0.538344467,0.11121803500708088,0.8987172471786259,0.0,0.0,0.0,0.0,0.0,0.0,0.0,0.0,0.0,2.9702025413385673,0.0,0.0,1.5749999999999998e-09
1292.0,1.003455874967584,0.443943649,0.561843934,0.09653286366209393,0.90692301130549,0.0,0.0,0.0,0.0,0.0,0.0,0.0,0.0,0.0,3.1308803795686795,0.0,0.0,1.5749999999999998e-09
1293.0,0.9987498502459142,0.338696149,0.557063626,0.07364743081231295,0.9251024194336012,0.0,0.0,0.0,0.0,0.0,0.0,0.0,0.0,0.0,3.0783463354219784,0.0,0.0,1.5749999999999998e-09
1294.0,1.0028039290472903,0.215895847,0.529647127,0.046945247241645505,0.9558586818056448,0.0,0.0,0.0,0.0,0.0,0.0,0.0,0.0,0.0,2.85055593967421,0.0,0.0,1.5749999999999998e-09
1295.0,1.020083831183984,0.101154923,0.501192126,0.021995526713140586,0.9980883044708433,0.0,0.0,0.0,0.0,0.0,0.0,0.0,0.0,0.0,2.603828782066989,0.0,0.0,1.5749999999999998e-09
1296.0,1.0491766360232992,0.026183968,0.492677715,0.005693545608254957,1.0434830904150443,0.0,0.0,0.0,0.0,0.0,0.0,0.0,0.0,0.0,2.4972434847963876,0.0,0.0,1.5749999999999998e-09
1297.0,1.0691243973185725,0.001151663,0.50065733,0.0002504221596909884,1.0688739751588814,0.0,0.0,0.0,0.0,0.0,0.0,0.0,0.0,0.0,2.5291996933556358,0.0,0.0,1.5749999999999998e-09
1298.0,1.0649190129077653,0.0,0.511337719,0.0,1.0649190129077653,0.0,0.0,0.0,0.0,0.0,0.0,0.0,0.0,0.0,2.6099113994466796,0.0,0.0,1.5749999999999998e-09
1299.0,1.0405544851149229,0.0,0.501733936,0.0,1.0405544851149229,0.0,0.0,0.0,0.0,0.0,0.0,0.0,0.0,0.0,2.5652564269549116,0.0,0.0,1.5749999999999998e-09
1300.0,0.9947558469219441,0.0,0.487059093,0.0,0.9947558469219441,0.0,0.0,0.0,0.0,0.0,0.0,0.0,0.0,0.0,2.505591381658258,0.0,0.0,1.5749999999999998e-09
1301.0,0.940900227273577,0.0,0.481430345,0.0,0.940900227273577,0.0,0.0,0.0,0.0,0.0,0.0,0.0,0.0,0.0,2.5189948821585757,0.0,0.0,1.5749999999999998e-09
1302.0,0.89290321957796,0.0,0.477186263,0.0,0.89290321957796,0.0,0.0,0.0,0.0,0.0,0.0,0.0,0.0,0.0,2.5364909488388756,0.0,0.0,1.5749999999999998e-09
1303.0,0.8664204232523293,0.0,0.477795909,0.0,0.8664204232523293,0.0,0.0,0.0,0.0,0.0,0.0,0.0,0.0,0.0,2.5673550876282536,0.0,0.0,1.5749999999999998e-09
1304.0,0.8382465732323788,0.0,0.480083482,0.0,0.8382465732323788,0.0,0.0,0.0,0.0,0.0,0.0,0.0,0.0,0.0,2.611969036859584,0.0,0.0,1.5749999999999998e-09
1305.0,0.8276040584207709,0.0,0.487595352,0.0,0.8276040584207709,0.0,0.0,0.0,0.0,0.0,0.0,0.0,0.0,0.0,2.676597102323779,0.0,0.0,1.5749999999999998e-09
1306.0,0.8309416651595019,0.0,0.49322732,0.0,0.8309416651595019,0.0,0.0,0.0,0.0,0.0,0.0,0.0,0.0,0.0,2.713734755904749,0.0,0.0,1.5749999999999998e-09
1307.0,0.8591288651744398,0.000818678,0.496892705,0.00017801658371546097,0.8589508485907243,0.0,0.0,0.0,0.0,0.0,0.0,0.0,0.0,0.0,2.712067592180834,0.0,0.0,1.5749999999999998e-09
1308.0,0.9289093189715493,0.015193846,0.496098304,0.0033038099941843095,0.925605508977365,0.0,0.0,0.0,0.0,0.0,0.0,0.0,0.0,0.0,2.6397038107066395,0.0,0.0,1.5749999999999998e-09
1309.0,0.9946913207795925,0.068766904,0.482654888,0.014952947706875072,0.9797383730727174,0.0,0.0,0.0,0.0,0.0,0.0,0.0,0.0,0.0,2.488957158644802,0.0,0.0,1.5749999999999998e-09
1310.0,1.0209649598509722,0.176468646,0.478282577,0.03837204064823173,0.9825929192027406,0.0,0.0,0.0,0.0,0.0,0.0,0.0,0.0,0.0,2.454680128238644,0.0,0.0,1.5749999999999998e-09
1311.0,1.0316185998250573,0.317643844,0.51915073,0.06906973431205778,0.9625488655129997,0.0,0.0,0.0,0.0,0.0,0.0,0.0,0.0,0.0,2.7684313072991906,0.0,0.0,1.5749999999999998e-09
1312.0,1.0390013860351226,0.446028028,0.580854197,0.09698609927945295,0.9420152867556696,0.0,0.0,0.0,0.0,0.0,0.0,0.0,0.0,0.0,3.232409147361462,0.0,0.0,1.5749999999999998e-09
1313.0,1.0367496135527607,0.532663218,0.610011481,0.11582439779650103,0.9209252157562597,0.0,0.0,0.0,0.0,0.0,0.0,0.0,0.0,0.0,3.463043850027005,0.0,0.0,1.5749999999999998e-09
1314.0,1.026787970483856,0.564938436,0.618078388,0.1228424489069886,0.9039455215768675,0.0,0.0,0.0,0.0,0.0,0.0,0.0,0.0,0.0,3.537997978862244,0.0,0.0,1.5749999999999998e-09
1315.0,1.017251315421061,0.541954817,0.617395599,0.11784479984863139,0.8994065155724296,0.0,0.0,0.0,0.0,0.0,0.0,0.0,0.0,0.0,3.537629985658158,0.0,0.0,1.5749999999999998e-09
1316.0,0.9937812662901943,0.469309008,0.600126529,0.10204840769026645,0.8917328585999277,0.0,0.0,0.0,0.0,0.0,0.0,0.0,0.0,0.0,3.421196029851408,0.0,0.0,1.5749999999999998e-09
1317.0,0.9973769805981055,0.357886924,0.552684886,0.07782034886355176,0.9195566317345538,0.0,0.0,0.0,0.0,0.0,0.0,0.0,0.0,0.0,3.052423435555278,0.0,0.0,1.5749999999999998e-09
1318.0,0.9973547302731515,0.226149909,0.489962121,0.04917493105682867,0.9481797992163228,0.0,0.0,0.0,0.0,0.0,0.0,0.0,0.0,0.0,2.573030618575071,0.0,0.0,1.5749999999999998e-09
1319.0,1.0101399887750124,0.103427998,0.440787686,0.022489793135383546,0.9876501956396289,0.0,0.0,0.0,0.0,0.0,0.0,0.0,0.0,0.0,2.1801583459871265,0.0,0.0,1.5749999999999998e-09
1320.0,1.0358818358806843,0.026846452,0.40957873,0.005837598750572393,1.030044237130112,0.0,0.0,0.0,0.0,0.0,0.0,0.0,0.0,0.0,1.9134749231638501,0.0,0.0,1.5749999999999998e-09
1321.0,1.056187834207205,0.001172104,0.396017614,0.0002548669316131943,1.055932967275592,0.0,0.0,0.0,0.0,0.0,0.0,0.0,0.0,0.0,1.7901265305476919,0.0,0.0,1.5749999999999998e-09
1322.0,1.0549284440164508,0.0,0.38599118,0.0,1.0549284440164508,0.0,0.0,0.0,0.0,0.0,0.0,0.0,0.0,0.0,1.7190740878886495,0.0,0.0,1.5749999999999998e-09
1323.0,1.0354968988594624,0.0,0.383106711,0.0,1.0354968988594624,0.0,0.0,0.0,0.0,0.0,0.0,0.0,0.0,0.0,1.7177758217862154,0.0,0.0,1.5749999999999998e-09
1324.0,0.995176386262957,0.0,0.379487586,0.0,0.995176386262957,0.0,0.0,0.0,0.0,0.0,0.0,0.0,0.0,0.0,1.732086771383688,0.0,0.0,1.5749999999999998e-09
1325.0,0.9431631249184159,0.0,0.369681972,0.0,0.9431631249184159,0.0,0.0,0.0,0.0,0.0,0.0,0.0,0.0,0.0,1.71363003374306,0.0,0.0,1.5749999999999998e-09
1326.0,0.8989999136074468,0.0,0.356394519,0.0,0.8989999136074468,0.0,0.0,0.0,0.0,0.0,0.0,0.0,0.0,0.0,1.6623003162659413,0.0,0.0,1.5749999999999998e-09
1327.0,0.8695889247216209,0.0,0.344578345,0.0,0.8695889247216209,0.0,0.0,0.0,0.0,0.0,0.0,0.0,0.0,0.0,1.6067920160803664,0.0,0.0,1.5749999999999998e-09
1328.0,0.8506624695405157,0.0,0.33316193,0.0,0.8506624695405157,0.0,0.0,0.0,0.0,0.0,0.0,0.0,0.0,0.0,1.5436721299039322,0.0,0.0,1.5749999999999998e-09
1329.0,0.8442653911245266,0.0,0.320210851,0.0,0.8442653911245266,0.0,0.0,0.0,0.0,0.0,0.0,0.0,0.0,0.0,1.456993698312405,0.0,0.0,1.5749999999999998e-09
1330.0,0.852909791357932,0.0,0.309047031,0.0,0.852909791357932,0.0,0.0,0.0,0.0,0.0,0.0,0.0,0.0,0.0,1.3681182810238102,0.0,0.0,1.5749999999999998e-09
1331.0,0.8858408432468406,0.000574816,0.306578457,0.00012499026550730132,0.8857158529813334,0.0,0.0,0.0,0.0,0.0,0.0,0.0,0.0,0.0,1.3175713204342843,0.0,0.0,1.5749999999999998e-09
1332.0,0.9594239437736022,0.014680775,0.304654217,0.003192245805793422,0.9562316979678087,0.0,0.0,0.0,0.0,0.0,0.0,0.0,0.0,0.0,1.2332265412426464,0.0,0.0,1.5749999999999998e-09
1333.0,1.0247920817380887,0.065881811,0.304014372,0.014325601669041649,1.010466480069047,0.0,0.0,0.0,0.0,0.0,0.0,0.0,0.0,0.0,1.1743933855463768,0.0,0.0,1.5749999999999998e-09
1334.0,1.0458056527972124,0.167503433,0.290721779,0.03642260925940555,1.0093830435378068,0.0,0.0,0.0,0.0,0.0,0.0,0.0,0.0,0.0,1.0799469536552768,0.0,0.0,1.5749999999999998e-09
1335.0,1.047527858146377,0.296986976,0.335861842,0.06457802319777202,0.982949834948605,0.0,0.0,0.0,0.0,0.0,0.0,0.0,0.0,0.0,1.430788220097914,0.0,0.0,1.5749999999999998e-09
1336.0,1.045284985993982,0.411221585,0.416827383,0.0894176485892586,0.9558673374047234,0.0,0.0,0.0,0.0,0.0,0.0,0.0,0.0,0.0,2.03974571211982,0.0,0.0,1.5749999999999998e-09
1337.0,1.0339749504345823,0.487205345,0.452815964,0.10593985802087336,0.928035092413709,0.0,0.0,0.0,0.0,0.0,0.0,0.0,0.0,0.0,2.3262170659466164,0.0,0.0,1.5749999999999998e-09
1338.0,1.0198168232848372,0.516791757,0.46675651,0.112373244515488,0.9074435787693492,0.0,0.0,0.0,0.0,0.0,0.0,0.0,0.0,0.0,2.4469950913660368,0.0,0.0,1.5749999999999998e-09
1339.0,1.0091275809909614,0.496997232,0.486647098,0.10806904467529407,0.9010585363156673,0.0,0.0,0.0,0.0,0.0,0.0,0.0,0.0,0.0,2.5963278080983927,0.0,0.0,1.5749999999999998e-09
1340.0,1.0011262253479583,0.43205279,0.516952018,0.09394726823065172,0.9071789571173066,0.0,0.0,0.0,0.0,0.0,0.0,0.0,0.0,0.0,2.8079997337674203,0.0,0.0,1.5749999999999998e-09
1341.0,0.9966382572105817,0.331065995,0.540955981,0.07198829993509034,0.9246499572754915,0.0,0.0,0.0,0.0,0.0,0.0,0.0,0.0,0.0,2.963037997001617,0.0,0.0,1.5749999999999998e-09
1342.0,1.0006678608544932,0.210404948,0.546912368,0.04575128443635864,0.9549165764181345,0.0,0.0,0.0,0.0,0.0,0.0,0.0,0.0,0.0,2.9755781399694627,0.0,0.0,1.5749999999999998e-09
1343.0,1.0171912389437303,0.096837168,0.517616616,0.021056656981182052,0.9961345819625483,0.0,0.0,0.0,0.0,0.0,0.0,0.0,0.0,0.0,2.7238203748842635,0.0,0.0,1.5749999999999998e-09
1344.0,1.051012318829669,0.023184016,0.47167621,0.00504122417498038,1.0459710946546885,0.0,0.0,0.0,0.0,0.0,0.0,0.0,0.0,0.0,2.343823979884066,0.0,0.0,1.5749999999999998e-09
1345.0,1.078943636107937,0.001054736,0.461973645,0.0002293459692842735,1.0787142901386526,0.0,0.0,0.0,0.0,0.0,0.0,0.0,0.0,0.0,2.2413513675881065,0.0,0.0,1.5749999999999998e-09
1346.0,1.0838521425864018,0.0,0.462516546,0.0,1.0838521425864018,0.0,0.0,0.0,0.0,0.0,0.0,0.0,0.0,0.0,2.2401151813612636,0.0,0.0,1.5749999999999998e-09
1347.0,1.0657578647574315,0.0,0.465226039,0.0,1.0657578647574315,0.0,0.0,0.0,0.0,0.0,0.0,0.0,0.0,0.0,2.27768177055802,0.0,0.0,1.5749999999999998e-09
1348.0,1.0301611785424534,0.0,0.462605161,0.0,1.0301611785424534,0.0,0.0,0.0,0.0,0.0,0.0,0.0,0.0,0.0,2.2944429947611096,0.0,0.0,1.5749999999999998e-09
1349.0,0.9813809448095554,0.0,0.461986605,0.0,0.9813809448095554,0.0,0.0,0.0,0.0,0.0,0.0,0.0,0.0,0.0,2.338777852539756,0.0,0.0,1.5749999999999998e-09
1350.0,0.9388553872129559,0.0,0.465090678,0.0,0.9388553872129559,0.0,0.0,0.0,0.0,0.0,0.0,0.0,0.0,0.0,2.4036114493024785,0.0,0.0,1.5749999999999998e-09
1351.0,0.9120900071607558,0.0,0.465824946,0.0,0.9120900071607558,0.0,0.0,0.0,0.0,0.0,0.0,0.0,0.0,0.0,2.435653792654972,0.0,0.0,1.5749999999999998e-09
1352.0,0.8845814530560864,0.0,0.462510769,0.0,0.8845814530560864,0.0,0.0,0.0,0.0,0.0,0.0,0.0,0.0,0.0,2.4393443533298913,0.0,0.0,1.5749999999999998e-09
1353.0,0.8695488737367337,0.0,0.452899929,0.0,0.8695488737367337,0.0,0.0,0.0,0.0,0.0,0.0,0.0,0.0,0.0,2.3853067158278773,0.0,0.0,1.5749999999999998e-09
1354.0,0.87934808603373,0.0,0.438725165,0.0,0.87934808603373,0.0,0.0,0.0,0.0,0.0,0.0,0.0,0.0,0.0,2.273637737425974,0.0,0.0,1.5749999999999998e-09
1355.0,0.9140436190892011,0.000639251,0.422453749,0.0001390012668676722,0.9139046178223333,0.0,0.0,0.0,0.0,0.0,0.0,0.0,0.0,0.0,2.122143432132595,0.0,0.0,1.5749999999999998e-09
1356.0,0.9879204295049338,0.014261183,0.402295406,0.0031010080610459905,0.9848194214438877,0.0,0.0,0.0,0.0,0.0,0.0,0.0,0.0,0.0,1.906356679569069,0.0,0.0,1.5749999999999998e-09
1357.0,1.0484646126257504,0.071183606,0.395982358,0.015478444952310176,1.0329861676734402,0.0,0.0,0.0,0.0,0.0,0.0,0.0,0.0,0.0,1.812819955880346,0.0,0.0,1.5749999999999998e-09
1358.0,1.1306097865836329,0.184230147,0.398631597,0.04005973213685623,1.0905500544467766,0.0,0.0,0.0,0.0,0.0,0.0,0.0,0.0,0.0,1.774295353096923,0.0,0.0,1.5749999999999998e-09
1359.0,1.0472986753996822,0.320983192,0.363661438,0.06979585535451531,0.977502820045167,0.0,0.0,0.0,0.0,0.0,0.0,0.0,0.0,0.0,1.6360225713076866,0.0,0.0,1.5749999999999998e-09
1360.0,1.029464730972327,0.439923525,0.328708055,0.09565871199246004,0.9338060189798669,0.0,0.0,0.0,0.0,0.0,0.0,0.0,0.0,0.0,1.4285199202491097,0.0,0.0,1.5749999999999998e-09
1361.0,1.0089607005540324,0.522461789,0.302722083,0.11360615870909932,0.8953545418449331,0.0,0.0,0.0,0.0,0.0,0.0,0.0,0.0,0.0,1.2802180313563143,0.0,0.0,1.5749999999999998e-09
1362.0,0.9867033151315769,0.554187591,0.286990008,0.12050474263058389,0.8661985725009931,0.0,0.0,0.0,0.0,0.0,0.0,0.0,0.0,0.0,1.1963123087669805,0.0,0.0,1.5749999999999998e-09
1363.0,0.9670982140402035,0.529046558,0.282318256,0.11503797693547829,0.8520602371047252,0.0,0.0,0.0,0.0,0.0,0.0,0.0,0.0,0.0,1.1768761674707169,0.0,0.0,1.5749999999999998e-09
1364.0,0.9522325141578551,0.454698144,0.285449848,0.09887136360894118,0.8533611505489139,0.0,0.0,0.0,0.0,0.0,0.0,0.0,0.0,0.0,1.1980810639698896,0.0,0.0,1.5749999999999998e-09
1365.0,0.941572198686314,0.341507418,0.287946471,0.07425872426747504,0.8673134744188391,0.0,0.0,0.0,0.0,0.0,0.0,0.0,0.0,0.0,1.2020712187939397,0.0,0.0,1.5749999999999998e-09
1366.0,0.9400658250889319,0.211366478,0.286122069,0.04596036332419968,0.8941054617647322,0.0,0.0,0.0,0.0,0.0,0.0,0.0,0.0,0.0,1.1621678029246987,0.0,0.0,1.5749999999999998e-09
1367.0,0.9545755137724682,0.093478717,0.280694479,0.020326382106816584,0.9342491316656516,0.0,0.0,0.0,0.0,0.0,0.0,0.0,0.0,0.0,1.08301767592768,0.0,0.0,1.5749999999999998e-09
1368.0,0.986514184369694,0.023286538,0.266848895,0.005063516964325734,0.9814506674053682,0.0,0.0,0.0,0.0,0.0,0.0,0.0,0.0,0.0,0.9363120917490719,0.0,0.0,1.5749999999999998e-09
1369.0,1.0152176005229168,0.001194404,0.262750424,0.00025971593185120583,1.0149578845910656,0.0,0.0,0.0,0.0,0.0,0.0,0.0,0.0,0.0,0.8733503960156017,0.0,0.0,1.5749999999999998e-09
1370.0,1.021089563470579,0.0,0.26675276,0.0,1.021089563470579,0.0,0.0,0.0,0.0,0.0,0.0,0.0,0.0,0.0,0.8959823023494469,0.0,0.0,1.5749999999999998e-09
1371.0,1.0112614243512479,0.0,0.259844523,0.0,1.0112614243512479,0.0,0.0,0.0,0.0,0.0,0.0,0.0,0.0,0.0,0.8561630196572215,0.0,0.0,1.5749999999999998e-09
1372.0,0.9862249251456685,0.0,0.2450896,0.0,0.9862249251456685,0.0,0.0,0.0,0.0,0.0,0.0,0.0,0.0,0.0,0.7751603244955493,0.0,0.0,1.5749999999999998e-09
1373.0,0.9240341889804403,0.0,0.227612385,0.0,0.9240341889804403,0.0,0.0,0.0,0.0,0.0,0.0,0.0,0.0,0.0,0.7117475723617709,0.0,0.0,1.5749999999999998e-09
1374.0,0.9122724624251827,0.0,0.211770108,0.0,0.9122724624251826,0.0,0.0,0.0,0.0,0.0,0.0,0.0,0.0,0.0,0.6096556183506956,0.0,0.0,1.5749999999999998e-09
1375.0,0.8889136669189355,0.0,0.19860386,0.0,0.8889136669189355,0.0,0.0,0.0,0.0,0.0,0.0,0.0,0.0,0.0,0.538392548953992,0.0,0.0,1.5749999999999998e-09
1376.0,0.8868844016858123,0.0,0.188252877,0.0,0.8868844016858123,0.0,0.0,0.0,0.0,0.0,0.0,0.0,0.0,0.0,0.4660324122072395,0.0,0.0,1.5749999999999998e-09
1377.0,0.8907671513851632,0.0,0.179453452,0.0,0.8907671513851632,0.0,0.0,0.0,0.0,0.0,0.0,0.0,0.0,0.0,0.39891084127547327,0.0,0.0,1.5749999999999998e-09
1378.0,0.8940758313015594,0.0,0.174158466,0.0,0.8940758313015594,0.0,0.0,0.0,0.0,0.0,0.0,0.0,0.0,0.0,0.35754868933310463,0.0,0.0,1.5749999999999998e-09
1379.0,0.9067520620112363,0.000965479,0.171463141,0.0002099375740266864,0.9065421244372095,0.0,0.0,0.0,0.0,0.0,0.0,0.0,0.0,0.0,0.3257119059849397,0.0,0.0,1.5749999999999998e-09
1380.0,0.9390912444571821,0.019234338,0.17026946,0.004182390562331555,0.9349088538948505,0.0,0.0,0.0,0.0,0.0,0.0,0.0,0.0,0.0,0.2887665501548334,0.0,0.0,1.5749999999999998e-09
1381.0,0.9727676952310705,0.086996817,0.177253668,0.018916932122836013,0.9538507631082345,0.0,0.0,0.0,0.0,0.0,0.0,0.0,0.0,0.0,0.3200180434833204,0.0,0.0,1.5749999999999998e-09
1382.0,0.9876155944534857,0.206934688,0.173897028,0.044996697370620446,0.9426188970828653,0.0,0.0,0.0,0.0,0.0,0.0,0.0,0.0,0.0,0.30712674726779615,0.0,0.0,1.5749999999999998e-09
1383.0,0.9802439334058974,0.343478575,0.161116121,0.07468734044515028,0.9055565929607472,0.0,0.0,0.0,0.0,0.0,0.0,0.0,0.0,0.0,0.2523365163707367,0.0,0.0,1.5749999999999998e-09
1384.0,0.9611817504426332,0.455261962,0.161414592,0.09899396242581092,0.8621877880168223,0.0,0.0,0.0,0.0,0.0,0.0,0.0,0.0,0.0,0.2978503426327659,0.0,0.0,1.5749999999999998e-09
1385.0,0.9376427235045448,0.526269688,0.169050677,0.11443416333498828,0.8232085601695566,0.0,0.0,0.0,0.0,0.0,0.0,0.0,0.0,0.0,0.39170781698256213,0.0,0.0,1.5749999999999998e-09
1386.0,0.9147912428066913,0.545947699,0.181501341,0.11871302790999244,0.7960782148966988,0.0,0.0,0.0,0.0,0.0,0.0,0.0,0.0,0.0,0.5083173401472557,0.0,0.0,1.5749999999999998e-09
1387.0,0.893281481101726,0.514908097,0.196077264,0.11196365403170624,0.7813178270700197,0.0,0.0,0.0,0.0,0.0,0.0,0.0,0.0,0.0,0.6278305031716835,0.0,0.0,1.5749999999999998e-09
1388.0,0.8770918638863473,0.439150319,0.212415726,0.09549058302035099,0.7816012808659963,0.0,0.0,0.0,0.0,0.0,0.0,0.0,0.0,0.0,0.7449666623198039,0.0,0.0,1.5749999999999998e-09
1389.0,0.865799628986881,0.32786831,0.223688549,0.07129298265589366,0.7945066463309873,0.0,0.0,0.0,0.0,0.0,0.0,0.0,0.0,0.0,0.8130756856906357,0.0,0.0,1.5749999999999998e-09
1390.0,0.8652633863562278,0.198522892,0.234497242,0.04316760316406869,0.822095783192159,0.0,0.0,0.0,0.0,0.0,0.0,0.0,0.0,0.0,0.8631653749326534,0.0,0.0,1.5749999999999998e-09
1391.0,0.8764020918136772,0.085127983,0.253761483,0.018510565463158702,0.8578915263505186,0.0,0.0,0.0,0.0,0.0,0.0,0.0,0.0,0.0,0.9658159385246973,0.0,0.0,1.5749999999999998e-09
1392.0,0.9057596797196287,0.020905717,0.276189545,0.004545821825506776,0.9012138578941218,0.0,0.0,0.0,0.0,0.0,0.0,0.0,0.0,0.0,1.0836773438056622,0.0,0.0,1.5749999999999998e-09
1393.0,0.942026113514758,0.000952583,0.299286681,0.0002071334167590005,0.9418189800979989,0.0,0.0,0.0,0.0,0.0,0.0,0.0,0.0,0.0,1.2090643920543755,0.0,0.0,1.5749999999999998e-09
1394.0,0.9505881869458788,0.0,0.317394298,0.0,0.9505881869458788,0.0,0.0,0.0,0.0,0.0,0.0,0.0,0.0,0.0,1.3304291830993173,0.0,0.0,1.5749999999999998e-09
1395.0,0.9462159220981425,0.0,0.318708113,0.0,0.9462159220981425,0.0,0.0,0.0,0.0,0.0,0.0,0.0,0.0,0.0,1.3442434412497373,0.0,0.0,1.5749999999999998e-09
1396.0,0.9278813363600003,0.0,0.314482925,0.0,0.9278813363600003,0.0,0.0,0.0,0.0,0.0,0.0,0.0,0.0,0.0,1.3322128714685877,0.0,0.0,1.5749999999999998e-09
1397.0,0.8969795497042148,0.0,0.303612666,0.0,0.8969795497042149,0.0,0.0,0.0,0.0,0.0,0.0,0.0,0.0,0.0,1.2849933756938667,0.0,0.0,1.5749999999999998e-09
1398.0,0.8671101953249993,0.0,0.291572969,0.0,0.8671101953249994,0.0,0.0,0.0,0.0,0.0,0.0,0.0,0.0,0.0,1.2283370484205376,0.0,0.0,1.5749999999999998e-09
1399.0,0.84373804882384,0.0,0.278313249,0.0,0.84373804882384,0.0,0.0,0.0,0.0,0.0,0.0,0.0,0.0,0.0,1.1564155748644902,0.0,0.0,1.5749999999999998e-09
1400.0,0.8283472324732402,0.0,0.266893716,0.0,0.8283472324732402,0.0,0.0,0.0,0.0,0.0,0.0,0.0,0.0,0.0,1.0897376417292242,0.0,0.0,1.5749999999999998e-09
1401.0,0.8206418115517186,0.0,0.257855118,0.0,0.8206418115517186,0.0,0.0,0.0,0.0,0.0,0.0,0.0,0.0,0.0,1.032485376993596,0.0,0.0,1.5749999999999998e-09
1402.0,0.8214472869140288,0.0,0.25375313,0.0,0.8214472869140288,0.0,0.0,0.0,0.0,0.0,0.0,0.0,0.0,0.0,1.0022001474621764,0.0,0.0,1.5749999999999998e-09
1403.0,0.8310684946115439,0.001277954,0.250833267,0.00027788337444698436,0.8307906112370969,0.0,0.0,0.0,0.0,0.0,0.0,0.0,0.0,0.0,0.9718726458456896,0.0,0.0,1.5749999999999998e-09
1404.0,0.850849376469813,0.020610649,0.249645062,0.004481661072043567,0.8463677153977694,0.0,0.0,0.0,0.0,0.0,0.0,0.0,0.0,0.0,0.9477562696777594,0.0,0.0,1.5749999999999998e-09
1405.0,0.8733871207863272,0.083451395,0.252829358,0.01814600153441219,0.8552411192519149,0.0,0.0,0.0,0.0,0.0,0.0,0.0,0.0,0.0,0.9617674435653522,0.0,0.0,1.5749999999999998e-09
1406.0,0.8843722968017598,0.195457309,0.249280397,0.04250101066646133,0.8418712861352985,0.0,0.0,0.0,0.0,0.0,0.0,0.0,0.0,0.0,0.9496319612505836,0.0,0.0,1.5749999999999998e-09
1407.0,0.8816710601558997,0.330240868,0.271552026,0.07180888105529709,0.8098621791006025,0.0,0.0,0.0,0.0,0.0,0.0,0.0,0.0,0.0,1.141700568182793,0.0,0.0,1.5749999999999998e-09
1408.0,0.8702430954744247,0.446874979,0.317756801,0.09717026365616076,0.7730728318182639,0.0,0.0,0.0,0.0,0.0,0.0,0.0,0.0,0.0,1.5105497382727546,0.0,0.0,1.5749999999999998e-09
1409.0,0.858528096401435,0.525301029,0.344602099,0.11422353428917877,0.7443045621122564,0.0,0.0,0.0,0.0,0.0,0.0,0.0,0.0,0.0,1.7322470915442134,0.0,0.0,1.5749999999999998e-09
1410.0,0.8480902881791326,0.553575215,0.359720703,0.12037158517005686,0.7277187030090757,0.0,0.0,0.0,0.0,0.0,0.0,0.0,0.0,0.0,1.8574858109922094,0.0,0.0,1.5749999999999998e-09
1411.0,0.8402847387954686,0.526759172,0.368488923,0.11454059867276868,0.7257441401226999,0.0,0.0,0.0,0.0,0.0,0.0,0.0,0.0,0.0,1.9224749341602503,0.0,0.0,1.5749999999999998e-09
1412.0,0.8329887300526335,0.450280581,0.367527627,0.09791079123053621,0.7350779388220973,0.0,0.0,0.0,0.0,0.0,0.0,0.0,0.0,0.0,1.9062325901984711,0.0,0.0,1.5749999999999998e-09
1413.0,0.8303364457215516,0.335900712,0.353357651,0.07303957992987592,0.7572968657916758,0.0,0.0,0.0,0.0,0.0,0.0,0.0,0.0,0.0,1.7821783070400943,0.0,0.0,1.5749999999999998e-09
1414.0,0.8361305305320256,0.208233757,0.329760626,0.045279172074216556,0.790851358457809,0.0,0.0,0.0,0.0,0.0,0.0,0.0,0.0,0.0,1.5790390920095068,0.0,0.0,1.5749999999999998e-09
1415.0,0.8562340481016756,0.096734489,0.303925038,0.021034330053135472,0.83519971804854,0.0,0.0,0.0,0.0,0.0,0.0,0.0,0.0,0.0,1.3490181309742117,0.0,0.0,1.5749999999999998e-09
1416.0,0.9802928857206757,0.026410108,0.279324278,0.0057427183846596175,0.9745501673360161,0.0,0.0,0.0,0.0,0.0,0.0,0.0,0.0,0.0,1.032869417729539,0.0,0.0,1.5749999999999998e-09
1417.0,1.0118466182967547,0.001605812,0.276489849,0.00034917411525568277,1.011497444181499,0.0,0.0,0.0,0.0,0.0,0.0,0.0,0.0,0.0,0.9755519520561531,0.0,0.0,1.5749999999999998e-09
1418.0,1.1339429426574181,0.0,0.271538687,0.0,1.1339429426574181,0.0,0.0,0.0,0.0,0.0,0.0,0.0,0.0,0.0,0.8175239412444019,0.0,0.0,1.5749999999999998e-09
1419.0,1.0102890685520085,0.0,0.255872453,0.0,1.0102890685520085,0.0,0.0,0.0,0.0,0.0,0.0,0.0,0.0,0.0,0.8285893028832371,0.0,0.0,1.5749999999999998e-09
1420.0,0.9450054832222419,0.0,0.238091945,0.0,0.9450054832222419,0.0,0.0,0.0,0.0,0.0,0.0,0.0,0.0,0.0,0.7660897243320082,0.0,0.0,1.5749999999999998e-09
1421.0,0.8949725347960457,0.0,0.222969034,0.0,0.8949725347960457,0.0,0.0,0.0,0.0,0.0,0.0,0.0,0.0,0.0,0.7074388592996289,0.0,0.0,1.5749999999999998e-09
1422.0,0.850715871520315,0.0,0.20574166,0.0,0.850715871520315,0.0,0.0,0.0,0.0,0.0,0.0,0.0,0.0,0.0,0.6278875664089097,0.0,0.0,1.5749999999999998e-09
1423.0,0.821000047583041,0.0,0.188998007,0.0,0.821000047583041,0.0,0.0,0.0,0.0,0.0,0.0,0.0,0.0,0.0,0.5372717915377851,0.0,0.0,1.5749999999999998e-09
1424.0,0.8006984989215413,0.0,0.175265207,0.0,0.8006984989215414,0.0,0.0,0.0,0.0,0.0,0.0,0.0,0.0,0.0,0.45887983645097036,0.0,0.0,1.5749999999999998e-09
1425.0,0.7946618813693851,0.0,0.162066638,0.0,0.7946618813693851,0.0,0.0,0.0,0.0,0.0,0.0,0.0,0.0,0.0,0.37006230779303917,0.0,0.0,1.5749999999999998e-09
1426.0,0.8000510036661934,0.0,0.154819621,0.0,0.8000510036661933,0.0,0.0,0.0,0.0,0.0,0.0,0.0,0.0,0.0,0.3125910537056565,0.0,0.0,1.5749999999999998e-09
1427.0,0.83193627228362,0.000854574,0.152228518,0.00018582195199096148,0.831750450331629,0.0,0.0,0.0,0.0,0.0,0.0,0.0,0.0,0.0,0.2622701289991245,0.0,0.0,1.5749999999999998e-09
1428.0,0.9025466776004291,0.011872956,0.149015541,0.002581702532282515,0.8999649750681467,0.0,0.0,0.0,0.0,0.0,0.0,0.0,0.0,0.0,0.170964904799078,0.0,0.0,1.5749999999999998e-09
1429.0,0.9580354992982956,0.052460169,0.141162121,0.011407146724983122,0.9825511126404263,0.0,0.0,0.03592276006711392,0.0,0.0,0.0,0.0,0.0,0.0,0.03193859943821277,0.0,0.0,1.5749999999999998e-09
1430.0,0.9700308572653441,0.143752384,0.126127822,0.03125808718523412,0.9064427264158622,0.0,0.0,0.0,0.032330043664247805,0.03233048406040253,0.0,0.0,0.0,0.0,0.0,0.0,0.0,1.7500238382997177e-09
1431.0,0.971299147786065,0.270664159,0.133037346,0.058854285713550815,0.9124448620725142,0.0,0.0,0.0,0.0,0.0,0.0,0.0,0.0,0.0,0.043654535436866454,0.0,0.0,1.5749999999999998e-09
1432.0,0.9728411227033132,0.382461993,0.168379958,0.0831640491070562,0.889677073596257,0.0,0.0,0.0,0.0,0.0,0.0,0.0,0.0,0.0,0.3204190478075388,0.0,0.0,1.5749999999999998e-09
1433.0,0.9706205018757965,0.455936389,0.192095607,0.09914061250130514,0.8714798893744913,0.0,0.0,0.0,0.0,0.0,0.0,0.0,0.0,0.0,0.5090534694080775,0.0,0.0,1.5749999999999998e-09
1434.0,0.965258080568888,0.485611956,0.208266064,0.10559338521189376,0.8596646953569942,0.0,0.0,0.0,0.0,0.0,0.0,0.0,0.0,0.0,0.6370808749586531,0.0,0.0,1.5749999999999998e-09
1435.0,0.9670270114004711,0.4703982,0.223714062,0.10228524590852833,0.8647417654919427,0.0,0.0,0.0,0.0,0.0,0.0,0.0,0.0,0.0,0.7430239207881806,0.0,0.0,1.5749999999999998e-09
1436.0,0.9641677956475732,0.412163686,0.235767552,0.08962250275846177,0.8745452928891113,0.0,0.0,0.0,0.0,0.0,0.0,0.0,0.0,0.0,0.8198452011866013,0.0,0.0,1.5749999999999998e-09
1437.0,0.9636404533468864,0.317646521,0.241148869,0.06907031640953029,0.8945701369373562,0.0,0.0,0.0,0.0,0.0,0.0,0.0,0.0,0.0,0.8384942640990906,0.0,0.0,1.5749999999999998e-09
1438.0,0.9682485754388488,0.204823649,0.23240084,0.04453766469737149,0.9237109107414773,0.0,0.0,0.0,0.0,0.0,0.0,0.0,0.0,0.0,0.7464840366582847,0.0,0.0,1.5749999999999998e-09
1439.0,0.9822420479841001,0.096095303,0.215147282,0.020895342920124998,0.9613467050639751,0.0,0.0,0.0,0.0,0.0,0.0,0.0,0.0,0.0,0.5848521096356265,0.0,0.0,1.5749999999999998e-09
1440.0,1.0103068692119415,0.025068939,0.216877036,0.005451089290479633,1.0048557799214617,0.0,0.0,0.0,0.0,0.0,0.0,0.0,0.0,0.0,0.5537742565888896,0.0,0.0,1.5749999999999998e-09
1441.0,1.0352899674376463,0.001515779,0.229541153,0.00032959698348757115,1.0349603704541588,0.0,0.0,0.0,0.0,0.0,0.0,0.0,0.0,0.0,0.6146828664675138,0.0,0.0,1.5749999999999998e-09
1442.0,1.0358128590733873,0.0,0.238043047,0.0,1.0358128590733873,0.0,0.0,0.0,0.0,0.0,0.0,0.0,0.0,0.0,0.674930933259911,0.0,0.0,1.5749999999999998e-09
1443.0,1.0119133702715413,0.0,0.249063539,0.0,1.0119133702715413,0.0,0.0,0.0,0.0,0.0,0.0,0.0,0.0,0.0,0.7780313838838379,0.0,0.0,1.5749999999999998e-09
1444.0,0.9713748000908182,0.0,0.262909832,0.0,0.9713748000908182,0.0,0.0,0.0,0.0,0.0,0.0,0.0,0.0,0.0,0.9180790978732353,0.0,0.0,1.5749999999999998e-09
1445.0,0.9181021485555227,0.0,0.27596855,0.0,0.9181021485555227,0.0,0.0,0.0,0.0,0.0,0.0,0.0,0.0,0.0,1.065200828538874,0.0,0.0,1.5749999999999998e-09
1446.0,0.8731312380496575,0.0,0.287789316,0.0,0.8731312380496576,0.0,0.0,0.0,0.0,0.0,0.0,0.0,0.0,0.0,1.195124029439193,0.0,0.0,1.5749999999999998e-09
1447.0,0.840734202958967,0.0,0.298217891,0.0,0.840734202958967,0.0,0.0,0.0,0.0,0.0,0.0,0.0,0.0,0.0,1.3024680968795923,0.0,0.0,1.5749999999999998e-09
1448.0,0.8183789139068797,0.0,0.30361056,0.0,0.8183789139068797,0.0,0.0,0.0,0.0,0.0,0.0,0.0,0.0,0.0,1.3635788763025374,0.0,0.0,1.5749999999999998e-09
1449.0,0.8082192397461255,0.0,0.300467897,0.0,0.8082192397461255,0.0,0.0,0.0,0.0,0.0,0.0,0.0,0.0,0.0,1.3511531765723013,0.0,0.0,1.5749999999999998e-09
1450.0,0.8161938943992291,3.48e-10,0.299273449,7.567049698780281e-11,0.8161938943235586,0.0,0.0,0.0,0.0,0.0,0.0,0.0,0.0,0.0,1.3345943834240626,0.0,0.0,1.5749999999999998e-09
1451.0,0.8478232792800612,0.000670834,0.301162674,0.00014586879935722904,0.847677410480704,0.0,0.0,0.0,0.0,0.0,0.0,0.0,0.0,0.0,1.316688159197107,0.0,0.0,1.5749999999999998e-09
1452.0,0.9205697527896672,0.015044872,0.30033325,0.0032714164981548243,0.9172983362915125,0.0,0.0,0.0,0.0,0.0,0.0,0.0,0.0,0.0,1.2411064125301767,0.0,0.0,1.5749999999999998e-09
1453.0,0.9852436690164627,0.071939753,0.303233852,0.015642864547959132,0.9696008044685035,0.0,0.0,0.0,0.0,0.0,0.0,0.0,0.0,0.0,1.2096496986319467,0.0,0.0,1.5749999999999998e-09
1454.0,1.0093767892300995,0.178255257,0.304842093,0.03876052841344401,0.9706162608166555,0.0,0.0,0.0,0.0,0.0,0.0,0.0,0.0,0.0,1.2201921867060315,0.0,0.0,1.5749999999999998e-09
1455.0,1.015328854147536,0.311611741,0.344375988,0.06775808996754164,0.9475707641799944,0.0,0.0,0.0,0.0,0.0,0.0,0.0,0.0,0.0,1.5273558977176178,0.0,0.0,1.5749999999999998e-09
1456.0,1.0160698033674949,0.428285067,0.439756566,0.09312799963317363,0.9229418037343213,0.0,0.0,0.0,0.0,0.0,0.0,0.0,0.0,0.0,2.237456388540156,0.0,0.0,1.5749999999999998e-09
1457.0,1.0078570656377301,0.502455997,0.516558356,0.10925602013647114,0.8986010455012591,0.0,0.0,0.0,0.0,0.0,0.0,0.0,0.0,0.0,2.8137485149750607,0.0,0.0,1.5749999999999998e-09
1458.0,0.9966605085354605,0.525695891,0.569532312,0.11430939464487302,0.8823511138905874,0.0,0.0,0.0,0.0,0.0,0.0,0.0,0.0,0.0,3.2107063375510894,0.0,0.0,1.5749999999999998e-09
1459.0,1.002016254344913,0.496281391,0.609285964,0.10791338937577037,0.8941028649691426,0.0,0.0,0.0,0.0,0.0,0.0,0.0,0.0,0.0,3.4846521283191487,0.0,0.0,1.5749999999999998e-09
1460.0,0.9811272869053961,0.41864457,0.628373068,0.09103173181938219,0.8900955550860139,0.0,0.0,0.0,0.0,0.0,0.0,0.0,0.0,0.0,3.62583271460392,0.0,0.0,1.5749999999999998e-09
1461.0,0.9803062357156632,0.306455936,0.619086825,0.06663699132753531,0.9136692443881279,0.0,0.0,0.0,0.0,0.0,0.0,0.0,0.0,0.0,3.535521589503697,0.0,0.0,1.5749999999999998e-09
1462.0,0.9828717425795149,0.183424673,0.577139446,0.03988458668314717,0.9429871558963677,0.0,0.0,0.0,0.0,0.0,0.0,0.0,0.0,0.0,3.2047404799172456,0.0,0.0,1.5749999999999998e-09
1463.0,0.9987587505758807,0.080397939,0.53545833,0.017482045979669698,0.9812767045962111,0.0,0.0,0.0,0.0,0.0,0.0,0.0,0.0,0.0,2.866901285247175,0.0,0.0,1.5749999999999998e-09
1464.0,1.0346802973347504,0.022915351,0.527931644,0.004982804594310185,1.02969749274044,0.0,0.0,0.0,0.0,0.0,0.0,0.0,0.0,0.0,2.76438846831396,0.0,0.0,1.5749999999999998e-09
1465.0,1.068701634144974,0.001814681,0.531629045,0.0003945914170813879,1.0683070427278927,0.0,0.0,0.0,0.0,0.0,0.0,0.0,0.0,0.0,2.7523510273976743,0.0,0.0,1.5749999999999998e-09
1466.0,1.0735812148010284,0.0,0.529819186,0.0,1.0735812148010284,0.0,0.0,0.0,0.0,0.0,0.0,0.0,0.0,0.0,2.7340699429686883,0.0,0.0,1.5749999999999998e-09
1467.0,1.0549840708287603,0.0,0.523580926,0.0,1.0549840708287603,0.0,0.0,0.0,0.0,0.0,0.0,0.0,0.0,0.0,2.7078345883468633,0.0,0.0,1.5749999999999998e-09
1468.0,1.0140917152816606,0.0,0.512459446,0.0,1.0140917152816606,0.0,0.0,0.0,0.0,0.0,0.0,0.0,0.0,0.0,2.6688002116859066,0.0,0.0,1.5749999999999998e-09
1469.0,0.962178581399337,0.0,0.502152375,0.0,0.962178581399337,0.0,0.0,0.0,0.0,0.0,0.0,0.0,0.0,0.0,2.646639525926741,0.0,0.0,1.5749999999999998e-09
1470.0,0.9175169556099406,0.0,0.504432228,0.0,0.9175169556099406,0.0,0.0,0.0,0.0,0.0,0.0,0.0,0.0,0.0,2.7076857696091454,0.0,0.0,1.5749999999999998e-09
1471.0,0.8789208721951858,0.0,0.506312353,0.0,0.8789208721951858,0.0,0.0,0.0,0.0,0.0,0.0,0.0,0.0,0.0,2.7597937459907245,0.0,0.0,1.5749999999999998e-09
1472.0,0.8666740811564885,0.0,0.498634541,0.0,0.8666740811564885,0.0,0.0,0.0,0.0,0.0,0.0,0.0,0.0,0.0,2.716862411126411,0.0,0.0,1.5749999999999998e-09
1473.0,0.859062113199653,0.0,0.490121928,0.0,0.859062113199653,0.0,0.0,0.0,0.0,0.0,0.0,0.0,0.0,0.0,2.6632967894421364,0.0,0.0,1.5749999999999998e-09
1474.0,0.8663803722674421,1.07e-08,0.499663722,2.3266503384180745e-09,0.8663803699407917,0.0,0.0,0.0,0.0,0.0,0.0,0.0,0.0,0.0,2.7245525366845,0.0,0.0,1.5749999999999998e-09
1475.0,0.8977649995740816,0.001572561,0.509351209,0.000341943886246081,0.8974230556878355,0.0,0.0,0.0,0.0,0.0,0.0,0.0,0.0,0.0,2.7631309066978433,0.0,0.0,1.5749999999999998e-09
1476.0,0.9681284214842629,0.017116242,0.515578434,0.003721823387079034,0.964406598097184,0.0,0.0,0.0,0.0,0.0,0.0,0.0,0.0,0.0,2.740900557656133,0.0,0.0,1.5749999999999998e-09
1477.0,1.0218661130104794,0.05787724,0.521959223,0.012585056077822817,1.0092810569326565,0.0,0.0,0.0,0.0,0.0,0.0,0.0,0.0,0.0,2.7418829104751445,0.0,0.0,1.5749999999999998e-09
1478.0,1.0322638702478946,0.139495377,0.565186516,0.030332426738767,1.0019314435091276,0.0,0.0,0.0,0.0,0.0,0.0,0.0,0.0,0.0,3.059894078987585,0.0,0.0,1.5749999999999998e-09
1479.0,1.0322505202529073,0.260537606,0.640638607,0.05665232795986308,0.9755981922930443,0.0,0.0,0.0,0.0,0.0,0.0,0.0,0.0,0.0,3.628478817586188,0.0,0.0,1.5749999999999998e-09
1480.0,1.030232380182261,0.376065375,0.705005687,0.08177314317860469,0.9484592370036562,0.0,0.0,0.0,0.0,0.0,0.0,0.0,0.0,0.0,4.118204619785752,0.0,0.0,1.5749999999999998e-09
1481.0,1.0239599053858786,0.460337687,0.734454481,0.10009764815375176,0.9238622572321268,0.0,0.0,0.0,0.0,0.0,0.0,0.0,0.0,0.0,4.354441225927894,0.0,0.0,1.5749999999999998e-09
1482.0,1.016868603232349,0.502160337,0.750733684,0.10919173065618545,0.9076768725761637,0.0,0.0,0.0,0.0,0.0,0.0,0.0,0.0,0.0,4.487620346915855,0.0,0.0,1.5749999999999998e-09
1483.0,1.0142741705460874,0.496121402,0.769536631,0.10787860073455605,0.9063955698115314,0.0,0.0,0.0,0.0,0.0,0.0,0.0,0.0,0.0,4.62403277517739,0.0,0.0,1.5749999999999998e-09
1484.0,1.0135754981434508,0.442556619,0.784153558,0.0962312623706083,0.9173442357728425,0.0,0.0,0.0,0.0,0.0,0.0,0.0,0.0,0.0,4.718131567830734,0.0,0.0,1.5749999999999998e-09
1485.0,1.015117473060699,0.349563178,0.763660364,0.07601040059740166,0.9391070724632975,0.0,0.0,0.0,0.0,0.0,0.0,0.0,0.0,0.0,4.549090308760726,0.0,0.0,1.5749999999999998e-09
1486.0,1.0203130139306789,0.236340011,0.722665523,0.05139070715653098,0.9689223067741478,0.0,0.0,0.0,0.0,0.0,0.0,0.0,0.0,0.0,4.22465748052183,0.0,0.0,1.5749999999999998e-09
1487.0,1.0353900948998638,0.119615833,0.658684618,0.026009740030804668,1.009380354869059,0.0,0.0,0.0,0.0,0.0,0.0,0.0,0.0,0.0,3.7243879091077075,0.0,0.0,1.5749999999999998e-09
1488.0,1.0611875688178456,0.036240125,0.571553576,0.007880196177155453,1.05330737264069,0.0,0.0,0.0,0.0,0.0,0.0,0.0,0.0,0.0,3.0542762953162157,0.0,0.0,1.5749999999999998e-09
1489.0,1.07626020012201,0.002613418,0.519931519,0.0005682719508530738,1.075691928171157,0.0,0.0,0.0,0.0,0.0,0.0,0.0,0.0,0.0,2.6608995403781104,0.0,0.0,1.5749999999999998e-09
1490.0,1.0713539184760557,0.0,0.483667557,0.0,1.0713539184760557,0.0,0.0,0.0,0.0,0.0,0.0,0.0,0.0,0.0,2.404619360805493,0.0,0.0,1.5749999999999998e-09
1491.0,1.0468336354087615,0.0,0.451405244,0.0,1.0468336354087615,0.0,0.0,0.0,0.0,0.0,0.0,0.0,0.0,0.0,2.197280102556027,0.0,0.0,1.5749999999999998e-09
1492.0,1.002815055209692,0.0,0.422150505,0.0,1.002815055209692,0.0,0.0,0.0,0.0,0.0,0.0,0.0,0.0,0.0,2.0310536713115117,0.0,0.0,1.5749999999999998e-09
1493.0,0.9564134224112731,0.0,0.401058985,0.0,0.9564134224112731,0.0,0.0,0.0,0.0,0.0,0.0,0.0,0.0,0.0,1.9258768927023766,0.0,0.0,1.5749999999999998e-09
1494.0,0.9072082006722659,0.0,0.390186908,0.0,0.9072082006722658,0.0,0.0,0.0,0.0,0.0,0.0,0.0,0.0,0.0,1.8969477665916037,0.0,0.0,1.5749999999999998e-09
1495.0,0.8781821488076621,0.0,0.386988981,0.0,0.8781821488076621,0.0,0.0,0.0,0.0,0.0,0.0,0.0,0.0,0.0,1.902991278816707,0.0,0.0,1.5749999999999998e-09
1496.0,0.8581921106950665,0.0,0.379355828,0.0,0.8581921106950665,0.0,0.0,0.0,0.0,0.0,0.0,0.0,0.0,0.0,1.8681241418290346,0.0,0.0,1.5749999999999998e-09
1497.0,0.8513900687654871,0.0,0.367804632,0.0,0.8513900687654871,0.0,0.0,0.0,0.0,0.0,0.0,0.0,0.0,0.0,1.791911211886635,0.0,0.0,1.5749999999999998e-09
1498.0,0.8546965238493729,2.76e-09,0.366356988,6.001453209377464e-10,0.8546965232492276,0.0,0.0,0.0,0.0,0.0,0.0,0.0,0.0,0.0,1.7782009753234767,0.0,0.0,1.5749999999999998e-09
1499.0,0.8824342597008124,0.000904456,0.367901747,0.0001966684914471269,0.8822375912093652,0.0,0.0,0.0,0.0,0.0,0.0,0.0,0.0,0.0,1.7617616257424566,0.0,0.0,1.5749999999999998e-09
1500.0,0.9487814289619942,0.016162489,0.366847966,0.0035144355608905053,0.9452669934011038,0.0,0.0,0.0,0.0,0.0,0.0,0.0,0.0,0.0,1.691159016406261,0.0,0.0,1.5749999999999998e-09
1501.0,1.007937168607429,0.072197887,0.361330241,0.01569899422631962,0.9922381743811094,0.0,0.0,0.0,0.0,0.0,0.0,0.0,0.0,0.0,1.6045336051913672,0.0,0.0,1.5749999999999998e-09
1502.0,1.0309733294022199,0.186719683,0.392694247,0.04060106669544539,0.9903722627067744,0.0,0.0,0.0,0.0,0.0,0.0,0.0,0.0,0.0,1.8318031959204586,0.0,0.0,1.5749999999999998e-09
1503.0,1.0389880350402103,0.334563688,0.463544983,0.07274885214089713,0.9662391828993132,0.0,0.0,0.0,0.0,0.0,0.0,0.0,0.0,0.0,2.3651192084864863,0.0,0.0,1.5749999999999998e-09
1504.0,1.0397245335952234,0.457741683,0.516912277,0.09953316277196347,0.9401913708232599,0.0,0.0,0.0,0.0,0.0,0.0,0.0,0.0,0.0,2.7747017134457392,0.0,0.0,1.5749999999999998e-09
1505.0,1.0335677620884816,0.536723403,0.547228165,0.11670726048849073,0.9168605015999909,0.0,0.0,0.0,0.0,0.0,0.0,0.0,0.0,0.0,3.01590375285728,0.0,0.0,1.5749999999999998e-09
1506.0,1.0164302642313279,0.566513246,0.572904595,0.12318488182469364,0.8932453824066343,0.0,0.0,0.0,0.0,0.0,0.0,0.0,0.0,0.0,3.2240476528126316,0.0,0.0,1.5749999999999998e-09
1507.0,1.006530923472189,0.547367159,0.596289302,0.11902168090899909,0.88750924256319,0.0,0.0,0.0,0.0,0.0,0.0,0.0,0.0,0.0,3.397842649404717,0.0,0.0,1.5749999999999998e-09
1508.0,0.997679590817043,0.480009489,0.606310276,0.10437516261922777,0.8933044281978153,0.0,0.0,0.0,0.0,0.0,0.0,0.0,0.0,0.0,3.4640651903102553,0.0,0.0,1.5749999999999998e-09
1509.0,0.9904770360388188,0.375701407,0.597925054,0.08169400053651371,0.9087830355023051,0.0,0.0,0.0,0.0,0.0,0.0,0.0,0.0,0.0,3.3883245141714817,0.0,0.0,1.5749999999999998e-09
1510.0,0.9894179017724245,0.25413618,0.580201159,0.05526037656086699,0.9341575252115576,0.0,0.0,0.0,0.0,0.0,0.0,0.0,0.0,0.0,3.2355737211870617,0.0,0.0,1.5749999999999998e-09
1511.0,0.9954923454769573,0.130739873,0.535245151,0.02842859530469029,0.967063750172267,0.0,0.0,0.0,0.0,0.0,0.0,0.0,0.0,0.0,2.879582186307234,0.0,0.0,1.5749999999999998e-09
1512.0,1.0125697658568558,0.040346202,0.475570432,0.008773037807213458,1.0037967280496423,0.0,0.0,0.0,0.0,0.0,0.0,0.0,0.0,0.0,2.4139849488974896,0.0,0.0,1.5749999999999998e-09
1513.0,1.029660537231666,0.002981188,0.46062764,0.0006482413148680284,1.029012295916798,0.0,0.0,0.0,0.0,0.0,0.0,0.0,0.0,0.0,2.2813800286577455,0.0,0.0,1.5749999999999998e-09
1514.0,1.0234481389126147,0.0,0.461459047,0.0,1.0234481389126147,0.0,0.0,0.0,0.0,0.0,0.0,0.0,0.0,0.0,2.2929192577427044,0.0,0.0,1.5749999999999998e-09
1515.0,1.0107429833804524,0.0,0.459007171,0.0,1.0107429833804524,0.0,0.0,0.0,0.0,0.0,0.0,0.0,0.0,0.0,2.288003517813169,0.0,0.0,1.5749999999999998e-09
1516.0,0.9794184325511436,0.0,0.456437116,0.0,0.9794184325511436,0.0,0.0,0.0,0.0,0.0,0.0,0.0,0.0,0.0,2.300857856247636,0.0,0.0,1.5749999999999998e-09
1517.0,0.934743455766835,0.0,0.459230306,0.0,0.934743455766835,0.0,0.0,0.0,0.0,0.0,0.0,0.0,0.0,0.0,2.365606649568613,0.0,0.0,1.5749999999999998e-09
1518.0,0.8955354784165984,0.0,0.458569856,0.0,0.8955354784165984,0.0,0.0,0.0,0.0,0.0,0.0,0.0,0.0,0.0,2.4000681713853407,0.0,0.0,1.5749999999999998e-09
1519.0,0.8676864889405396,0.0,0.456264136,0.0,0.8676864889405396,0.0,0.0,0.0,0.0,0.0,0.0,0.0,0.0,0.0,2.411346644618349,0.0,0.0,1.5749999999999998e-09
1520.0,0.8497924670359291,0.0,0.452103913,0.0,0.8497924670359291,0.0,0.0,0.0,0.0,0.0,0.0,0.0,0.0,0.0,2.399342394921806,0.0,0.0,1.5749999999999998e-09
1521.0,0.8422761768762904,0.0,0.444887746,0.0,0.8422761768762904,0.0,0.0,0.0,0.0,0.0,0.0,0.0,0.0,0.0,2.3549982629633788,0.0,0.0,1.5749999999999998e-09
1522.0,0.843313059817806,2.2e-08,0.431712405,4.7837670509530504e-09,0.843313055034039,0.0,0.0,0.0,0.0,0.0,0.0,0.0,0.0,0.0,2.2592741712462097,0.0,0.0,1.5749999999999998e-09
1523.0,0.8539889511167698,0.000858212,0.415350501,0.00018661301310602364,0.8538023381036637,0.0,0.0,0.0,0.0,0.0,0.0,0.0,0.0,0.0,2.131196804628178,0.0,0.0,1.5749999999999998e-09
1524.0,0.878796268575579,0.015834059,0.398158289,0.0034430204421384827,0.8753532481334405,0.0,0.0,0.0,0.0,0.0,0.0,0.0,0.0,0.0,1.9860906371517173,0.0,0.0,1.5749999999999998e-09
1525.0,0.9078156459426515,0.078511501,0.396852707,0.017071851436575795,0.8907437945060757,0.0,0.0,0.0,0.0,0.0,0.0,0.0,0.0,0.0,1.9613172655714965,0.0,0.0,1.5749999999999998e-09
1526.0,0.9297014443388723,0.208316656,0.39332108,0.04529719796079642,0.8844042463780758,0.0,0.0,0.0,0.0,0.0,0.0,0.0,0.0,0.0,1.9422760725132744,0.0,0.0,1.5749999999999998e-09
1527.0,0.9377250503068294,0.366237309,0.371906734,0.07963608961926869,0.8580889606875607,0.0,0.0,0.0,0.0,0.0,0.0,0.0,0.0,0.0,1.8146928934173872,0.0,0.0,1.5749999999999998e-09
1528.0,0.9363811074813554,0.505008116,0.372248803,0.10981096299021255,0.8265701444911429,0.0,0.0,0.0,0.0,0.0,0.0,0.0,0.0,0.0,1.848670056646725,0.0,0.0,1.5749999999999998e-09
1529.0,0.9263682882650868,0.601701073,0.380456488,0.13083626216093167,0.7955320261041552,0.0,0.0,0.0,0.0,0.0,0.0,0.0,0.0,0.0,1.9386943388395264,0.0,0.0,1.5749999999999998e-09
1530.0,0.9169117361719903,0.643691916,0.387912089,0.13996691721480176,0.7769448189571885,0.0,0.0,0.0,0.0,0.0,0.0,0.0,0.0,0.0,2.0108627082578026,0.0,0.0,1.5749999999999998e-09
1531.0,0.906324848172692,0.627922341,0.393295761,0.13653791842877755,0.7697869297439144,0.0,0.0,0.0,0.0,0.0,0.0,0.0,0.0,0.0,2.0567114291085944,0.0,0.0,1.5749999999999998e-09
1532.0,0.9007065431291889,0.556752303,0.392338065,0.12106242375607407,0.7796441193731147,0.0,0.0,0.0,0.0,0.0,0.0,0.0,0.0,0.0,2.0399715663343874,0.0,0.0,1.5749999999999998e-09
1533.0,0.8965456603682144,0.439292667,0.376192745,0.0955215357327223,0.8010241246354921,0.0,0.0,0.0,0.0,0.0,0.0,0.0,0.0,0.0,1.9025600015985054,0.0,0.0,1.5749999999999998e-09
1534.0,0.8985437739464924,0.292574681,0.333135319,0.0636185963141318,0.8349251776323606,0.0,0.0,0.0,0.0,0.0,0.0,0.0,0.0,0.0,1.5592181765577873,0.0,0.0,1.5749999999999998e-09
1535.0,0.9063470984976459,0.141846568,0.293245866,0.030843679013144158,0.8755034194845018,0.0,0.0,0.0,0.0,0.0,0.0,0.0,0.0,0.0,1.2319664319113355,0.0,0.0,1.5749999999999998e-09
1536.0,0.9287468891995659,0.03941445,0.313049877,0.00857043396551984,0.920176455234046,0.0,0.0,0.0,0.0,0.0,0.0,0.0,0.0,0.0,1.329618867577683,0.0,0.0,1.5749999999999998e-09
1537.0,0.9505414604635356,0.002977764,0.352409409,0.0006474967867597346,0.9498939636767759,0.0,0.0,0.0,0.0,0.0,0.0,0.0,0.0,0.0,1.582766479064895,0.0,0.0,1.5749999999999998e-09
1538.0,0.9544064085030286,0.0,0.382428039,0.0,0.9544064085030286,0.0,0.0,0.0,0.0,0.0,0.0,0.0,0.0,0.0,1.7939889005750247,0.0,0.0,1.5749999999999998e-09
1539.0,0.9426535832776624,0.0,0.40483738,0.0,0.9426535832776624,0.0,0.0,0.0,0.0,0.0,0.0,0.0,0.0,0.0,1.9667909204279075,0.0,0.0,1.5749999999999998e-09
1540.0,0.9119253515563372,0.0,0.418458402,0.0,0.9119253515563372,0.0,0.0,0.0,0.0,0.0,0.0,0.0,0.0,0.0,2.095409341026437,0.0,0.0,1.5749999999999998e-09
1541.0,0.8997519879898827,0.0,0.425604852,0.0,0.8997519879898827,0.0,0.0,0.0,0.0,0.0,0.0,0.0,0.0,0.0,2.1589420915978823,0.0,0.0,1.5749999999999998e-09
1542.0,0.8421649232516711,0.0,0.422538572,0.0,0.8421649232516711,0.0,0.0,0.0,0.0,0.0,0.0,0.0,0.0,0.0,2.194492724095518,0.0,0.0,1.5749999999999998e-09
1543.0,0.8234520759897629,0.0,0.417063091,0.0,0.8234520759897629,0.0,0.0,0.0,0.0,0.0,0.0,0.0,0.0,0.0,2.173854936046541,0.0,0.0,1.5749999999999998e-09
1544.0,0.8015062001162868,0.0,0.411358224,0.0,0.8015062001162868,0.0,0.0,0.0,0.0,0.0,0.0,0.0,0.0,0.0,2.1548016484101624,0.0,0.0,1.5749999999999998e-09
1545.0,0.793380240853677,0.0,0.403564336,0.0,0.793380240853677,0.0,0.0,0.0,0.0,0.0,0.0,0.0,0.0,0.0,2.106915278465186,0.0,0.0,1.5749999999999998e-09
1546.0,0.7934047160111414,3.3e-07,0.394935706,7.175650576429576e-08,0.7934046442546356,0.0,0.0,0.0,0.0,0.0,0.0,0.0,0.0,0.0,2.0448795061337965,0.0,0.0,1.5749999999999998e-09
1547.0,0.799272228293858,0.002291997,0.389990762,0.0004983808967946927,0.7987738473970634,0.0,0.0,0.0,0.0,0.0,0.0,0.0,0.0,0.0,2.0039724775516037,0.0,0.0,1.5749999999999998e-09
1548.0,0.8162228202216392,0.0301561,0.386757784,0.00655726170751115,0.809665558514128,0.0,0.0,0.0,0.0,0.0,0.0,0.0,0.0,0.0,1.9698463257988916,0.0,0.0,1.5749999999999998e-09
1549.0,0.840602923841904,0.119219701,0.363530604,0.025923603521285206,0.8146793203206188,0.0,0.0,0.0,0.0,0.0,0.0,0.0,0.0,0.0,1.7979058064198166,0.0,0.0,1.5749999999999998e-09
1550.0,0.8629226115741252,0.272311719,0.315105761,0.05921253767911755,0.8037100738950077,0.0,0.0,0.0,0.0,0.0,0.0,0.0,0.0,0.0,1.4608602689607109,0.0,0.0,1.5749999999999998e-09
1551.0,0.8767336278550248,0.44494926,0.294883061,0.09675152769699738,0.7799821001580276,0.0,0.0,0.0,0.0,0.0,0.0,0.0,0.0,0.0,1.3392537793507377,0.0,0.0,1.5749999999999998e-09
1552.0,0.8772164685058789,0.589275806,0.327527041,0.12813446293939101,0.749082005566488,0.0,0.0,0.0,0.0,0.0,0.0,0.0,0.0,0.0,1.604756341209689,0.0,0.0,1.5749999999999998e-09
1553.0,0.8715336363200996,0.684111427,0.35779194,0.1487558956210488,0.7227777406990508,0.0,0.0,0.0,0.0,0.0,0.0,0.0,0.0,0.0,1.848565333656269,0.0,0.0,1.5749999999999998e-09
1554.0,0.8673972297165142,0.718702685,0.373042152,0.15627755563338588,0.7111196740831284,0.0,0.0,0.0,0.0,0.0,0.0,0.0,0.0,0.0,1.9698220877346606,0.0,0.0,1.5749999999999998e-09
1555.0,0.8619613809373627,0.690496776,0.386053517,0.15014435117355043,0.7118170297638123,0.0,0.0,0.0,0.0,0.0,0.0,0.0,0.0,0.0,2.0626334994137423,0.0,0.0,1.5749999999999998e-09
1556.0,0.8573999853277435,0.601629711,0.395436799,0.13082074492528212,0.7265792404024615,0.0,0.0,0.0,0.0,0.0,0.0,0.0,0.0,0.0,2.115306114683756,0.0,0.0,1.5749999999999998e-09
1557.0,0.853748643207598,0.464385552,0.379217353,0.10097783193619293,0.752770811271405,0.0,0.0,0.0,0.0,0.0,0.0,0.0,0.0,0.0,1.9725502630711487,0.0,0.0,1.5749999999999998e-09
1558.0,0.8596384068151933,0.300332298,0.334608155,0.06530544325042785,0.7943329635647655,0.0,0.0,0.0,0.0,0.0,0.0,0.0,0.0,0.0,1.6103952200328344,0.0,0.0,1.5749999999999998e-09
1559.0,0.8740101408842107,0.145025027,0.337389725,0.03153481571482621,0.8424753251693845,0.0,0.0,0.0,0.0,0.0,0.0,0.0,0.0,0.0,1.5822431655193547,0.0,0.0,1.5749999999999998e-09
1560.0,0.9096424284190547,0.041619417,0.38853918,0.009049890714748876,0.9005925377043058,0.0,0.0,0.0,0.0,0.0,0.0,0.0,0.0,0.0,1.8917217039432144,0.0,0.0,1.5749999999999998e-09
1561.0,0.9493399219176014,0.003240841,0.443497223,0.0007047012905989881,0.9486352206270025,0.0,0.0,0.0,0.0,0.0,0.0,0.0,0.0,0.0,2.2386459485823065,0.0,0.0,1.5749999999999998e-09
1562.0,0.9609214170410179,0.0,0.480152236,0.0,0.9609214170410179,0.0,0.0,0.0,0.0,0.0,0.0,0.0,0.0,0.0,2.489788307372621,0.0,0.0,1.5749999999999998e-09
1563.0,0.9448185772928693,0.0,0.491084149,0.0,0.9448185772928693,0.0,0.0,0.0,0.0,0.0,0.0,0.0,0.0,0.0,2.584455518308128,0.0,0.0,1.5749999999999998e-09
1564.0,0.9142928273283394,0.0,0.478928443,0.0,0.9142928273283394,0.0,0.0,0.0,0.0,0.0,0.0,0.0,0.0,0.0,2.5276218648243867,0.0,0.0,1.5749999999999998e-09
1565.0,0.874815616246521,0.0,0.46586897,0.0,0.874815616246521,0.0,0.0,0.0,0.0,0.0,0.0,0.0,0.0,0.0,2.4732445708179123,0.0,0.0,1.5749999999999998e-09
1566.0,0.8349712688034135,0.0,0.447259332,0.0,0.8349712688034135,0.0,0.0,0.0,0.0,0.0,0.0,0.0,0.0,0.0,2.3793470464134883,0.0,0.0,1.5749999999999998e-09
1567.0,0.815072457823069,0.0,0.429560245,0.0,0.8150724578230689,0.0,0.0,0.0,0.0,0.0,0.0,0.0,0.0,0.0,2.2720478417541785,0.0,0.0,1.5749999999999998e-09
1568.0,0.8035198895219874,0.0,0.410502079,0.0,0.8035198895219874,0.0,0.0,0.0,0.0,0.0,0.0,0.0,0.0,0.0,2.1466351023571213,0.0,0.0,1.5749999999999998e-09
1569.0,0.7941745910535103,0.0,0.389650993,0.0,0.7941745910535103,0.0,0.0,0.0,0.0,0.0,0.0,0.0,0.0,0.0,2.00612991627056,0.0,0.0,1.5749999999999998e-09
1570.0,0.8078298520599578,5.26e-07,0.373234287,1.1437552130915022e-07,0.8078297376844366,0.0,0.0,0.0,0.0,0.0,0.0,0.0,0.0,0.0,1.8744928405977792,0.0,0.0,1.5749999999999998e-09
1571.0,0.8353806819820248,0.002184698,0.359412405,0.00047504937766741043,0.8349056326043575,0.0,0.0,0.0,0.0,0.0,0.0,0.0,0.0,0.0,1.7480832363850873,0.0,0.0,1.5749999999999998e-09
1572.0,0.9091328877782259,0.029482703,0.339540605,0.006410835599292486,0.9027220521789333,0.0,0.0,0.0,0.0,0.0,0.0,0.0,0.0,0.0,1.53745416623774,0.0,0.0,1.5749999999999998e-09
1573.0,0.960507553197461,0.114749966,0.284530149,0.024951686656762857,0.9355558665406981,0.0,0.0,0.0,0.0,0.0,0.0,0.0,0.0,0.0,1.1092767478452974,0.0,0.0,1.5749999999999998e-09
1574.0,0.9706027012158636,0.256990773,0.229108655,0.055881090558016135,0.9147216106578474,0.0,0.0,0.0,0.0,0.0,0.0,0.0,0.0,0.0,0.7318133932025312,0.0,0.0,1.5749999999999998e-09
1575.0,0.972805521383447,0.416494004,0.220911574,0.09056410423885038,0.8822414171445967,0.0,0.0,0.0,0.0,0.0,0.0,0.0,0.0,0.0,0.7053836306690371,0.0,0.0,1.5749999999999998e-09
1576.0,0.9643569264094561,0.550317041,0.243055507,0.1196631149233536,0.8446938114861026,0.0,0.0,0.0,0.0,0.0,0.0,0.0,0.0,0.0,0.9020730234749395,0.0,0.0,1.5749999999999998e-09
1577.0,0.9693677861825736,0.637966169,0.263865928,0.13872188813113392,0.8306458980514397,0.0,0.0,0.0,0.0,0.0,0.0,0.0,0.0,0.0,1.0656791743387868,0.0,0.0,1.5749999999999998e-09
1578.0,0.9534540781962327,0.668935836,0.281082657,0.14545605506629697,0.8079980231299357,0.0,0.0,0.0,0.0,0.0,0.0,0.0,0.0,0.0,1.2120585030130007,0.0,0.0,1.5749999999999998e-09
1579.0,0.9535430814958982,0.643009408,0.295809789,0.13981850997469214,0.813724571521206,0.0,0.0,0.0,0.0,0.0,0.0,0.0,0.0,0.0,1.3121714234295425,0.0,0.0,1.5749999999999998e-09
1580.0,0.9520500578935035,0.56274396,0.29659993,0.12236527336231098,0.8296847845311925,0.0,0.0,0.0,0.0,0.0,0.0,0.0,0.0,0.0,1.301889716168216,0.0,0.0,1.5749999999999998e-09
1581.0,0.9380232098608212,0.434692441,0.275493831,0.09452124438882513,0.8435019654719961,0.0,0.0,0.0,0.0,0.0,0.0,0.0,0.0,0.0,1.1363893489311876,0.0,0.0,1.5749999999999998e-09
1582.0,0.9453503692585769,0.280660209,0.254221421,0.06102786637853622,0.8843225028800407,0.0,0.0,0.0,0.0,0.0,0.0,0.0,0.0,0.0,0.9426903980844645,0.0,0.0,1.5749999999999998e-09
1583.0,0.941743528788264,0.135422608,0.251734873,0.02944682773202414,0.9122967010562397,0.0,0.0,0.0,0.0,0.0,0.0,0.0,0.0,0.0,0.8968461272094448,0.0,0.0,1.5749999999999998e-09
1584.0,0.9752731246176669,0.042947404,0.268352458,0.009338653462689512,0.9659344711549774,0.0,0.0,0.0,0.0,0.0,0.0,0.0,0.0,0.0,0.9626339431154137,0.0,0.0,1.5749999999999998e-09
1585.0,0.9946312433023373,0.003878517,0.293584232,0.0008433600832346034,0.9937878832191026,0.0,0.0,0.0,0.0,0.0,0.0,0.0,0.0,0.0,1.1161137028622539,0.0,0.0,1.5749999999999998e-09
1586.0,0.9963512228190669,0.0,0.310534261,0.0,0.9963512228190669,0.0,0.0,0.0,0.0,0.0,0.0,0.0,0.0,0.0,1.235365124319433,0.0,0.0,1.5749999999999998e-09
1587.0,0.9757092387861778,0.0,0.317764261,0.0,0.9757092387861778,0.0,0.0,0.0,0.0,0.0,0.0,0.0,0.0,0.0,1.3079669440814023,0.0,0.0,1.5749999999999998e-09
1588.0,0.9280682422893729,0.0,0.30788972,0.0,0.9280682422893729,0.0,0.0,0.0,0.0,0.0,0.0,0.0,0.0,0.0,1.2846425839723887,0.0,0.0,1.5749999999999998e-09
1589.0,0.8802803908480824,0.0,0.292175175,0.0,0.8802803908480824,0.0,0.0,0.0,0.0,0.0,0.0,0.0,0.0,0.0,1.2194947263186255,0.0,0.0,1.5749999999999998e-09
1590.0,0.8276107339182269,0.0,0.276676635,0.0,0.8276107339182269,0.0,0.0,0.0,0.0,0.0,0.0,0.0,0.0,0.0,1.1607810371294516,0.0,0.0,1.5749999999999998e-09
1591.0,0.7938786563320288,0.0,0.262769915,0.0,0.7938786563320288,0.0,0.0,0.0,0.0,0.0,0.0,0.0,0.0,0.0,1.094569700230129,0.0,0.0,1.5749999999999998e-09
1592.0,0.7773997798926248,0.0,0.247239362,0.0,0.7773997798926248,0.0,0.0,0.0,0.0,0.0,0.0,0.0,0.0,0.0,0.9994351627467422,0.0,0.0,1.5749999999999998e-09
1593.0,0.76689076903059,0.0,0.231259148,0.0,0.76689076903059,0.0,0.0,0.0,0.0,0.0,0.0,0.0,0.0,0.0,0.8950991813051051,0.0,0.0,1.5749999999999998e-09
1594.0,0.7727916578006624,1.1e-06,0.222826051,2.3918835254765256e-07,0.7727914186123098,0.0,0.0,0.0,0.0,0.0,0.0,0.0,0.0,0.0,0.8285923996615041,0.0,0.0,1.5749999999999998e-09
1595.0,0.7993634564260339,0.0019071,0.221091291,0.00041468737013057106,0.7989487690559033,0.0,0.0,0.0,0.0,0.0,0.0,0.0,0.0,0.0,0.7899678507906106,0.0,0.0,1.5749999999999998e-09
1596.0,0.8629915883814223,0.026175832,0.217184275,0.005691776484221932,0.8572998118972004,0.0,0.0,0.0,0.0,0.0,0.0,0.0,0.0,0.0,0.7035382589104632,0.0,0.0,1.5749999999999998e-09
1597.0,0.9159527303677384,0.095896344,0.194515701,0.020852080487911786,0.8951006498798266,0.0,0.0,0.0,0.0,0.0,0.0,0.0,0.0,0.0,0.5028251966882102,0.0,0.0,1.5749999999999998e-09
1598.0,0.9338022506225162,0.224879607,0.154871222,0.048898711563539594,0.8849035390589767,0.0,0.0,0.0,0.0,0.0,0.0,0.0,0.0,0.0,0.2281093591819542,0.0,0.0,1.5749999999999998e-09
1599.0,0.9428093385521144,0.380746634,0.15496663,0.0827910546586582,0.8600182838934561,0.0,0.0,0.0,0.0,0.0,0.0,0.0,0.0,0.0,0.2536802829515189,0.0,0.0,1.5749999999999998e-09
1600.0,0.9485566968802451,0.513434176,0.180031635,0.11164315881736497,0.8369135380628802,0.0,0.0,0.0,0.0,0.0,0.0,0.0,0.0,0.0,0.45691968194234084,0.0,0.0,1.5749999999999998e-09
1601.0,0.9494266993848317,0.598190249,0.202257628,0.1300728546985273,0.8193538446863043,0.0,0.0,0.0,0.0,0.0,0.0,0.0,0.0,0.0,0.6342109030085001,0.0,0.0,1.5749999999999998e-09
1602.0,0.9460601668236904,0.629278659,0.21313272,0.13683284158146003,0.8092273252422304,0.0,0.0,0.0,0.0,0.0,0.0,0.0,0.0,0.0,0.7224934382006566,0.0,0.0,1.5749999999999998e-09
1603.0,0.9444358651041577,0.605079308,0.216182907,0.13157083894653968,0.812865026157618,0.0,0.0,0.0,0.0,0.0,0.0,0.0,0.0,0.0,0.7407765139744774,0.0,0.0,1.5749999999999998e-09
1604.0,0.944220033352375,0.52908277,0.214822488,0.11504585101604416,0.8291741823363308,0.0,0.0,0.0,0.0,0.0,0.0,0.0,0.0,0.0,0.7146904355602571,0.0,0.0,1.5749999999999998e-09
1605.0,0.9417190536307996,0.413115632,0.202992786,0.08982949766342027,0.8518895559673793,0.0,0.0,0.0,0.0,0.0,0.0,0.0,0.0,0.0,0.6069585511900697,0.0,0.0,1.5749999999999998e-09
1606.0,0.9417947059355528,0.274608764,0.185234946,0.05971201623300647,0.8820826897025464,0.0,0.0,0.0,0.0,0.0,0.0,0.0,0.0,0.0,0.4491451616729812,0.0,0.0,1.5749999999999998e-09
1607.0,0.9460601668236904,0.141797682,0.188143071,0.030833049047869026,0.9152271177758214,0.0,0.0,0.0,0.0,0.0,0.0,0.0,0.0,0.0,0.4369005534170826,0.0,0.0,1.5749999999999998e-09
1608.0,0.9663772913126127,0.045886031,0.211522515,0.009977640145309559,0.9563996511673032,0.0,0.0,0.0,0.0,0.0,0.0,0.0,0.0,0.0,0.5637490531759788,0.0,0.0,1.5749999999999998e-09
1609.0,0.9939993228744873,0.004046726,0.23648056,0.0008799361137743197,0.993119386760713,0.0,0.0,0.0,0.0,0.0,0.0,0.0,0.0,0.0,0.7063952813887924,0.0,0.0,1.5749999999999998e-09
1610.0,0.9907151181155555,8.56e-10,0.251886336,1.8613202707344598e-10,0.9907151179294234,0.0,0.0,0.0,0.0,0.0,0.0,0.0,0.0,0.0,0.8195162293679392,0.0,0.0,1.5749999999999998e-09
1611.0,0.9636271033518989,0.0,0.266468176,0.0,0.9636271033518989,0.0,0.0,0.0,0.0,0.0,0.0,0.0,0.0,0.0,0.9513995428427988,0.0,0.0,1.5749999999999998e-09
1612.0,0.9209880662982451,0.0,0.280697802,0.0,0.9209880662982451,0.0,0.0,0.0,0.0,0.0,0.0,0.0,0.0,0.0,1.0963026226967638,0.0,0.0,1.5749999999999998e-09
1613.0,0.8679201213522553,0.0,0.291363129,0.0,0.8679201213522553,0.0,0.0,0.0,0.0,0.0,0.0,0.0,0.0,0.0,1.226019065418262,0.0,0.0,1.5749999999999998e-09
1614.0,0.8192600415739432,0.0,0.293876635,0.0,0.8192600415739432,0.0,0.0,0.0,0.0,0.0,0.0,0.0,0.0,0.0,1.2927429569343416,0.0,0.0,1.5749999999999998e-09
1615.0,0.7809309680581844,0.0,0.287998642,0.0,0.7809309680581844,0.0,0.0,0.0,0.0,0.0,0.0,0.0,0.0,0.0,1.2888286624422602,0.0,0.0,1.5749999999999998e-09
1616.0,0.7558343913753499,0.0,0.277673827,0.0,0.7558343913753498,0.0,0.0,0.0,0.0,0.0,0.0,0.0,0.0,0.0,1.2397238986917412,0.0,0.0,1.5749999999999998e-09
1617.0,0.7450249961268127,0.0,0.261300212,0.0,0.7450249961268127,0.0,0.0,0.0,0.0,0.0,0.0,0.0,0.0,0.0,1.132861046956709,0.0,0.0,1.5749999999999998e-09
1618.0,0.7482624744034015,9.48e-07,0.248455387,2.0613687110470417e-07,0.7482622682665304,0.0,0.0,0.0,0.0,0.0,0.0,0.0,0.0,0.0,1.0373118803538126,0.0,0.0,1.5749999999999998e-09
1619.0,0.7774709825323569,0.001585976,0.241581908,0.000344860896927378,0.7771261216354296,0.0,0.0,0.0,0.0,0.0,0.0,0.0,0.0,0.0,0.959050400466617,0.0,0.0,1.5749999999999998e-09
1620.0,0.835794544825657,0.020703458,0.230917463,0.0045018418282359255,0.831292702997421,0.0,0.0,0.0,0.0,0.0,0.0,0.0,0.0,0.0,0.8282416599978741,0.0,0.0,1.5749999999999998e-09
1621.0,0.888428601435571,0.080272614,0.20618353,0.01745479481577603,0.8709738066197951,0.0,0.0,0.0,0.0,0.0,0.0,0.0,0.0,0.0,0.6108052181162914,0.0,0.0,1.5749999999999998e-09
1622.0,0.9122746882576179,0.20094168,0.153083431,0.043693553997597806,0.8685811342600201,0.0,0.0,0.0,0.0,0.0,0.0,0.0,0.0,0.0,0.23158344770457215,0.0,0.0,1.5749999999999998e-09
1623.0,0.9259165982691533,0.351438918,0.124992364,0.07641826892504504,0.8494983293441083,0.0,0.0,0.0,0.0,0.0,0.0,0.0,0.0,0.0,0.048784201890941896,0.0,0.0,1.5749999999999998e-09
1624.0,0.9369106746145525,0.483117189,0.157161379,0.10505091320396626,0.8318597614105862,0.0,0.0,0.0,0.0,0.0,0.0,0.0,0.0,0.0,0.2976118064726411,0.0,0.0,1.5749999999999998e-09
1625.0,0.9425712554754531,0.573038194,0.189730881,0.1246036923361292,0.8179675631393238,0.0,0.0,0.0,0.0,0.0,0.0,0.0,0.0,0.0,0.5455712210230118,0.0,0.0,1.5749999999999998e-09
1626.0,0.9441888826974545,0.609613608,0.210952981,0.1325567950801368,0.8116320876173176,0.0,0.0,0.0,0.0,0.0,0.0,0.0,0.0,0.0,0.7044235471433745,0.0,0.0,1.5749999999999998e-09
1627.0,0.9445092925764004,0.589809863,0.226641223,0.1282505904066606,0.8162587021697397,0.0,0.0,0.0,0.0,0.0,0.0,0.0,0.0,0.0,0.812543609935082,0.0,0.0,1.5749999999999998e-09
1628.0,0.9447763014754719,0.518759808,0.232927865,0.11280118531223324,0.8319751161632386,0.0,0.0,0.0,0.0,0.0,0.0,0.0,0.0,0.0,0.8420074014198041,0.0,0.0,1.5749999999999998e-09
1629.0,0.9432031759033029,0.407718941,0.225311089,0.08865601981842142,0.8545471560848816,0.0,0.0,0.0,0.0,0.0,0.0,0.0,0.0,0.0,0.7646958829718538,0.0,0.0,1.5749999999999998e-09
1630.0,0.9447050988357395,0.274216982,0.220366039,0.059626825604699354,0.8850782732310402,0.0,0.0,0.0,0.0,0.0,0.0,0.0,0.0,0.0,0.6986261785958074,0.0,0.0,1.5749999999999998e-09
1631.0,0.949824987400966,0.145593957,0.236966927,0.03165852610520342,0.9181664612957626,0.0,0.0,0.0,0.0,0.0,0.0,0.0,0.0,0.0,0.7848435802180643,0.0,0.0,1.5749999999999998e-09
1632.0,0.971150068009069,0.048834113,0.274926363,0.01061868276054173,0.9605313852485272,0.0,0.0,0.0,0.0,0.0,0.0,0.0,0.0,0.0,1.0152817072927602,0.0,0.0,1.5749999999999998e-09
1633.0,0.9932249981670975,0.004660875,0.313826119,0.0010134791024368546,0.9922115190646607,0.0,0.0,0.0,0.0,0.0,0.0,0.0,0.0,0.0,1.2631624215625614,0.0,0.0,1.5749999999999998e-09
1634.0,0.986910246553393,1.15e-08,0.339500659,2.5006055039072765e-09,0.9869102440527875,0.0,0.0,0.0,0.0,0.0,0.0,0.0,0.0,0.0,1.4529788944748077,0.0,0.0,1.5749999999999998e-09
1635.0,0.9612618524124072,0.0,0.35209863,0.0,0.9612618524124072,0.0,0.0,0.0,0.0,0.0,0.0,0.0,0.0,0.0,1.5691651151165327,0.0,0.0,1.5749999999999998e-09
1636.0,0.9178796423062088,0.0,0.354019962,0.0,0.9178796423062088,0.0,0.0,0.0,0.0,0.0,0.0,0.0,0.0,0.0,1.6263553605064138,0.0,0.0,1.5749999999999998e-09
1637.0,0.8627112294873635,0.0,0.349712034,0.0,0.8627112294873635,0.0,0.0,0.0,0.0,0.0,0.0,0.0,0.0,0.0,1.6505639903082872,0.0,0.0,1.5749999999999998e-09
1638.0,0.8132456753466657,0.0,0.345086376,0.0,0.8132456753466657,0.0,0.0,0.0,0.0,0.0,0.0,0.0,0.0,0.0,1.6667863314726494,0.0,0.0,1.5749999999999998e-09
1639.0,0.776022460579795,0.0,0.341731554,0.0,0.776022460579795,0.0,0.0,0.0,0.0,0.0,0.0,0.0,0.0,0.0,1.679899449417901,0.0,0.0,1.5749999999999998e-09
1640.0,0.7503206654589347,0.0,0.335483854,0.0,0.7503206654589347,0.0,0.0,0.0,0.0,0.0,0.0,0.0,0.0,0.0,1.6607009035035507,0.0,0.0,1.5749999999999998e-09
1641.0,0.7377467880439108,0.0,0.323863173,0.0,0.7377467880439108,0.0,0.0,0.0,0.0,0.0,0.0,0.0,0.0,0.0,1.5897604412477524,0.0,0.0,1.5749999999999998e-09
1642.0,0.7391886344990167,3.2e-06,0.312248862,6.958206619568073e-07,0.7391879386783548,0.0,0.0,0.0,0.0,0.0,0.0,0.0,0.0,0.0,1.5048507302168421,0.0,0.0,1.5749999999999998e-09
1643.0,0.7658561109215849,0.002124818,0.300298275,0.0004620288335305437,0.7653940820880544,0.0,0.0,0.0,0.0,0.0,0.0,0.0,0.0,0.0,1.3927593119266328,0.0,0.0,1.5749999999999998e-09
1644.0,0.8194046716859182,0.019511648,0.282078546,0.004242689946008817,0.8151619817399094,0.0,0.0,0.0,0.0,0.0,0.0,0.0,0.0,0.0,1.2120516991532893,0.0,0.0,1.5749999999999998e-09
1645.0,0.8755587902989903,0.074920834,0.245973296,0.016291082596323777,0.8592677077026666,0.0,0.0,0.0,0.0,0.0,0.0,0.0,0.0,0.0,0.9084683993375064,0.0,0.0,1.5749999999999998e-09
1646.0,0.9054481701706493,0.19640839,0.183250321,0.04270781748239712,0.8627403526882522,0.0,0.0,0.0,0.0,0.0,0.0,0.0,0.0,0.0,0.4542245956466355,0.0,0.0,1.5749999999999998e-09
1647.0,0.9270736351652548,0.351924166,0.157975994,0.07652378317022418,0.8505498519950305,0.0,0.0,0.0,0.0,0.0,0.0,0.0,0.0,0.0,0.2847761089148145,0.0,0.0,1.5749999999999998e-09
1648.0,0.9442511840072956,0.486909009,0.177489692,0.10587542154847283,0.8383757624588227,0.0,0.0,0.0,0.0,0.0,0.0,0.0,0.0,0.0,0.4371892776414624,0.0,0.0,1.5749999999999998e-09
1649.0,0.9512890841810258,0.574900653,0.202788066,0.12500867279058153,0.8262804113904442,0.0,0.0,0.0,0.0,0.0,0.0,0.0,0.0,0.0,0.6310964346922525,0.0,0.0,1.5749999999999998e-09
1650.0,0.9546800918996314,0.61028409,0.220508698,0.1327025873392212,0.8219775045604103,0.0,0.0,0.0,0.0,0.0,0.0,0.0,0.0,0.0,0.762752194597734,0.0,0.0,1.5749999999999998e-09
1651.0,0.9585472657715597,0.590927836,0.233460678,0.12849368687944493,0.8300535788921147,0.0,0.0,0.0,0.0,0.0,0.0,0.0,0.0,0.0,0.8477581054895889,0.0,0.0,1.5749999999999998e-09
1652.0,0.9607790117615533,0.519513855,0.238568562,0.11296514827557277,0.8478138634859806,0.0,0.0,0.0,0.0,0.0,0.0,0.0,0.0,0.0,0.8667066471146994,0.0,0.0,1.5749999999999998e-09
1653.0,0.9619338238251444,0.407427339,0.231577138,0.08859261272571267,0.8733412110994317,0.0,0.0,0.0,0.0,0.0,0.0,0.0,0.0,0.0,0.7909340377374374,0.0,0.0,1.5749999999999998e-09
1654.0,0.963856285098669,0.270806765,0.215227083,0.058885294526462996,0.9049709905722061,0.0,0.0,0.0,0.0,0.0,0.0,0.0,0.0,0.0,0.641801329915918,0.0,0.0,1.5749999999999998e-09
1655.0,0.9674163990866389,0.132874678,0.210596858,0.02889279575101801,0.9385236033356209,0.0,0.0,0.0,0.0,0.0,0.0,0.0,0.0,0.0,0.5749726825205972,0.0,0.0,1.5749999999999998e-09
1656.0,0.980575469447245,0.035174188,0.223546668,0.007648414618110373,0.9729270548291347,0.0,0.0,0.0,0.0,0.0,0.0,0.0,0.0,0.0,0.6336356211132247,0.0,0.0,1.5749999999999998e-09
1657.0,0.9982336331077045,0.002156996,0.240048095,0.00046902574517443304,0.99776460736253,0.0,0.0,0.0,0.0,0.0,0.0,0.0,0.0,0.0,0.7273888619706189,0.0,0.0,1.5749999999999998e-09
1658.0,0.994726921099534,1.34e-08,0.254068473,2.9137490219441312e-09,0.994726918185785,0.0,0.0,0.0,0.0,0.0,0.0,0.0,0.0,0.0,0.8311867914986245,0.0,0.0,1.5749999999999998e-09
1659.0,0.9710165640594957,0.0,0.269660406,0.0,0.9710165640594957,0.0,0.0,0.0,0.0,0.0,0.0,0.0,0.0,0.0,0.9669516791489563,0.0,0.0,1.5749999999999998e-09
1660.0,0.927988139319674,0.0,0.283036507,0.0,0.927988139319674,0.0,0.0,0.0,0.0,0.0,0.0,0.0,0.0,0.0,1.106110119193838,0.0,0.0,1.5749999999999998e-09
1661.0,0.8740279415441436,0.0,0.289254083,0.0,0.8740279415441436,0.0,0.0,0.0,0.0,0.0,0.0,0.0,0.0,0.0,1.2047541658757408,0.0,0.0,1.5749999999999998e-09
1662.0,0.8269298621755234,0.0,0.288409412,0.0,0.8269298621755234,0.0,0.0,0.0,0.0,0.0,0.0,0.0,0.0,0.0,1.2457818487844554,0.0,0.0,1.5749999999999998e-09
1663.0,0.789312810057464,0.0,0.284924997,0.0,0.789312810057464,0.0,0.0,0.0,0.0,0.0,0.0,0.0,0.0,0.0,1.2583574581622738,0.0,0.0,1.5749999999999998e-09
1664.0,0.7622537211162176,0.0,0.281949028,0.0,0.7622537211162175,0.0,0.0,0.0,0.0,0.0,0.0,0.0,0.0,0.0,1.2640291528608045,0.0,0.0,1.5749999999999998e-09
1665.0,0.7483225508807321,0.0,0.277738135,0.0,0.7483225508807321,0.0,0.0,0.0,0.0,0.0,0.0,0.0,0.0,0.0,1.2476979014430762,0.0,0.0,1.5749999999999998e-09
1666.0,0.7482802750633346,2.16e-06,0.273443353,4.69678946820845e-07,0.7482798053843878,0.0,0.0,0.0,0.0,0.0,0.0,0.0,0.0,0.0,1.216875340271065,0.0,0.0,1.5749999999999998e-09
1667.0,0.7692204186502155,0.001539929,0.26742496,0.00033484825504577644,0.7688855703951697,0.0,0.0,0.0,0.0,0.0,0.0,0.0,0.0,0.0,1.1530171946747994,0.0,0.0,1.5749999999999998e-09
1668.0,0.8243843808041151,0.01974776,0.254898426,0.004294031073551301,0.8200903497305638,0.0,0.0,0.0,0.0,0.0,0.0,0.0,0.0,0.0,1.0117879825738811,0.0,0.0,1.5749999999999998e-09
1669.0,0.8799533054716805,0.088980079,0.226122776,0.01934818045960907,0.8606051250120715,0.0,0.0,0.0,0.0,0.0,0.0,0.0,0.0,0.0,0.7644712644158159,0.0,0.0,1.5749999999999998e-09
1670.0,0.9108239414725454,0.216831476,0.189779894,0.047148694113559875,0.8636752473589856,0.0,0.0,0.0,0.0,0.0,0.0,0.0,0.0,0.0,0.500215778494718,0.0,0.0,1.5749999999999998e-09
1671.0,0.9302955386143456,0.363302335,0.165315207,0.07899789725942306,0.8512976413549225,0.0,0.0,0.0,0.0,0.0,0.0,0.0,0.0,0.0,0.3367730362714828,0.0,0.0,1.5749999999999998e-09
1672.0,0.9459911900163934,0.48483261,0.181281197,0.10542392113388957,0.8405672688825039,0.0,0.0,0.0,0.0,0.0,0.0,0.0,0.0,0.0,0.4622461774371433,0.0,0.0,1.5749999999999998e-09
1673.0,0.9555968218864858,0.562407609,0.214986314,0.12229213586997666,0.8333046860165091,0.0,0.0,0.0,0.0,0.0,0.0,0.0,0.0,0.0,0.711737300074844,0.0,0.0,1.5749999999999998e-09
1674.0,0.9569830405293573,0.587892622,0.237844032,0.1278336979373635,0.8291493425919938,0.0,0.0,0.0,0.0,0.0,0.0,0.0,0.0,0.0,0.8801641887858934,0.0,0.0,1.5749999999999998e-09
1675.0,0.9572099984435416,0.558098694,0.248324308,0.12135518834259679,0.8358548101009449,0.0,0.0,0.0,0.0,0.0,0.0,0.0,0.0,0.0,0.9487773131656592,0.0,0.0,1.5749999999999998e-09
1676.0,0.9555812460590631,0.478144546,0.248525124,0.10396964203398662,0.8516116040250765,0.0,0.0,0.0,0.0,0.0,0.0,0.0,0.0,0.0,0.9344637234423255,0.0,0.0,1.5749999999999998e-09
1677.0,0.9505103088086904,0.35957632,0.234553024,0.07818769781449776,0.8723226109941925,0.0,0.0,0.0,0.0,0.0,0.0,0.0,0.0,0.0,0.8133394355893532,0.0,0.0,1.5749999999999998e-09
1678.0,0.946494056159691,0.223886412,0.218395812,0.04868274731280454,0.8978113088468863,0.0,0.0,0.0,0.0,0.0,0.0,0.0,0.0,0.0,0.6717337140354247,0.0,0.0,1.5749999999999998e-09
1679.0,0.9418125065954859,0.102359576,0.243003767,0.022257471228105667,0.9195550353673801,0.0,0.0,0.0,0.0,0.0,0.0,0.0,0.0,0.0,0.8268399597733821,0.0,0.0,1.5749999999999998e-09
1680.0,0.9464295290174147,0.02855397,0.314291201,0.0062088882209046315,0.94022064079651,0.0,0.0,0.0,0.0,0.0,0.0,0.0,0.0,0.0,1.318495704301051,0.0,0.0,1.5749999999999998e-09
1681.0,0.9592926646565394,0.002910186,0.384579661,0.0006328023590429481,0.9586598622974964,0.0,0.0,0.0,0.0,0.0,0.0,0.0,0.0,0.0,1.8051985070393501,0.0,0.0,1.5749999999999998e-09
1682.0,0.9545087617976815,4.06e-08,0.427176588,8.828224648576994e-09,0.9545087529694569,0.0,0.0,0.0,0.0,0.0,0.0,0.0,0.0,0.0,2.115480920583659,0.0,0.0,1.5749999999999998e-09
1683.0,0.9300886071925295,0.0,0.45673844,0.0,0.9300886071925295,0.0,0.0,0.0,0.0,0.0,0.0,0.0,0.0,0.0,2.352353206577375,0.0,0.0,1.5749999999999998e-09
1684.0,0.9016277227810642,0.0,0.474504368,0.0,0.9016277227810642,0.0,0.0,0.0,0.0,0.0,0.0,0.0,0.0,0.0,2.5084924727944657,0.0,0.0,1.5749999999999998e-09
1685.0,0.8511675615162484,0.0,0.478560056,0.0,0.8511675615162484,0.0,0.0,0.0,0.0,0.0,0.0,0.0,0.0,0.0,2.5880996440521447,0.0,0.0,1.5749999999999998e-09
1686.0,0.8131744727069334,0.0,0.478383414,0.0,0.8131744727069334,0.0,0.0,0.0,0.0,0.0,0.0,0.0,0.0,0.0,2.6248232599288372,0.0,0.0,1.5749999999999998e-09
1687.0,0.7795313984204006,0.0,0.477805348,0.0,0.7795313984204006,0.0,0.0,0.0,0.0,0.0,0.0,0.0,0.0,0.0,2.6543119477146004,0.0,0.0,1.5749999999999998e-09
1688.0,0.7556853115983538,0.0,0.475223915,0.0,0.7556853115983538,0.0,0.0,0.0,0.0,0.0,0.0,0.0,0.0,0.0,2.659606051877501,0.0,0.0,1.5749999999999998e-09
1689.0,0.738501087258857,0.0,0.457034589,0.0,0.7385010872588569,0.0,0.0,0.0,0.0,0.0,0.0,0.0,0.0,0.0,2.546069060313445,0.0,0.0,1.5749999999999998e-09
1690.0,0.7322753389448179,8.04e-06,0.436757917,1.7482494131664784e-06,0.7322735906954047,0.0,0.0,0.0,0.0,0.0,0.0,0.0,0.0,0.0,2.4065742129968912,0.0,0.0,1.5749999999999998e-09
1691.0,0.7357664751255658,0.003082986,0.423113188,0.0006703766747886156,0.7350960984507772,0.0,0.0,0.0,0.0,0.0,0.0,0.0,0.0,0.0,2.3056911412846968,0.0,0.0,1.5749999999999998e-09
1692.0,0.7535180917507117,0.029206977,0.408674385,0.00635088064684289,0.7471672111038687,0.0,0.0,0.0,0.0,0.0,0.0,0.0,0.0,0.0,2.1898526936378917,0.0,0.0,1.5749999999999998e-09
1693.0,0.7791575865616557,0.099009892,0.383915027,0.021529102684910005,0.7576284838767456,0.0,0.0,0.0,0.0,0.0,0.0,0.0,0.0,0.0,2.001453360776842,0.0,0.0,1.5749999999999998e-09
1694.0,0.8054201004705581,0.214979878,0.337111467,0.04674607531792303,0.758674025152635,0.0,0.0,0.0,0.0,0.0,0.0,0.0,0.0,0.0,1.664044708970364,0.0,0.0,1.5749999999999998e-09
1695.0,0.8407230777964899,0.350623392,0.327249755,0.07624093772468162,0.7644821400718083,0.0,0.0,0.0,0.0,0.0,0.0,0.0,0.0,0.0,1.5873634356103192,0.0,0.0,1.5749999999999998e-09
1696.0,0.8662646679778773,0.470312953,0.409695999,0.10226670946353776,0.7639979585143396,0.0,0.0,0.0,0.0,0.0,0.0,0.0,0.0,0.0,2.180363978816429,0.0,0.0,1.5749999999999998e-09
1697.0,0.8756210926087561,0.555338349,0.446351166,0.12075496800349393,0.7548661246052623,0.0,0.0,0.0,0.0,0.0,0.0,0.0,0.0,0.0,2.452925474681524,0.0,0.0,1.5749999999999998e-09
1698.0,0.8792768843939226,0.588563834,0.44788061,0.1279796489305364,0.7512972354633862,0.0,0.0,0.0,0.0,0.0,0.0,0.0,0.0,0.0,2.4674860179031826,0.0,0.0,1.5749999999999998e-09
1699.0,0.8759659786450911,0.566784089,0.433313519,0.1232437749983019,0.7527222036467892,0.0,0.0,0.0,0.0,0.0,0.0,0.0,0.0,0.0,2.361371747449992,0.0,0.0,1.5749999999999998e-09
1700.0,0.8759548524826894,0.495893358,0.413824147,0.10782901394485753,0.7681258385378319,0.0,0.0,0.0,0.0,0.0,0.0,0.0,0.0,0.0,2.2059038570149743,0.0,0.0,1.5749999999999998e-09
1701.0,0.866649605999024,0.387288607,0.390527293,0.08421356715345932,0.7824360388455646,0.0,0.0,0.0,0.0,0.0,0.0,0.0,0.0,0.0,2.024166173049653,0.0,0.0,1.5749999999999998e-09
1702.0,0.8703699249264667,0.25943585,0.376972223,0.056412757775727185,0.8139571671507395,0.0,0.0,0.0,0.0,0.0,0.0,0.0,0.0,0.0,1.895228833057592,0.0,0.0,1.5749999999999998e-09
1703.0,0.8755788157914338,0.135930818,0.399248253,0.029557334925340725,0.8460214808660932,0.0,0.0,0.0,0.0,0.0,0.0,0.0,0.0,0.0,2.0232556479032433,0.0,0.0,1.5749999999999998e-09
1704.0,0.8891094731782746,0.045718318,0.448012119,0.009941171966972445,0.8791683012113023,0.0,0.0,0.0,0.0,0.0,0.0,0.0,0.0,0.0,2.3405600677896916,0.0,0.0,1.5749999999999998e-09
1705.0,0.9076532151707434,0.00511612,0.479190695,0.0011124693765782693,0.9065407457941652,0.0,0.0,0.0,0.0,0.0,0.0,0.0,0.0,0.0,2.5372586726157706,0.0,0.0,1.5749999999999998e-09
1706.0,0.9020037594723198,3.14e-07,0.482075132,6.827740245451172e-08,0.9020036911949174,0.0,0.0,0.0,0.0,0.0,0.0,0.0,0.0,0.0,2.562525308500064,0.0,0.0,1.5749999999999998e-09
1707.0,0.8908316775275147,0.0,0.473052611,0.0,0.8908316775275147,0.0,0.0,0.0,0.0,0.0,0.0,0.0,0.0,0.0,2.508855177074496,0.0,0.0,1.5749999999999998e-09
1708.0,0.8611269797526424,0.0,0.451660727,0.0,0.8611269797526424,0.0,0.0,0.0,0.0,0.0,0.0,0.0,0.0,0.0,2.38482283770199,0.0,0.0,1.5749999999999998e-09
1709.0,0.8197651335496758,0.0,0.425291469,0.0,0.8197651335496757,0.0,0.0,0.0,0.0,0.0,0.0,0.0,0.0,0.0,2.2366767566604566,0.0,0.0,1.5749999999999998e-09
1710.0,0.7638557725107965,0.0,0.40000801,0.0,0.7638557725107965,0.0,0.0,0.0,0.0,0.0,0.0,0.0,0.0,0.0,2.110881501336551,0.0,0.0,1.5749999999999998e-09
1711.0,0.734998825915632,0.0,0.375800205,0.0,0.734998825915632,0.0,0.0,0.0,0.0,0.0,0.0,0.0,0.0,0.0,1.9657642333865408,0.0,0.0,1.5749999999999998e-09
1712.0,0.6788825334549365,0.0,0.359761151,0.0,0.6788825334549365,0.0,0.0,0.0,0.0,0.0,0.0,0.0,0.0,0.0,1.906612668158461,0.0,0.0,1.5749999999999998e-09
1713.0,0.6749374824457447,0.0,0.347375629,0.0,0.6749374824457447,0.0,0.0,0.0,0.0,0.0,0.0,0.0,0.0,0.0,1.821546697239726,0.0,0.0,1.5749999999999998e-09
1714.0,0.7268439398306874,1.26e-05,0.345516768,2.7397938564549293e-06,0.726841200036831,0.0,0.0,0.0,0.0,0.0,0.0,0.0,0.0,0.0,1.7562839046551133,0.0,0.0,1.5749999999999998e-09
1715.0,0.7493149331723397,0.003563038,0.351438614,0.0007747610811678935,0.7485401720911717,0.0,0.0,0.0,0.0,0.0,0.0,0.0,0.0,0.0,1.777143458931742,0.0,0.0,1.5749999999999998e-09
1716.0,0.6889598798134814,0.02570744,0.354925081,0.005589927474379659,0.6833699523391018,0.0,0.0,0.0,0.0,0.0,0.0,0.0,0.0,0.0,1.8673698685309572,0.0,0.0,1.5749999999999998e-09
1717.0,0.762887866376578,0.085087176,0.343600924,0.01850169222761106,0.7443861741489669,0.0,0.0,0.0,0.0,0.0,0.0,0.0,0.0,0.0,1.7249703358648936,0.0,0.0,1.5749999999999998e-09
1718.0,0.7780250248230185,0.202181202,0.286796075,0.04396308056589469,0.7340619442571239,0.0,0.0,0.0,0.0,0.0,0.0,0.0,0.0,0.0,1.3270551988611332,0.0,0.0,1.5749999999999998e-09
1719.0,0.7744493360075508,0.342725675,0.298062509,0.07452362689002927,0.6999257091175215,0.0,0.0,0.0,0.0,0.0,0.0,0.0,0.0,0.0,1.4421599070149163,0.0,0.0,1.5749999999999998e-09
1720.0,0.7941011635812676,0.459415728,0.389955364,0.0998971737407277,0.6942039898405399,0.0,0.0,0.0,0.0,0.0,0.0,0.0,0.0,0.0,2.1082879403273336,0.0,0.0,1.5749999999999998e-09
1721.0,0.8879190597948174,0.536618864,0.438653812,0.11668452911468438,0.771234530680133,0.0,0.0,0.0,0.0,0.0,0.0,0.0,0.0,0.0,2.3812385002264893,0.0,0.0,1.5749999999999998e-09
1722.0,0.8271390184298498,0.56811908,0.455426814,0.12353406072371638,0.7036049577061334,0.0,0.0,0.0,0.0,0.0,0.0,0.0,0.0,0.0,2.569410594445792,0.0,0.0,1.5749999999999998e-09
1723.0,0.8852022483214593,0.547148138,0.462733154,0.1189740561161233,0.7662281922053361,0.0,0.0,0.0,0.0,0.0,0.0,0.0,0.0,0.0,2.559295828298015,0.0,0.0,1.5749999999999998e-09
1724.0,0.8815486813688033,0.479721028,0.46219827,0.10431243851798755,0.7772362428508157,0.0,0.0,0.0,0.0,0.0,0.0,0.0,0.0,0.0,2.5444437271996847,0.0,0.0,1.5749999999999998e-09
1725.0,0.907668790998166,0.374365964,0.4565962,0.08140361652643073,0.8262651744717353,0.0,0.0,0.0,0.0,0.0,0.0,0.0,0.0,0.0,2.455154403193867,0.0,0.0,1.5749999999999998e-09
1726.0,0.8197072809049311,0.249196979,0.437692958,0.0541863771516927,0.7655209037532383,0.0,0.0,0.0,0.0,0.0,0.0,0.0,0.0,0.0,2.3800467584120804,0.0,0.0,1.5749999999999998e-09
1727.0,0.9496447569690494,0.12719949,0.3956168,0.027658760416365096,0.9219859965526842,0.0,0.0,0.0,0.0,0.0,0.0,0.0,0.0,0.0,1.9211929715890068,0.0,0.0,1.5749999999999998e-09
1728.0,0.876297513686514,0.038382604,0.374998191,0.008346065288408127,0.867951448398106,0.0,0.0,0.0,0.0,0.0,0.0,0.0,0.0,0.0,1.827047777474963,0.0,0.0,1.5749999999999998e-09
1729.0,0.9141081462314773,0.003380577,0.387043024,0.0007350860393549869,0.9133730601921223,0.0,0.0,0.0,0.0,0.0,0.0,0.0,0.0,0.0,1.8681887582209475,0.0,0.0,1.5749999999999998e-09
1730.0,0.9591791861994096,7.78e-07,0.400880651,1.691713984382488e-07,0.9591790170280111,0.0,0.0,0.0,0.0,0.0,0.0,0.0,0.0,0.0,1.9218296652578502,0.0,0.0,1.5749999999999998e-09
1731.0,0.869370867137403,0.0,0.411096921,0.0,0.869370867137403,0.0,0.0,0.0,0.0,0.0,0.0,0.0,0.0,0.0,2.085059075309445,0.0,0.0,1.5749999999999998e-09
1732.0,0.8863036584052512,0.0,0.410953464,0.0,0.8863036584052513,0.0,0.0,0.0,0.0,0.0,0.0,0.0,0.0,0.0,2.067095301724282,0.0,0.0,1.5749999999999998e-09
1733.0,1.0309021267624876,0.0,0.414931915,0.0,1.0309021267624876,0.0,0.0,0.0,0.0,0.0,0.0,0.0,0.0,0.0,1.9510887642683172,0.0,0.0,1.5749999999999998e-09
1734.0,0.8045478721335364,0.0,0.422134834,0.0,0.8045478721335364,0.0,0.0,0.0,0.0,0.0,0.0,0.0,0.0,0.0,2.2292082316233914,0.0,0.0,1.5749999999999998e-09
1735.0,0.7713231113555814,0.0,0.433997659,0.0,0.7713231113555814,0.0,0.0,0.0,0.0,0.0,0.0,0.0,0.0,0.0,2.3476875481804376,0.0,0.0,1.5749999999999998e-09
1736.0,0.7434162692347779,0.0,0.441706065,0.0,0.7434162692347779,0.0,0.0,0.0,0.0,0.0,0.0,0.0,0.0,0.0,2.4309923860817473,0.0,0.0,1.5749999999999998e-09
1737.0,0.7258649085339919,0.0,0.435623087,0.0,0.7258649085339918,0.0,0.0,0.0,0.0,0.0,0.0,0.0,0.0,0.0,2.404827213224635,0.0,0.0,1.5749999999999998e-09
1738.0,0.7457792953417591,1.18e-05,0.433590583,2.5658386909657273e-06,0.7457767295030683,0.0,0.0,0.0,0.0,0.0,0.0,0.0,0.0,0.0,2.370308397240523,0.0,0.0,1.5749999999999998e-09
1739.0,0.7925146880141113,0.001455418,0.438560186,0.000316471848807454,0.7921982161653038,0.0,0.0,0.0,0.0,0.0,0.0,0.0,0.0,0.0,2.359601952835376,0.0,0.0,1.5749999999999998e-09
1740.0,0.8593891985760551,0.017150839,0.435833829,0.003729346295654572,0.8556598522804005,0.0,0.0,0.0,0.0,0.0,0.0,0.0,0.0,0.0,2.2765468088559877,0.0,0.0,1.5749999999999998e-09
1741.0,0.9044357623865982,0.078961529,0.406999809,0.017169707305594265,0.8872660550810039,0.0,0.0,0.0,0.0,0.0,0.0,0.0,0.0,0.0,2.0377191755423802,0.0,0.0,1.5749999999999998e-09
1742.0,0.9315393529776772,0.203998019,0.364097606,0.04435813644326793,0.8871812165344093,0.0,0.0,0.0,0.0,0.0,0.0,0.0,0.0,0.0,1.7294787830660625,0.0,0.0,1.5749999999999998e-09
1743.0,0.954201701913723,0.347120692,0.38259642,0.07547929677698284,0.8787224051367403,0.0,0.0,0.0,0.0,0.0,0.0,0.0,0.0,0.0,1.8708830075512572,0.0,0.0,1.5749999999999998e-09
1744.0,0.9719021423915049,0.468357804,0.419601146,0.10184157412872395,0.8700605682627809,0.0,0.0,0.0,0.0,0.0,0.0,0.0,0.0,0.0,2.1454866817916933,0.0,0.0,1.5749999999999998e-09
1745.0,0.979874572212098,0.550873652,0.472889481,0.11978414662162624,0.8600904255904717,0.0,0.0,0.0,0.0,0.0,0.0,0.0,0.0,0.0,2.5384240627594665,0.0,0.0,1.5749999999999998e-09
1746.0,0.9872573574222385,0.5851288,0.519298858,0.12723272154562262,0.8600246358766159,0.0,0.0,0.0,0.0,0.0,0.0,0.0,0.0,0.0,2.8720200883251836,0.0,0.0,1.5749999999999998e-09
1747.0,0.9945444658351071,0.569027541,0.555233063,0.12373160007821074,0.8708128657568965,0.0,0.0,0.0,0.0,0.0,0.0,0.0,0.0,0.0,3.1194801833211265,0.0,0.0,1.5749999999999998e-09
1748.0,0.9985117671692529,0.505065363,0.574622135,0.10982341100441102,0.8886883561648419,0.0,0.0,0.0,0.0,0.0,0.0,0.0,0.0,0.0,3.2409481225202783,0.0,0.0,1.5749999999999998e-09
1749.0,1.0007101376718157,0.401520127,0.563312894,0.08730812517441293,0.9134020124974027,0.0,0.0,0.0,0.0,0.0,0.0,0.0,0.0,0.0,3.1349583521378444,0.0,0.0,1.5749999999999998e-09
1750.0,1.0042858264872834,0.272630877,0.522719676,0.05928193665750154,0.9450038898297818,0.0,0.0,0.0,0.0,0.0,0.0,0.0,0.0,0.0,2.8116252245987234,0.0,0.0,1.5749999999999998e-09
1751.0,1.0042591254973836,0.139873955,0.501056729,0.030414746237067716,0.973844379260316,0.0,0.0,0.0,0.0,0.0,0.0,0.0,0.0,0.0,2.627099649756325,0.0,0.0,1.5749999999999998e-09
1752.0,1.0048042684580034,0.04405506,0.521881746,0.009579506566170896,0.9952247618918325,0.0,0.0,0.0,0.0,0.0,0.0,0.0,0.0,0.0,2.755382401616553,0.0,0.0,1.5749999999999998e-09
1753.0,1.0165014668710601,0.004098819,0.560289041,0.0008912634218191061,1.0156102034492411,0.0,0.0,0.0,0.0,0.0,0.0,0.0,0.0,0.0,3.0110186390353992,0.0,0.0,1.5749999999999998e-09
1754.0,1.0082731543137973,7.26e-07,0.576059459,1.578643126814507e-07,1.0082729964494845,0.0,0.0,0.0,0.0,0.0,0.0,0.0,0.0,0.0,3.131693097578576,0.0,0.0,1.5749999999999998e-09
1755.0,0.9687558922470919,0.0,0.581901449,0.0,0.9687558922470919,0.0,0.0,0.0,0.0,0.0,0.0,0.0,0.0,0.0,3.2131948270549566,0.0,0.0,1.5749999999999998e-09
1756.0,0.9154832407117965,0.0,0.579980442,0.0,0.9154832407117965,0.0,0.0,0.0,0.0,0.0,0.0,0.0,0.0,0.0,3.2526617789838324,0.0,0.0,1.5749999999999998e-09
1757.0,1.0253260985363066,0.0,0.568278901,0.0,1.0253260985363066,0.0,0.0,0.0,0.0,0.0,0.0,0.0,0.0,0.0,3.0587234649854502,0.0,0.0,1.5749999999999998e-09
1758.0,0.8061921993455128,0.0,0.555791337,0.0,0.8061921993455128,0.0,0.0,0.0,0.0,0.0,0.0,0.0,0.0,0.0,3.1881129970813094,0.0,0.0,1.5749999999999998e-09
1759.0,0.7881112725114545,0.0,0.540142938,0.0,0.7881112725114545,0.0,0.0,0.0,0.0,0.0,0.0,0.0,0.0,0.0,3.093733586230291,0.0,0.0,1.5749999999999998e-09
1760.0,0.7567622455247565,0.0,0.526261636,0.0,0.7567622455247565,0.0,0.0,0.0,0.0,0.0,0.0,0.0,0.0,0.0,3.025321870253537,0.0,0.0,1.5749999999999998e-09
1761.0,0.7548264342562443,0.0,0.508353005,0.0,0.7548264342562443,0.0,0.0,0.0,0.0,0.0,0.0,0.0,0.0,0.0,2.8985537361703604,0.0,0.0,1.5749999999999998e-09
1762.0,0.7730542160347881,5.78e-06,0.493498683,1.2568260706594832e-06,0.7730529592087174,0.0,0.0,0.0,0.0,0.0,0.0,0.0,0.0,0.0,2.773573666129801,0.0,0.0,1.5749999999999998e-09
1763.0,0.830636830108054,0.00280581,0.48459724,0.0006101064286015718,0.8300267236794524,0.0,0.0,0.0,0.0,0.0,0.0,0.0,0.0,0.0,2.652627907740425,0.0,0.0,1.5749999999999998e-09
1764.0,0.8909829831369458,0.032061523,0.472895202,0.006971584424126064,0.8840113987128198,0.0,0.0,0.0,0.0,0.0,0.0,0.0,0.0,0.0,2.5145442047436473,0.0,0.0,1.5749999999999998e-09
1765.0,0.9194950436957751,0.115894319,0.450127008,0.02520051930112919,0.8942945243946459,0.0,0.0,0.0,0.0,0.0,0.0,0.0,0.0,0.0,2.340632915840821,0.0,0.0,1.5749999999999998e-09
1766.0,0.9373979649304274,0.254105428,0.381818633,0.05525368972430559,0.8821442752061218,0.0,0.0,0.0,0.0,0.0,0.0,0.0,0.0,0.0,1.8618714162160095,0.0,0.0,1.5749999999999998e-09
1767.0,0.95682728625483,0.399095031,0.357796444,0.08678080270440393,0.8700464835504261,0.0,0.0,0.0,0.0,0.0,0.0,0.0,0.0,0.0,1.7013289596984102,0.0,0.0,1.5749999999999998e-09
1768.0,0.9678547380876602,0.521489261,0.445594716,0.11339468837262073,0.8544600497150394,0.0,0.0,0.0,0.0,0.0,0.0,0.0,0.0,0.0,2.3478951709082247,0.0,0.0,1.5749999999999998e-09
1769.0,0.9767483475601285,0.60369549,0.531563445,0.1312699360850435,0.8454784114750851,0.0,0.0,0.0,0.0,0.0,0.0,0.0,0.0,0.0,2.9747082111783065,0.0,0.0,1.5749999999999998e-09
1770.0,0.985083463077065,0.634450484,0.584223559,0.13795742367365527,0.8471260394034097,0.0,0.0,0.0,0.0,0.0,0.0,0.0,0.0,0.0,3.351512986142741,0.0,0.0,1.5749999999999998e-09
1771.0,0.9913181127209953,0.612566845,0.62343287,0.13319895861896658,0.8581191541020288,0.0,0.0,0.0,0.0,0.0,0.0,0.0,0.0,0.0,3.6223053982228803,0.0,0.0,1.5749999999999998e-09
1772.0,0.9956881517362963,0.537852782,0.633729533,0.11695283712704702,0.8787353146092493,0.0,0.0,0.0,0.0,0.0,0.0,0.0,0.0,0.0,3.6756882581911365,0.0,0.0,1.5749999999999998e-09
1773.0,1.002665975432696,0.417787454,0.599138978,0.0908453571248529,0.9118206183078431,0.0,0.0,0.0,0.0,0.0,0.0,0.0,0.0,0.0,3.394011038091752,0.0,0.0,1.5749999999999998e-09
1774.0,1.008811621776961,0.27051576,0.537281484,0.05882201724779652,0.9499896045291645,0.0,0.0,0.0,0.0,0.0,0.0,0.0,0.0,0.0,2.9112908448368793,0.0,0.0,1.5749999999999998e-09
1775.0,1.0059880063440045,0.129574728,0.519624541,0.028175241565572894,0.9778127647784316,0.0,0.0,0.0,0.0,0.0,0.0,0.0,0.0,0.0,2.7565725452020335,0.0,0.0,1.5749999999999998e-09
1776.0,1.0094012653874889,0.037897612,0.538966018,0.008240606708881952,1.001160658678607,0.0,0.0,0.0,0.0,0.0,0.0,0.0,0.0,0.0,2.8722260299571536,0.0,0.0,1.5749999999999998e-09
1777.0,1.0173736952080819,0.003519321,0.562720104,0.0007652550837057792,1.016608440124376,0.0,0.0,0.0,0.0,0.0,0.0,0.0,0.0,0.0,3.027491721050036,0.0,0.0,1.5749999999999998e-09
1778.0,1.0022543364216496,8.64e-07,0.569487964,1.8787157872833802e-07,1.002254148550071,0.0,0.0,0.0,0.0,0.0,0.0,0.0,0.0,0.0,3.0904845871523374,0.0,0.0,1.5749999999999998e-09
1779.0,0.9570186418492235,0.0,0.576211265,0.0,0.9570186418492235,0.0,0.0,0.0,0.0,0.0,0.0,0.0,0.0,0.0,3.1840384362483656,0.0,0.0,1.5749999999999998e-09
1780.0,0.9037192893240285,0.0,0.568353447,0.0,0.9037192893240285,0.0,0.0,0.0,0.0,0.0,0.0,0.0,0.0,0.0,3.180866013881582,0.0,0.0,1.5749999999999998e-09
1781.0,0.8492940515575772,0.0,0.547234432,0.0,0.8492940515575772,0.0,0.0,0.0,0.0,0.0,0.0,0.0,0.0,0.0,3.0835152419440237,0.0,0.0,1.5749999999999998e-09
1782.0,0.8072268574545179,0.0,0.524155632,0.0,0.8072268574545179,0.0,0.0,0.0,0.0,0.0,0.0,0.0,0.0,0.0,2.9597220409123257,0.0,0.0,1.5749999999999998e-09
1783.0,0.7753215633446479,0.0,0.506981117,0.0,0.7753215633446479,0.0,0.0,0.0,0.0,0.0,0.0,0.0,0.0,0.0,2.8681992605925104,0.0,0.0,1.5749999999999998e-09
1784.0,0.7569647272815516,0.0,0.497495749,0.0,0.7569647272815516,0.0,0.0,0.0,0.0,0.0,0.0,0.0,0.0,0.0,2.818387609365167,0.0,0.0,1.5749999999999998e-09
1785.0,0.7534913917607369,0.0,0.467403696,0.0,0.7534913917607368,0.0,0.0,0.0,0.0,0.0,0.0,0.0,0.0,0.0,2.6055984095290277,0.0,0.0,1.5749999999999998e-09
1786.0,0.7732611474566041,3.22e-05,0.432915336,7.001695410940375e-06,0.7732541457611932,0.0,0.0,0.0,0.0,0.0,0.0,0.0,0.0,0.0,2.337978183859777,0.0,0.0,1.5749999999999998e-09
1787.0,0.8306590814329327,0.004195537,0.406687137,0.0009122941664388368,0.8297467872664938,0.0,0.0,0.0,0.0,0.0,0.0,0.0,0.0,0.0,2.092991363722439,0.0,0.0,1.5749999999999998e-09
1788.0,0.8896679661338819,0.037876238,0.374462505,0.008235959061747995,0.8814320070721338,0.0,0.0,0.0,0.0,0.0,0.0,0.0,0.0,0.0,1.8097174046152686,0.0,0.0,1.5749999999999998e-09
1789.0,0.91567459630619,0.128502949,0.305903325,0.027942189698931835,0.887732406607258,0.0,0.0,0.0,0.0,0.0,0.0,0.0,0.0,0.0,1.3107027961561544,0.0,0.0,1.5749999999999998e-09
1790.0,0.9315304526477107,0.266587843,0.230402564,0.05796791543309295,0.8735625372146179,0.0,0.0,0.0,0.0,0.0,0.0,0.0,0.0,0.0,0.7822714015127564,0.0,0.0,1.5749999999999998e-09
1791.0,0.9501342721174348,0.410777014,0.252635152,0.08932097931191274,0.8608132928055221,0.0,0.0,0.0,0.0,0.0,0.0,0.0,0.0,0.0,0.9547995698931275,0.0,0.0,1.5749999999999998e-09
1792.0,0.9593950179511922,0.531888868,0.335277795,0.11565602006850531,0.8437389978826868,0.0,0.0,0.0,0.0,0.0,0.0,0.0,0.0,0.0,1.5658016870147224,0.0,0.0,1.5749999999999998e-09
1793.0,0.964510455851473,0.61344799,0.388147691,0.13339055827433532,0.8311198975771377,0.0,0.0,0.0,0.0,0.0,0.0,0.0,0.0,0.0,1.9583808303594916,0.0,0.0,1.5749999999999998e-09
1794.0,0.9713681255932868,0.645090062,0.439868086,0.14027093561331186,0.8310971899799748,0.0,0.0,0.0,0.0,0.0,0.0,0.0,0.0,0.0,2.3301024629972003,0.0,0.0,1.5749999999999998e-09
1795.0,0.9796565146278802,0.620840687,0.48618488,0.13499805556189345,0.8446584590659867,0.0,0.0,0.0,0.0,0.0,0.0,0.0,0.0,0.0,2.6494060635844456,0.0,0.0,1.5749999999999998e-09
1796.0,0.9826292098378326,0.543157167,0.516049933,0.11810624359016382,0.8645229662476688,0.0,0.0,0.0,0.0,0.0,0.0,0.0,0.0,0.0,2.844172711025209,0.0,0.0,1.5749999999999998e-09
1797.0,0.9860914201961705,0.422431846,0.526688511,0.09185525209854879,0.8942361680976216,0.0,0.0,0.0,0.0,0.0,0.0,0.0,0.0,0.0,2.890915769931966,0.0,0.0,1.5749999999999998e-09
1798.0,0.9907974459177648,0.279460069,0.531057559,0.06076690318814846,0.9300305427296164,0.0,0.0,0.0,0.0,0.0,0.0,0.0,0.0,0.0,2.8865204293763838,0.0,0.0,1.5749999999999998e-09
1799.0,0.9863406284353089,0.137302954,0.558360732,0.02985569760653284,0.956484930828776,0.0,0.0,0.0,0.0,0.0,0.0,0.0,0.0,0.0,3.0562857347713686,0.0,0.0,1.5749999999999998e-09
1800.0,0.9892398961730187,0.041217271,0.603322117,0.00896244649727285,0.9802774496757458,0.0,0.0,0.0,0.0,0.0,0.0,0.0,0.0,0.0,3.3556171687254963,0.0,0.0,1.5749999999999998e-09
1801.0,1.0021008069796327,0.004434434,0.645106899,0.0009642408754011792,1.0011365661042315,0.0,0.0,0.0,0.0,0.0,0.0,0.0,0.0,0.0,3.6350527146338614,0.0,0.0,1.5749999999999998e-09
1802.0,0.9879182036724985,5.42e-06,0.669966979,1.1785462461893426e-06,0.9879170251262523,0.0,0.0,0.0,0.0,0.0,0.0,0.0,0.0,0.0,3.8269341744239838,0.0,0.0,1.5749999999999998e-09
1803.0,0.9463739022051051,0.0,0.658697285,0.0,0.9463739022051051,0.0,0.0,0.0,0.0,0.0,0.0,0.0,0.0,0.0,3.7874853956913275,0.0,0.0,1.5749999999999998e-09
1804.0,0.8945608967849239,0.0,0.623954512,0.0,0.8945608967849239,0.0,0.0,0.0,0.0,0.0,0.0,0.0,0.0,0.0,3.58961253972109,0.0,0.0,1.5749999999999998e-09
1805.0,0.8453979518632389,0.0,0.597370925,0.0,0.8453979518632389,0.0,0.0,0.0,0.0,0.0,0.0,0.0,0.0,0.0,3.4477272393302276,0.0,0.0,1.5749999999999998e-09
1806.0,0.8021937473564464,0.0,0.571710625,0.0,0.8021937473564464,0.0,0.0,0.0,0.0,0.0,0.0,0.0,0.0,0.0,3.306518584534265,0.0,0.0,1.5749999999999998e-09
1807.0,0.7730275150448885,0.0,0.552526596,0.0,0.7730275150448885,0.0,0.0,0.0,0.0,0.0,0.0,0.0,0.0,0.0,3.197814969617342,0.0,0.0,1.5749999999999998e-09
1808.0,0.756771145854723,0.0,0.543973433,0.0,0.756771145854723,0.0,0.0,0.0,0.0,0.0,0.0,0.0,0.0,0.0,3.152602328510959,0.0,0.0,1.5749999999999998e-09
1809.0,0.7562504790514925,0.0,0.530190781,0.0,0.7562504790514925,0.0,0.0,0.0,0.0,0.0,0.0,0.0,0.0,0.0,3.054071220233819,0.0,0.0,1.5749999999999998e-09
1810.0,0.7784722641540064,1.18e-05,0.513113092,2.5658386909657273e-06,0.7784696983153154,0.0,0.0,0.0,0.0,0.0,0.0,0.0,0.0,0.0,2.909119785883921,0.0,0.0,1.5749999999999998e-09
1811.0,0.838442379491718,0.002300994,0.49116169,0.0005003372400745757,0.8379420422516435,0.0,0.0,0.0,0.0,0.0,0.0,0.0,0.0,0.0,2.691889317197523,0.0,0.0,1.5749999999999998e-09
1812.0,0.9012717115822523,0.031073362,0.455292452,0.006756714786269845,0.8945149967959825,0.0,0.0,0.0,0.0,0.0,0.0,0.0,0.0,0.0,2.3775349360684976,0.0,0.0,1.5749999999999998e-09
1813.0,0.9265218177071036,0.115882478,0.474750772,0.025197944547235993,0.9013238731598677,0.0,0.0,0.0,0.0,0.0,0.0,0.0,0.0,0.0,2.5105671538628247,0.0,0.0,1.5749999999999998e-09
1814.0,0.9406398938719618,0.246081732,0.54879831,0.053508985517411775,0.88713090835455,0.0,0.0,0.0,0.0,0.0,0.0,0.0,0.0,0.0,3.05691750602953,0.0,0.0,1.5749999999999998e-09
1815.0,0.9533005487542159,0.383075773,0.550337955,0.08329751185889865,0.8700030368953172,0.0,0.0,0.0,0.0,0.0,0.0,0.0,0.0,0.0,3.0851103430878086,0.0,0.0,1.5749999999999998e-09
1816.0,0.959646451022841,0.495534896,0.520229616,0.10775106854919304,0.8518953824736479,0.0,0.0,0.0,0.0,0.0,0.0,0.0,0.0,0.0,2.886838419568196,0.0,0.0,1.5749999999999998e-09
1817.0,0.9615310861439891,0.570246658,0.498811445,0.12399668970256786,0.8375343964414212,0.0,0.0,0.0,0.0,0.0,0.0,0.0,0.0,0.0,2.7472734516893094,0.0,0.0,1.5749999999999998e-09
1818.0,0.9649955213348373,0.597214759,0.49205684,0.1298607402930485,0.835134781041789,0.0,0.0,0.0,0.0,0.0,0.0,0.0,0.0,0.0,2.7011297522597824,0.0,0.0,1.5749999999999998e-09
1819.0,0.9658633000068383,0.568993014,0.493033261,0.12372409239071219,0.8421392076161262,0.0,0.0,0.0,0.0,0.0,0.0,0.0,0.0,0.0,2.7011425697743006,0.0,0.0,1.5749999999999998e-09
1820.0,0.9640320658655646,0.490837698,0.488738569,0.1067296912299111,0.8573023746356534,0.0,0.0,0.0,0.0,0.0,0.0,0.0,0.0,0.0,2.655114742889352,0.0,0.0,1.5749999999999998e-09
1821.0,0.9638829860885687,0.374897835,0.466776119,0.08151926866121062,0.8823637174273582,0.0,0.0,0.0,0.0,0.0,0.0,0.0,0.0,0.0,2.4722158766940323,0.0,0.0,1.5749999999999998e-09
1822.0,0.9640565420229538,0.241174596,0.425704203,0.05244195844871425,0.9116145835742395,0.0,0.0,0.0,0.0,0.0,0.0,0.0,0.0,0.0,2.147793501772796,0.0,0.0,1.5749999999999998e-09
1823.0,0.9606099064921138,0.114793977,0.384368233,0.02496125658274829,0.9356486499093655,0.0,0.0,0.0,0.0,0.0,0.0,0.0,0.0,0.0,1.8266902499740192,0.0,0.0,1.5749999999999998e-09
1824.0,0.9675343282087142,0.036331737,0.373989276,0.007900116652931447,0.9596342115557829,0.0,0.0,0.0,0.0,0.0,0.0,0.0,0.0,0.0,1.7281142456223197,0.0,0.0,1.5749999999999998e-09
1825.0,0.9843224893645873,0.005135788,0.370478945,0.0011167460643218211,0.9832057433002656,0.0,0.0,0.0,0.0,0.0,0.0,0.0,0.0,0.0,1.6793150206392895,0.0,0.0,1.5749999999999998e-09
1826.0,0.9705893502209513,9.46e-06,0.355623943,2.0570198319098116e-06,0.9705872932011194,0.0,0.0,0.0,0.0,0.0,0.0,0.0,0.0,0.0,1.5851750386948456,0.0,0.0,1.5749999999999998e-09
1827.0,0.93436964390809,0.0,0.33828405,0.0,0.93436964390809,0.0,0.0,0.0,0.0,0.0,0.0,0.0,0.0,0.0,1.4967760916061557,0.0,0.0,1.5749999999999998e-09
1828.0,0.8885087034053452,0.0,0.319822641,0.0,0.8885087034053453,0.0,0.0,0.0,0.0,0.0,0.0,0.0,0.0,0.0,1.409960437507605,0.0,0.0,1.5749999999999998e-09
1829.0,0.8427033907148349,0.0,0.303546418,0.0,0.8427033907148349,0.0,0.0,0.0,0.0,0.0,0.0,0.0,0.0,0.0,1.3387934302299438,0.0,0.0,1.5749999999999998e-09
1830.0,0.8039315275331091,0.0,0.290020467,0.0,0.8039315275331091,0.0,0.0,0.0,0.0,0.0,0.0,0.0,0.0,0.0,1.2803583512208552,0.0,0.0,1.5749999999999998e-09
1831.0,0.7759979854223306,0.0,0.277252558,0.0,0.7759979854223306,0.0,0.0,0.0,0.0,0.0,0.0,0.0,0.0,0.0,1.2165327710295801,0.0,0.0,1.5749999999999998e-09
1832.0,0.7603512853351363,0.0,0.268832216,0.0,0.7603512853351364,0.0,0.0,0.0,0.0,0.0,0.0,0.0,0.0,0.0,1.1716650054040947,0.0,0.0,1.5749999999999998e-09
1833.0,0.7605559919244419,0.0,0.254447729,0.0,0.7605559919244419,0.0,0.0,0.0,0.0,0.0,0.0,0.0,0.0,0.0,1.0680833165786767,0.0,0.0,1.5749999999999998e-09
1834.0,0.7836767053539525,2.68e-05,0.241056417,5.827498043888263e-06,0.7836708778559086,0.0,0.0,0.0,0.0,0.0,0.0,0.0,0.0,0.0,0.9487290984595389,0.0,0.0,1.5749999999999998e-09
1835.0,0.841751060408039,0.004718108,0.230137211,0.0010259240724199092,0.8407251363356192,0.0,0.0,0.0,0.0,0.0,0.0,0.0,0.0,0.0,0.8132017901801067,0.0,0.0,1.5749999999999998e-09
1836.0,0.9024287484783537,0.039807588,0.219801198,0.008655919447832457,0.8937728290305214,0.0,0.0,0.0,0.0,0.0,0.0,0.0,0.0,0.0,0.685872280393415,0.0,0.0,1.5749999999999998e-09
1837.0,0.9277344814155148,0.116726568,0.22083465,0.02538148681678322,0.9023529945987316,0.0,0.0,0.0,0.0,0.0,0.0,0.0,0.0,0.0,0.6847192235601823,0.0,0.0,1.5749999999999998e-09
1838.0,0.9414297944067742,0.230929376,0.227782615,0.05021419727299765,0.8912155971337765,0.0,0.0,0.0,0.0,0.0,0.0,0.0,0.0,0.0,0.7457895560253311,0.0,0.0,1.5749999999999998e-09
1839.0,0.953885741699798,0.36056088,0.251432668,0.07840178443666532,0.8754839572631327,0.0,0.0,0.0,0.0,0.0,0.0,0.0,0.0,0.0,0.9314870145493698,0.0,0.0,1.5749999999999998e-09
1840.0,0.958825399833108,0.470689037,0.255518693,0.10234848665661006,0.8564769131764979,0.0,0.0,0.0,0.0,0.0,0.0,0.0,0.0,0.0,0.9798590915246512,0.0,0.0,1.5749999999999998e-09
1841.0,0.9579754228209649,0.544595102,0.246052556,0.11841891386627347,0.8395565089546916,0.0,0.0,0.0,0.0,0.0,0.0,0.0,0.0,0.0,0.9287492158696982,0.0,0.0,1.5749999999999998e-09
1842.0,0.9593616414638365,0.56981625,0.238587839,0.12390310008398303,0.8354585413798535,0.0,0.0,0.0,0.0,0.0,0.0,0.0,0.0,0.0,0.8792005072226726,0.0,0.0,1.5749999999999998e-09
1843.0,0.9589210776303048,0.544364121,0.233690712,0.11836868844367363,0.8405523891866312,0.0,0.0,0.0,0.0,0.0,0.0,0.0,0.0,0.0,0.8389124803751695,0.0,0.0,1.5749999999999998e-09
1844.0,0.9569452143769808,0.471008011,0.228333164,0.10241784562530601,0.8545273687516747,0.0,0.0,0.0,0.0,0.0,0.0,0.0,0.0,0.0,0.7864344145043637,0.0,0.0,1.5749999999999998e-09
1845.0,0.9525039727219474,0.362639466,0.220856247,0.07885376040118224,0.8736502123207651,0.0,0.0,0.0,0.0,0.0,0.0,0.0,0.0,0.0,0.7135772169823039,0.0,0.0,1.5749999999999998e-09
1846.0,0.948389816443316,0.241220696,0.208717499,0.05245198261512556,0.8959378338281905,0.0,0.0,0.0,0.0,0.0,0.0,0.0,0.0,0.0,0.6040520640728452,0.0,0.0,1.5749999999999998e-09
1847.0,0.9426357826177293,0.127382698,0.204070395,0.027698597888813774,0.9149371847289155,0.0,0.0,0.0,0.0,0.0,0.0,0.0,0.0,0.0,0.5516553742432192,0.0,0.0,1.5749999999999998e-09
1848.0,0.9491863914756599,0.046734376,0.209753511,0.01016210763889323,0.9390242838367667,0.0,0.0,0.0,0.0,0.0,0.0,0.0,0.0,0.0,0.5684111207493803,0.0,0.0,1.5749999999999998e-09
1849.0,0.979071321682298,0.007430385,0.227767751,0.0016156923154043538,0.9774556293668938,0.0,0.0,0.0,0.0,0.0,0.0,0.0,0.0,0.0,0.65944270069425,0.0,0.0,1.5749999999999998e-09
1850.0,0.9636137523569869,1.79e-05,0.232349377,3.892246827820892e-06,0.9636098601101589,0.0,0.0,0.0,0.0,0.0,0.0,0.0,0.0,0.0,0.7062152381850215,0.0,0.0,1.5749999999999998e-09
1851.0,0.9423064724088168,0.0,0.226019265,0.0,0.9423064724088168,0.0,0.0,0.0,0.0,0.0,0.0,0.0,0.0,0.0,0.6820260145908339,0.0,0.0,1.5749999999999998e-09
1852.0,0.9026801815500024,0.0,0.217584181,0.0,0.9026801815500024,0.0,0.0,0.0,0.0,0.0,0.0,0.0,0.0,0.0,0.6610318934163156,0.0,0.0,1.5749999999999998e-09
1853.0,0.8417421600780725,0.0,0.212227664,0.0,0.8417421600780725,0.0,0.0,0.0,0.0,0.0,0.0,0.0,0.0,0.0,0.6834742380694316,0.0,0.0,1.5749999999999998e-09
1854.0,0.8073069604242168,0.0,0.20960327,0.0,0.8073069604242168,0.0,0.0,0.0,0.0,0.0,0.0,0.0,0.0,0.0,0.6990487072767613,0.0,0.0,1.5749999999999998e-09
1855.0,0.7801210420309285,0.0,0.211388027,0.0,0.7801210420309285,0.0,0.0,0.0,0.0,0.0,0.0,0.0,0.0,0.0,0.7390611375008,0.0,0.0,1.5749999999999998e-09
1856.0,0.7631526504431388,0.0,0.214174686,0.0,0.7631526504431388,0.0,0.0,0.0,0.0,0.0,0.0,0.0,0.0,0.0,0.776056409292319,0.0,0.0,1.5749999999999998e-09
1857.0,0.757225060683167,0.0,0.21044881,0.0,0.757225060683167,0.0,0.0,0.0,0.0,0.0,0.0,0.0,0.0,0.0,0.755207248719383,0.0,0.0,1.5749999999999998e-09
1858.0,0.7621491429890543,5.44e-05,0.205225703,1.1828951253265725e-05,0.762137314037801,0.0,0.0,0.0,0.0,0.0,0.0,0.0,0.0,0.0,0.7127580960956745,0.0,0.0,1.5749999999999998e-09
1859.0,0.7820546284669302,0.004668375,0.205911883,0.0010151099321133157,0.7810395185348169,0.0,0.0,0.0,0.0,0.0,0.0,0.0,0.0,0.0,0.6987872609044095,0.0,0.0,1.5749999999999998e-09
1860.0,0.8108715240772075,0.03044131,0.204173037,0.006619278898447619,0.8042522451787599,0.0,0.0,0.0,0.0,0.0,0.0,0.0,0.0,0.0,0.6630779709799455,0.0,0.0,1.5749999999999998e-09
1861.0,0.8438715527734133,0.098954013,0.186350933,0.02151695213404454,0.8223546006393688,0.0,0.0,0.0,0.0,0.0,0.0,0.0,0.0,0.0,0.5168935136954657,0.0,0.0,1.5749999999999998e-09
1862.0,0.8771408162011256,0.22143394,0.181302,0.04814947209703249,0.8289913441040931,0.0,0.0,0.0,0.0,0.0,0.0,0.0,0.0,0.0,0.4739716071204879,0.0,0.0,1.5749999999999998e-09
1863.0,0.900408383575197,0.364858449,0.233448717,0.07933626484491065,0.8210721187302864,0.0,0.0,0.0,0.0,0.0,0.0,0.0,0.0,0.0,0.8566536055414372,0.0,0.0,1.5749999999999998e-09
1864.0,0.9074040069316051,0.482625328,0.255346096,0.10494396100190041,0.8024600459297047,0.0,0.0,0.0,0.0,0.0,0.0,0.0,0.0,0.0,1.0326355560373737,0.0,0.0,1.5749999999999998e-09
1865.0,0.9040730756903301,0.560644571,0.253201016,0.12190877391115947,0.7821643017791706,0.0,0.0,0.0,0.0,0.0,0.0,0.0,0.0,0.0,1.037515255315745,0.0,0.0,1.5749999999999998e-09
1866.0,0.895410873797067,0.587537697,0.245677151,0.12775652164097442,0.7676543521560926,0.0,0.0,0.0,0.0,0.0,0.0,0.0,0.0,0.0,0.9979534498284804,0.0,0.0,1.5749999999999998e-09
1867.0,0.8832130350731479,0.563502342,0.238101606,0.12253017894520354,0.7606828561279443,0.0,0.0,0.0,0.0,0.0,0.0,0.0,0.0,0.0,0.9504817821279624,0.0,0.0,1.5749999999999998e-09
1868.0,0.8729176311303855,0.493600407,0.232369314,0.10733042560652799,0.7655872055238575,0.0,0.0,0.0,0.0,0.0,0.0,0.0,0.0,0.0,0.9043811739946881,0.0,0.0,1.5749999999999998e-09
1869.0,0.8700650898750187,0.388321051,0.22805254,0.08443806586205724,0.7856270240129616,0.0,0.0,0.0,0.0,0.0,0.0,0.0,0.0,0.0,0.8533179989468614,0.0,0.0,1.5749999999999998e-09
1870.0,0.8736051773706203,0.267918364,0.222801554,0.05825722918402028,0.8153479481866,0.0,0.0,0.0,0.0,0.0,0.0,0.0,0.0,0.0,0.7858598175151732,0.0,0.0,1.5749999999999998e-09
1871.0,0.8782044001325409,0.14868463,0.210916042,0.032330574271688436,0.8458738258608525,0.0,0.0,0.0,0.0,0.0,0.0,0.0,0.0,0.0,0.6699163394154694,0.0,0.0,1.5749999999999998e-09
1872.0,0.892747464303508,0.055718233,0.204700164,0.012115593052851136,0.880631871250657,0.0,0.0,0.0,0.0,0.0,0.0,0.0,0.0,0.0,0.5904866481346546,0.0,0.0,1.5749999999999998e-09
1873.0,0.9155944943364158,0.008222553,0.214055129,0.0017879444598234164,0.9138065498765924,0.0,0.0,0.0,0.0,0.0,0.0,0.0,0.0,0.0,0.6245432896541265,0.0,0.0,1.5749999999999998e-09
1874.0,0.9163198667290273,2.28e-05,0.220727211,4.957722216442252e-06,0.9163149090068109,0.0,0.0,0.0,0.0,0.0,0.0,0.0,0.0,0.0,0.66998517736913,0.0,0.0,1.5749999999999998e-09
1875.0,0.8977761247365587,0.0,0.221942568,0.0,0.8977761247365588,0.0,0.0,0.0,0.0,0.0,0.0,0.0,0.0,0.0,0.6972583669052448,0.0,0.0,1.5749999999999998e-09
1876.0,0.8683762610132096,0.0,0.224011067,0.0,0.8683762610132096,0.0,0.0,0.0,0.0,0.0,0.0,0.0,0.0,0.0,0.7415239108838868,0.0,0.0,1.5749999999999998e-09
1877.0,0.835416283301891,0.0,0.233284936,0.0,0.835416283301891,0.0,0.0,0.0,0.0,0.0,0.0,0.0,0.0,0.0,0.8411323961765346,0.0,0.0,1.5749999999999998e-09
1878.0,0.8057360596845584,0.0,0.245420336,0.0,0.8057360596845585,0.0,0.0,0.0,0.0,0.0,0.0,0.0,0.0,0.0,0.9580260901267413,0.0,0.0,1.5749999999999998e-09
1879.0,0.7902295400443183,0.0,0.255495448,0.0,0.7902295400443183,0.0,0.0,0.0,0.0,0.0,0.0,0.0,0.0,0.0,1.0459394098322772,0.0,0.0,1.5749999999999998e-09
1880.0,0.7705354356532795,0.0,0.262707593,0.0,0.7705354356532795,0.0,0.0,0.0,0.0,0.0,0.0,0.0,0.0,0.0,1.117465031436913,0.0,0.0,1.5749999999999998e-09
1881.0,0.7652508924835593,0.0,0.25658499,0.0,0.7652508924835592,0.0,0.0,0.0,0.0,0.0,0.0,0.0,0.0,0.0,1.0787482680901224,0.0,0.0,1.5749999999999998e-09
1882.0,0.770624438952945,6.78e-05,0.249840741,1.4742700275209855e-05,0.7706096962526697,0.0,0.0,0.0,0.0,0.0,0.0,0.0,0.0,0.0,1.0249205749495025,0.0,0.0,1.5749999999999998e-09
1883.0,0.786638275401428,0.002986381,0.243601595,0.0006493705013360102,0.785988904900092,0.0,0.0,0.0,0.0,0.0,0.0,0.0,0.0,0.0,0.9647025002924329,0.0,0.0,1.5749999999999998e-09
1884.0,0.8134904329208583,0.025373975,0.230812952,0.005517417525304838,0.8079730153955534,0.0,0.0,0.0,0.0,0.0,0.0,0.0,0.0,0.0,0.8508102584722337,0.0,0.0,1.5749999999999998e-09
1885.0,0.8442742914544932,0.093988324,0.206543153,0.020437193069340904,0.8238370983851522,0.0,0.0,0.0,0.0,0.0,0.0,0.0,0.0,0.0,0.6605264287028568,0.0,0.0,1.5749999999999998e-09
1886.0,0.872512667616795,0.224355713,0.157910248,0.0487847939792036,0.8237278736375915,0.0,0.0,0.0,0.0,0.0,0.0,0.0,0.0,0.0,0.31112559054198474,0.0,0.0,1.5749999999999998e-09
1887.0,0.8868999775132349,0.369905794,0.138192687,0.08043377951335576,0.8064661979998792,0.0,0.0,0.0,0.0,0.0,0.0,0.0,0.0,0.0,0.1866830849157799,0.0,0.0,1.5749999999999998e-09
1888.0,0.8889181165839565,0.489620904,0.16031814,0.10646510672786577,0.7824530098560907,0.0,0.0,0.0,0.0,0.0,0.0,0.0,0.0,0.0,0.36970525000444887,0.0,0.0,1.5749999999999998e-09
1889.0,0.8901152054648698,0.567687232,0.168454903,0.12344015798583366,0.7666750474790361,0.0,0.0,0.0,0.0,0.0,0.0,0.0,0.0,0.0,0.4439596811016223,0.0,0.0,1.5749999999999998e-09
1890.0,0.8885176037353116,0.597213523,0.174618819,0.1298604715323178,0.7586571322029939,0.0,0.0,0.0,0.0,0.0,0.0,0.0,0.0,0.0,0.496275807001157,0.0,0.0,1.5749999999999998e-09
1891.0,0.8830439288037837,0.57519234,0.182707023,0.12507209836602656,0.7579718304377571,0.0,0.0,0.0,0.0,0.0,0.0,0.0,0.0,0.0,0.5550885985566137,0.0,0.0,1.5749999999999998e-09
1892.0,0.8772253688358455,0.507299602,0.191638996,0.11030923277314529,0.7669161360627001,0.0,0.0,0.0,0.0,0.0,0.0,0.0,0.0,0.0,0.610335696779054,0.0,0.0,1.5749999999999998e-09
1893.0,0.8793458612012197,0.39986421,0.19892716,0.0869480560296987,0.792397805171521,0.0,0.0,0.0,0.0,0.0,0.0,0.0,0.0,0.0,0.6372318705757097,0.0,0.0,1.5749999999999998e-09
1894.0,0.8881482425415123,0.271801884,0.196759046,0.059101677139371055,0.8290465654021412,0.0,0.0,0.0,0.0,0.0,0.0,0.0,0.0,0.0,0.5850015270419197,0.0,0.0,1.5749999999999998e-09
1895.0,0.8999833955690878,0.142096873,0.191589204,0.030898106322766378,0.8690852892463214,0.0,0.0,0.0,0.0,0.0,0.0,0.0,0.0,0.0,0.5078087034653329,0.0,0.0,1.5749999999999998e-09
1896.0,0.923113009328565,0.047286996,0.208633238,0.010282271518334033,0.9128307378102309,0.0,0.0,0.0,0.0,0.0,0.0,0.0,0.0,0.0,0.5865536016235336,0.0,0.0,1.5749999999999998e-09
1897.0,0.9512623831911262,0.005652916,0.241162252,0.0012291924228456962,0.9500331907682805,0.0,0.0,0.0,0.0,0.0,0.0,0.0,0.0,0.0,0.7831273898645095,0.0,0.0,1.5749999999999998e-09
1898.0,0.9543485568582085,1.49e-05,0.26310683,3.2399149572363845e-06,0.9543453169432512,0.0,0.0,0.0,0.0,0.0,0.0,0.0,0.0,0.0,0.9365243464037839,0.0,0.0,1.5749999999999998e-09
1899.0,0.9313902732006814,0.0,0.272550514,0.0,0.9313902732006814,0.0,0.0,0.0,0.0,0.0,0.0,0.0,0.0,0.0,1.027348307064382,0.0,0.0,1.5749999999999998e-09
1900.0,0.8969483980493697,0.0,0.275120817,0.0,0.8969483980493697,0.0,0.0,0.0,0.0,0.0,0.0,0.0,0.0,0.0,1.080262176911954,0.0,0.0,1.5749999999999998e-09
1901.0,0.8609890251381235,0.0,0.272245215,0.0,0.8609890251381236,0.0,0.0,0.0,0.0,0.0,0.0,0.0,0.0,0.0,1.0955554630262132,0.0,0.0,1.5749999999999998e-09
1902.0,0.8336940779527262,0.0,0.263935598,0.0,0.8336940779527262,0.0,0.0,0.0,0.0,0.0,0.0,0.0,0.0,0.0,1.0631316917757083,0.0,0.0,1.5749999999999998e-09
1903.0,0.8156131501187431,0.0,0.251314901,0.0,0.8156131501187431,0.0,0.0,0.0,0.0,0.0,0.0,0.0,0.0,0.0,0.9905114656807151,0.0,0.0,1.5749999999999998e-09
1904.0,0.8092939488400177,0.0,0.242462127,0.0,0.8092939488400177,0.0,0.0,0.0,0.0,0.0,0.0,0.0,0.0,0.0,0.9332084425076188,0.0,0.0,1.5749999999999998e-09
1905.0,0.8177225183215652,0.0,0.233109324,0.0,0.8177225183215652,0.0,0.0,0.0,0.0,0.0,0.0,0.0,0.0,0.0,0.8575640905244876,0.0,0.0,1.5749999999999998e-09
1906.0,0.8504866897735448,3.64e-05,0.226952267,7.914960029758683e-06,0.850478774813515,0.0,0.0,0.0,0.0,0.0,0.0,0.0,0.0,0.0,0.7805589169793451,0.0,0.0,1.5749999999999998e-09
1907.0,0.9218046668230324,0.003179259,0.224413051,0.000691310656847543,0.921113356166185,0.0,0.0,0.0,0.0,0.0,0.0,0.0,0.0,0.0,0.6916757538506513,0.0,0.0,1.5749999999999998e-09
1908.0,0.9938991954122697,0.031362775,0.216946884,0.0068196458941570046,0.9870795495181127,0.0,0.0,0.0,0.0,0.0,0.0,0.0,0.0,0.0,0.5720524635629172,0.0,0.0,1.5749999999999998e-09
1909.0,1.0227071896926558,0.11421929,0.210084829,0.024836294367511426,0.9978708953251444,0.0,0.0,0.0,0.0,0.0,0.0,0.0,0.0,0.0,0.5119455920900604,0.0,0.0,1.5749999999999998e-09
1910.0,1.0216324805987635,0.251949237,0.206858686,0.05478483902151643,0.9668476415772471,0.0,0.0,0.0,0.0,0.0,0.0,0.0,0.0,0.0,0.5197835262918274,0.0,0.0,1.5749999999999998e-09
1911.0,1.0117375895046457,0.400427525,0.187104159,0.08707054547225815,0.9246670440323874,0.0,0.0,0.0,0.0,0.0,0.0,0.0,0.0,0.0,0.4199942790475193,0.0,0.0,1.5749999999999998e-09
1912.0,0.9977574679543066,0.522235184,0.195073706,0.11355688482125473,0.8842005831330518,0.0,0.0,0.0,0.0,0.0,0.0,0.0,0.0,0.0,0.51773547756168,0.0,0.0,1.5749999999999998e-09
1913.0,0.9806110707671111,0.60212045,0.204984934,0.13092745315522836,0.8496836176118827,0.0,0.0,0.0,0.0,0.0,0.0,0.0,0.0,0.0,0.6234814581248217,0.0,0.0,1.5749999999999998e-09
1914.0,0.9645037813539417,0.631702176,0.212832,0.13735982070746114,0.8271439606464804,0.0,0.0,0.0,0.0,0.0,0.0,0.0,0.0,0.0,0.7024156185916416,0.0,0.0,1.5749999999999998e-09
1915.0,0.9488103547844043,0.608088543,0.221532797,0.1322251789120658,0.8165851758723385,0.0,0.0,0.0,0.0,0.0,0.0,0.0,0.0,0.0,0.7755044148225023,0.0,0.0,1.5749999999999998e-09
1916.0,0.9363944584762675,0.535201651,0.227859753,0.11637636471224881,0.8200180937640187,0.0,0.0,0.0,0.0,0.0,0.0,0.0,0.0,0.0,0.8175414270034528,0.0,0.0,1.5749999999999998e-09
1917.0,0.9285711084326704,0.420789083,0.230923239,0.09149804321164312,0.8370730652210273,0.0,0.0,0.0,0.0,0.0,0.0,0.0,0.0,0.0,0.8225028081492568,0.0,0.0,1.5749999999999998e-09
1918.0,0.928648985569934,0.28530024,0.233219126,0.062036813079136256,0.8666121724907978,0.0,0.0,0.0,0.0,0.0,0.0,0.0,0.0,0.0,0.8094635503086055,0.0,0.0,1.5749999999999998e-09
1919.0,0.9337955751250601,0.153234543,0.242963458,0.033319925357784025,0.900475649767276,0.0,0.0,0.0,0.0,0.0,0.0,0.0,0.0,0.0,0.8456296567125728,0.0,0.0,1.5749999999999998e-09
1920.0,0.9562354168118672,0.055785279,0.276814193,0.012130171800382871,0.9441052450114844,0.0,0.0,0.0,0.0,0.0,0.0,0.0,0.0,0.0,1.0452751140145096,0.0,0.0,1.5749999999999998e-09
1921.0,0.9879360043324316,0.007800087,0.319301042,0.001696081781143965,0.9862399225512876,0.0,0.0,0.0,0.0,0.0,0.0,0.0,0.0,0.0,1.308480643208626,0.0,0.0,1.5749999999999998e-09
1922.0,0.9871861557824309,3.26e-05,0.337835111,7.088672993684975e-06,0.9871790671094373,0.0,0.0,0.0,0.0,0.0,0.0,0.0,0.0,0.0,1.4407402788208006,0.0,0.0,1.5749999999999998e-09
1923.0,0.9556190722114398,0.0,0.337535474,0.0,0.9556190722114398,0.0,0.0,0.0,0.0,0.0,0.0,0.0,0.0,0.0,1.4701468727093432,0.0,0.0,1.5749999999999998e-09
1924.0,0.9124126418722122,0.0,0.328999742,0.0,0.9124126418722122,0.0,0.0,0.0,0.0,0.0,0.0,0.0,0.0,0.0,1.4520095641070143,0.0,0.0,1.5749999999999998e-09
1925.0,0.8705679560183163,0.0,0.318348174,0.0,0.8705679560183163,0.0,0.0,0.0,0.0,0.0,0.0,0.0,0.0,0.0,1.417304633980671,0.0,0.0,1.5749999999999998e-09
1926.0,0.8418356130427587,0.0,0.309589572,0.0,0.8418356130427587,0.0,0.0,0.0,0.0,0.0,0.0,0.0,0.0,0.0,1.383091538348152,0.0,0.0,1.5749999999999998e-09
1927.0,0.8233029962127669,0.0,0.304763268,0.0,0.8233029962127669,0.0,0.0,0.0,0.0,0.0,0.0,0.0,0.0,0.0,1.3669389597398862,0.0,0.0,1.5749999999999998e-09
1928.0,0.8175333865597575,0.0,0.301287482,0.0,0.8175333865597575,0.0,0.0,0.0,0.0,0.0,0.0,0.0,0.0,0.0,1.3477291406806635,0.0,0.0,1.5749999999999998e-09
1929.0,0.8240283696053031,0.0,0.292374233,0.0,0.8240283696053031,0.0,0.0,0.0,0.0,0.0,0.0,0.0,0.0,0.0,1.2771773175448842,0.0,0.0,1.5749999999999998e-09
1930.0,0.8551014863630386,8.04e-05,0.285976766,1.7482494131664788e-05,0.8550840038689068,0.0,0.0,0.0,0.0,0.0,0.0,0.0,0.0,0.0,1.200145011856355,0.0,0.0,1.5749999999999998e-09
1931.0,0.9249153166475039,0.005113755,0.283448182,0.001111955121620292,0.9238033615258837,0.0,0.0,0.0,0.0,0.0,0.0,0.0,0.0,0.0,1.1132534814100035,0.0,0.0,1.5749999999999998e-09
1932.0,0.9906439164757479,0.035761905,0.280272179,0.007776210128105143,0.9828677063476429,0.0,0.0,0.0,0.0,0.0,0.0,0.0,0.0,0.0,1.03136415814356,0.0,0.0,1.5749999999999998e-09
1933.0,1.0073875759817883,0.119881792,0.271629918,0.026067571208127593,0.9813200047736608,0.0,0.0,0.0,0.0,0.0,0.0,0.0,0.0,0.0,0.970802528889349,0.0,0.0,1.5749999999999998e-09
1934.0,0.9942641069410482,0.259989857,0.249923114,0.056533223249936156,0.937730883691112,0.0,0.0,0.0,0.0,0.0,0.0,0.0,0.0,0.0,0.8583913774901072,0.0,0.0,1.5749999999999998e-09
1935.0,0.9800080761616712,0.409665931,0.248600982,0.08907938102799118,0.8909286951336799,0.0,0.0,0.0,0.0,0.0,0.0,0.0,0.0,0.0,0.8956918009670193,0.0,0.0,1.5749999999999998e-09
1936.0,0.9687091657647487,0.535238681,0.255762667,0.1163844166619714,0.8523247491027773,0.0,0.0,0.0,0.0,0.0,0.0,0.0,0.0,0.0,0.9857646233663061,0.0,0.0,1.5749999999999998e-09
1937.0,0.948894907419124,0.619714023,0.249627855,0.13475306928368005,0.8141418381354439,0.0,0.0,0.0,0.0,0.0,0.0,0.0,0.0,0.0,0.9798584854057294,0.0,0.0,1.5749999999999998e-09
1938.0,0.9348168832390779,0.651593086,0.249888494,0.14168497888343717,0.7931319043556407,0.0,0.0,0.0,0.0,0.0,0.0,0.0,0.0,0.0,1.0027415532968176,0.0,0.0,1.5749999999999998e-09
1939.0,0.9248886156576043,0.626076894,0.253354628,0.13613663713091936,0.7887519785266849,0.0,0.0,0.0,0.0,0.0,0.0,0.0,0.0,0.0,1.0320315418166421,0.0,0.0,1.5749999999999998e-09
1940.0,0.9148691209438796,0.549934927,0.256943902,0.11958002654322143,0.7952890944006582,0.0,0.0,0.0,0.0,0.0,0.0,0.0,0.0,0.0,1.051289458781764,0.0,0.0,1.5749999999999998e-09
1941.0,0.954506536965171,0.430703668,0.258804363,0.09365390980468281,0.8608526271604882,0.0,0.0,0.0,0.0,0.0,0.0,0.0,0.0,0.0,0.9990964997342938,0.0,0.0,1.5749999999999998e-09
1942.0,0.9546200154223008,0.288414807,0.257077122,0.06271405685152652,0.8919059585707743,0.0,0.0,0.0,0.0,0.0,0.0,0.0,0.0,0.0,0.955630006688526,0.0,0.0,1.5749999999999998e-09
1943.0,0.914973699071043,0.148161333,0.262569502,0.03221678650139468,0.8827569125696483,0.0,0.0,0.0,0.0,0.0,0.0,0.0,0.0,0.0,1.0042511360315174,0.0,0.0,1.5749999999999998e-09
1944.0,0.9299128264256339,0.046314615,0.275734059,0.010070833146117088,0.9198419932795169,0.0,0.0,0.0,0.0,0.0,0.0,0.0,0.0,0.0,1.0617757675161321,0.0,0.0,1.5749999999999998e-09
1945.0,0.9567961345999848,0.005549095,0.295030868,0.0012066171738003783,0.9555895174261845,0.0,0.0,0.0,0.0,0.0,0.0,0.0,0.0,0.0,1.1647086065417247,0.0,0.0,1.5749999999999998e-09
1946.0,0.9514403887905323,2.88e-05,0.304140564,6.2623859576112666e-06,0.9514341264045746,0.0,0.0,0.0,0.0,0.0,0.0,0.0,0.0,0.0,1.2343326431652515,0.0,0.0,1.5749999999999998e-09
1947.0,0.917494704285062,0.0,0.302653168,0.0,0.917494704285062,0.0,0.0,0.0,0.0,0.0,0.0,0.0,0.0,0.0,1.2575825975359267,0.0,0.0,1.5749999999999998e-09
1948.0,0.8727552003584773,0.0,0.304890684,0.0,0.8727552003584773,0.0,0.0,0.0,0.0,0.0,0.0,0.0,0.0,0.0,1.3184024560684853,0.0,0.0,1.5749999999999998e-09
1949.0,0.8267852320635484,0.0,0.308017503,0.0,0.8267852320635484,0.0,0.0,0.0,0.0,0.0,0.0,0.0,0.0,0.0,1.3868439321911552,0.0,0.0,1.5749999999999998e-09
1950.0,0.7908147339898253,0.0,0.310943902,0.0,0.7908147339898253,0.0,0.0,0.0,0.0,0.0,0.0,0.0,0.0,0.0,1.4438455798247325,0.0,0.0,1.5749999999999998e-09
1951.0,0.7602088810555965,0.0,0.311854971,0.0,0.7602088810555965,0.0,0.0,0.0,0.0,0.0,0.0,0.0,0.0,0.0,1.4809990116770604,0.0,0.0,1.5749999999999998e-09
1952.0,0.7534980662582682,0.0,0.312000558,0.0,0.7534980662582682,0.0,0.0,0.0,0.0,0.0,0.0,0.0,0.0,0.0,1.488756116461151,0.0,0.0,1.5749999999999998e-09
1953.0,0.7574831692522718,0.0,0.304284515,0.0,0.7574831692522718,0.0,0.0,0.0,0.0,0.0,0.0,0.0,0.0,0.0,1.4293181328643088,0.0,0.0,1.5749999999999998e-09
1954.0,0.7830203097686382,9.64e-05,0.290669707,2.0961597441448823e-05,0.7829993481711968,0.0,0.0,0.0,0.0,0.0,0.0,0.0,0.0,0.0,1.305956423217449,0.0,0.0,1.5749999999999998e-09
1955.0,0.8449618376947281,0.005944231,0.282225575,0.0012925371091388048,0.8436693005855893,0.0,0.0,0.0,0.0,0.0,0.0,0.0,0.0,0.0,1.1846010335147206,0.0,0.0,1.5749999999999998e-09
1956.0,0.9051566851141888,0.0432454,0.272854636,0.009403450892058412,0.8957532342221304,0.0,0.0,0.0,0.0,0.0,0.0,0.0,0.0,0.0,1.0651709793986175,0.0,0.0,1.5749999999999998e-09
1957.0,0.9296013158767299,0.140251664,0.265322513,0.030496876776569915,0.8991044391001599,0.0,0.0,0.0,0.0,0.0,0.0,0.0,0.0,0.0,1.0076886716476656,0.0,0.0,1.5749999999999998e-09
1958.0,0.9361630508970622,0.287922322,0.241681635,0.06260696896443158,0.8735560819326306,0.0,0.0,0.0,0.0,0.0,0.0,0.0,0.0,0.0,0.8633371481276115,0.0,0.0,1.5749999999999998e-09
1959.0,0.9429673186590768,0.441230357,0.272788545,0.09594287471349328,0.8470244439455835,0.0,0.0,0.0,0.0,0.0,0.0,0.0,0.0,0.0,1.113424793533647,0.0,0.0,1.5749999999999998e-09
1960.0,0.943737192701521,0.564124306,0.325688339,0.12266542125838893,0.821071771443132,0.0,0.0,0.0,0.0,0.0,0.0,0.0,0.0,0.0,1.5195523770101218,0.0,0.0,1.5749999999999998e-09
1961.0,0.9393315523663538,0.643098415,0.359350602,0.1398378640089605,0.7994936883573933,0.0,0.0,0.0,0.0,0.0,0.0,0.0,0.0,0.0,1.7830510210570085,0.0,0.0,1.5749999999999998e-09
1962.0,0.9373623646104859,0.669507826,0.390061053,0.1455804308351822,0.7917819337753037,0.0,0.0,0.0,0.0,0.0,0.0,0.0,0.0,0.0,2.0114695514518184,0.0,0.0,1.5749999999999998e-09
1963.0,0.9367971961574226,0.640499647,0.419470498,0.13927277761207543,0.7975244185453472,0.0,0.0,0.0,0.0,0.0,0.0,0.0,0.0,0.0,2.2170839036227745,0.0,0.0,1.5749999999999998e-09
1964.0,0.9359961704601332,0.560319273,0.445320216,0.12183803982688032,0.8141581306332528,0.0,0.0,0.0,0.0,0.0,0.0,0.0,0.0,0.0,2.386224341040131,0.0,0.0,1.5749999999999998e-09
1965.0,0.9384659995267882,0.439548766,0.463327873,0.09557722291263057,0.8428887766141576,0.0,0.0,0.0,0.0,0.0,0.0,0.0,0.0,0.0,2.4869093104929227,0.0,0.0,1.5749999999999998e-09
1966.0,0.9433144295279223,0.296436965,0.475494633,0.06445842662961467,0.8788560028983078,0.0,0.0,0.0,0.0,0.0,0.0,0.0,0.0,0.0,2.538380929430785,0.0,0.0,1.5749999999999998e-09
1967.0,0.9440175515955798,0.154647479,0.472347178,0.03362715975241609,0.9103903918431636,0.0,0.0,0.0,0.0,0.0,0.0,0.0,0.0,0.0,2.4842267279320316,0.0,0.0,1.5749999999999998e-09
1968.0,0.9537922887351118,0.053153164,0.464241803,0.011557834299868359,0.9422344544352435,0.0,0.0,0.0,0.0,0.0,0.0,0.0,0.0,0.0,2.394131772736551,0.0,0.0,1.5749999999999998e-09
1969.0,0.9712501964712115,0.007619633,0.480218299,0.0016568431493524795,0.9695933533218589,0.0,0.0,0.0,0.0,0.0,0.0,0.0,0.0,0.0,2.4815911460057176,0.0,0.0,1.5749999999999998e-09
1970.0,0.9612863285697965,3.04e-05,0.482592781,6.610296288589671e-06,0.9612797182735079,0.0,0.0,0.0,0.0,0.0,0.0,0.0,0.0,0.0,2.5069694691123896,0.0,0.0,1.5749999999999998e-09
1971.0,0.9242344449048003,0.0,0.481214811,0.0,0.9242344449048003,0.0,0.0,0.0,0.0,0.0,0.0,0.0,0.0,0.0,2.5341116864866846,0.0,0.0,1.5749999999999998e-09
1972.0,0.8753807846995842,0.0,0.476888898,0.0,0.8753807846995842,0.0,0.0,0.0,0.0,0.0,0.0,0.0,0.0,0.0,2.551876310888541,0.0,0.0,1.5749999999999998e-09
1973.0,0.8253678617658315,0.0,0.469105938,0.0,0.8253678617658315,0.0,0.0,0.0,0.0,0.0,0.0,0.0,0.0,0.0,2.54595544086434,0.0,0.0,1.5749999999999998e-09
1974.0,0.7874771272510941,0.0,0.455068823,0.0,0.7874771272510941,0.0,0.0,0.0,0.0,0.0,0.0,0.0,0.0,0.0,2.4829656512421185,0.0,0.0,1.5749999999999998e-09
1975.0,0.7614415702564511,0.0,0.443238176,0.0,0.7614415702564511,0.0,0.0,0.0,0.0,0.0,0.0,0.0,0.0,0.0,2.423977906066812,0.0,0.0,1.5749999999999998e-09
1976.0,0.7462576853276675,0.0,0.436300346,0.0,0.7462576853276675,0.0,0.0,0.0,0.0,0.0,0.0,0.0,0.0,0.0,2.3893016931925137,0.0,0.0,1.5749999999999998e-09
1977.0,0.7444086515263855,0.0,0.423275638,0.0,0.7444086515263855,0.0,0.0,0.0,0.0,0.0,0.0,0.0,0.0,0.0,2.297546067505657,0.0,0.0,1.5749999999999998e-09
1978.0,0.767039848807586,0.000129134,0.414847093,2.8079407925353235e-05,0.7670117693996608,0.0,0.0,0.0,0.0,0.0,0.0,0.0,0.0,0.0,2.2143695314255827,0.0,0.0,1.5749999999999998e-09
1979.0,0.8236523319141229,0.006607417,0.413888029,0.001436742897113957,0.8222155890170089,0.0,0.0,0.0,0.0,0.0,0.0,0.0,0.0,0.0,2.152273207258625,0.0,0.0,1.5749999999999998e-09
1980.0,0.8838649809934414,0.047081411,0.408127388,0.01023756830246266,0.8736274126909788,0.0,0.0,0.0,0.0,0.0,0.0,0.0,0.0,0.0,2.0594613891096616,0.0,0.0,1.5749999999999998e-09
1981.0,0.9142104995261301,0.14552718,0.396076379,0.03164400585009609,0.882566493676034,0.0,0.0,0.0,0.0,0.0,0.0,0.0,0.0,0.0,1.9639153305299077,0.0,0.0,1.5749999999999998e-09
1982.0,0.9298171486284372,0.293121329,0.425851853,0.06373746161826223,0.866079687010175,0.0,0.0,0.0,0.0,0.0,0.0,0.0,0.0,0.0,2.194389514484218,0.0,0.0,1.5749999999999998e-09
1983.0,0.9448297024553463,0.445720623,0.534205908,0.09691925591989393,0.8479104465354524,0.0,0.0,0.0,0.0,0.0,0.0,0.0,0.0,0.0,2.9912667630335927,0.0,0.0,1.5749999999999998e-09
1984.0,0.9500185688277946,0.571208129,0.579955083,0.12420575576121544,0.825812813066579,0.0,0.0,0.0,0.0,0.0,0.0,0.0,0.0,0.0,3.3421499591222377,0.0,0.0,1.5749999999999998e-09
1985.0,0.9491040646733753,0.649317186,0.578780103,0.14119009818201608,0.8079139664913592,0.0,0.0,0.0,0.0,0.0,0.0,0.0,0.0,0.0,3.3516045777880588,0.0,0.0,1.5749999999999998e-09
1986.0,0.9477734718428887,0.673335288,0.571707262,0.14641268931719925,0.8013607825256895,0.0,0.0,0.0,0.0,0.0,0.0,0.0,0.0,0.0,3.3073273804953733,0.0,0.0,1.5749999999999998e-09
1987.0,0.9441933323624754,0.642773696,0.563232134,0.13976725582473243,0.8044260765377429,0.0,0.0,0.0,0.0,0.0,0.0,0.0,0.0,0.0,3.2433538902643817,0.0,0.0,1.5749999999999998e-09
1988.0,0.9411027090303723,0.563005881,0.554594159,0.12242222650093611,0.8186804825294361,0.0,0.0,0.0,0.0,0.0,0.0,0.0,0.0,0.0,3.16702095563757,0.0,0.0,1.5749999999999998e-09
1989.0,0.9386373296287381,0.442190456,0.536216053,0.09615164243903204,0.8424856871897061,0.0,0.0,0.0,0.0,0.0,0.0,0.0,0.0,0.0,3.011137829985374,0.0,0.0,1.5749999999999998e-09
1990.0,0.9395874351030234,0.299418144,0.505790833,0.06510666598748709,0.8744807691155364,0.0,0.0,0.0,0.0,0.0,0.0,0.0,0.0,0.0,2.76048584166658,0.0,0.0,1.5749999999999998e-09
1991.0,0.9385082753441857,0.159175127,0.475131988,0.03461166944881216,0.9038966058953736,0.0,0.0,0.0,0.0,0.0,0.0,0.0,0.0,0.0,2.5107341058765997,0.0,0.0,1.5749999999999998e-09
1992.0,0.944053152915446,0.057345259,0.458287663,0.012469380024207678,0.9315837728912384,0.0,0.0,0.0,0.0,0.0,0.0,0.0,0.0,0.0,2.361991840683329,0.0,0.0,1.5749999999999998e-09
1993.0,0.9553987897947116,0.009394303,0.453691169,0.002042734416275882,0.9533560553784357,0.0,0.0,0.0,0.0,0.0,0.0,0.0,0.0,0.0,2.307185938117335,0.0,0.0,1.5749999999999998e-09
1994.0,0.9501832234322884,7.06e-05,0.461795687,1.5351543354422063e-05,0.950167871888934,0.0,0.0,0.0,0.0,0.0,0.0,0.0,0.0,0.0,2.368618855208963,0.0,0.0,1.5749999999999998e-09
1995.0,0.915834801245663,0.0,0.460702158,0.0,0.915834801245663,0.0,0.0,0.0,0.0,0.0,0.0,0.0,0.0,0.0,2.395093061785154,0.0,0.0,1.5749999999999998e-09
1996.0,0.871168724791321,0.0,0.450812524,0.0,0.871168724791321,0.0,0.0,0.0,0.0,0.0,0.0,0.0,0.0,0.0,2.3686853127815812,0.0,0.0,1.5749999999999998e-09
1997.0,0.8249962757395216,0.0,0.442220379,0.0,0.8249962757395216,0.0,0.0,0.0,0.0,0.0,0.0,0.0,0.0,0.0,2.353108599625851,0.0,0.0,1.5749999999999998e-09
1998.0,0.7874704517536381,0.0,0.443673839,0.0,0.7874704517536381,0.0,0.0,0.0,0.0,0.0,0.0,0.0,0.0,0.0,2.401080003534112,0.0,0.0,1.5749999999999998e-09
1999.0,0.7610477329052625,0.0,0.4517114,0.0,0.7610477329052624,0.0,0.0,0.0,0.0,0.0,0.0,0.0,0.0,0.0,2.4852662561615273,0.0,0.0,1.5749999999999998e-09
2000.0,0.74624433533268,0.0,0.455069423,0.0,0.74624433533268,0.0,0.0,0.0,0.0,0.0,0.0,0.0,0.0,0.0,2.5242027551800956,0.0,0.0,1.5749999999999998e-09
2001.0,0.7441282926323266,0.0,0.45926898,0.0,0.7441282926323267,0.0,0.0,0.0,0.0,0.0,0.0,0.0,0.0,0.0,2.556499751110727,0.0,0.0,1.5749999999999998e-09
2002.0,0.7584510743865656,0.000183263,0.462389588,3.98494318663095e-05,0.7584112249546993,0.0,0.0,0.0,0.0,0.0,0.0,0.0,0.0,0.0,2.5646436900269234,0.0,0.0,1.5749999999999998e-09
2003.0,0.7977858811888441,0.006691687,0.461511246,0.001455066899358676,0.7963308142894855,0.0,0.0,0.0,0.0,0.0,0.0,0.0,0.0,0.0,2.5204117208810786,0.0,0.0,1.5749999999999998e-09
2004.0,0.8476942249955087,0.039991445,0.449283104,0.008695898041409144,0.8389983269540995,0.0,0.0,0.0,0.0,0.0,0.0,0.0,0.0,0.0,2.3898642290198024,0.0,0.0,1.5749999999999998e-09
2005.0,0.8841853908723872,0.128320111,0.44441676,0.027902432680747186,0.85628295819164,0.0,0.0,0.0,0.0,0.0,0.0,0.0,0.0,0.0,2.337606646905195,0.0,0.0,1.5749999999999998e-09
2006.0,0.913830012169929,0.26972974,0.52002931,0.05865110194882423,0.8551789102211047,0.0,0.0,0.0,0.0,0.0,0.0,0.0,0.0,0.0,2.8821153528365695,0.0,0.0,1.5749999999999998e-09
2007.0,0.9328054186658876,0.420393898,0.599255685,0.0914121126215508,0.8413933060443368,0.0,0.0,0.0,0.0,0.0,0.0,0.0,0.0,0.0,3.4652770884670745,0.0,0.0,1.5749999999999998e-09
2008.0,0.9357603132159071,0.539683582,0.636509791,0.11735093352326904,0.818409379692638,0.0,0.0,0.0,0.0,0.0,0.0,0.0,0.0,0.0,3.7559950712494437,0.0,0.0,1.5749999999999998e-09
2009.0,0.9292163788555078,0.614449622,0.656955978,0.1336083570997344,0.7956080217557734,0.0,0.0,0.0,0.0,0.0,0.0,0.0,0.0,0.0,3.9257370263932323,0.0,0.0,1.5749999999999998e-09
2010.0,0.9196708244626707,0.643008776,0.68676174,0.1398183725501114,0.7798524519125594,0.0,0.0,0.0,0.0,0.0,0.0,0.0,0.0,0.0,4.155697644272416,0.0,0.0,1.5749999999999998e-09
2011.0,0.911010847401918,0.623940233,0.719002568,0.1356720331086077,0.7753388142933103,0.0,0.0,0.0,0.0,0.0,0.0,0.0,0.0,0.0,4.3919164169745875,0.0,0.0,1.5749999999999998e-09
2012.0,0.9022284915540689,0.552082143,0.74476212,0.12004692568649776,0.7821815658675711,0.0,0.0,0.0,0.0,0.0,0.0,0.0,0.0,0.0,4.570199818979124,0.0,0.0,1.5749999999999998e-09
2013.0,0.8959248661027662,0.435909851,0.751160445,0.0947859628363479,0.8011389032664183,0.0,0.0,0.0,0.0,0.0,0.0,0.0,0.0,0.0,4.597225319193178,0.0,0.0,1.5749999999999998e-09
2014.0,0.8940825067990156,0.29996321,0.740627402,0.06522518729527775,0.8288573195037379,0.0,0.0,0.0,0.0,0.0,0.0,0.0,0.0,0.0,4.493809090506709,0.0,0.0,1.5749999999999998e-09
2015.0,0.8773099214705651,0.164552316,0.711212449,0.0357809067017643,0.8415290147688008,0.0,0.0,0.0,0.0,0.0,0.0,0.0,0.0,0.0,4.2697409739610634,0.0,0.0,1.5749999999999998e-09
2016.0,0.8919041617888963,0.061636381,0.659368873,0.013402458571263121,0.8785017032176333,0.0,0.0,0.0,0.0,0.0,0.0,0.0,0.0,0.0,3.8601840956687887,0.0,0.0,1.5749999999999998e-09
2017.0,0.9079001985773711,0.009481898,0.634316255,0.0020617814196771654,0.905838417157694,0.0,0.0,0.0,0.0,0.0,0.0,0.0,0.0,0.0,3.652801750212351,0.0,0.0,1.5749999999999998e-09
2018.0,0.9047628477630001,8.32e-05,0.618621612,1.8091337210876992e-05,0.9047447564257892,0.0,0.0,0.0,0.0,0.0,0.0,0.0,0.0,0.0,3.5411027315380927,0.0,0.0,1.5749999999999998e-09
2019.0,0.8822762795938499,0.0,0.590697378,0.0,0.8822762795938498,0.0,0.0,0.0,0.0,0.0,0.0,0.0,0.0,0.0,3.3628881362399627,0.0,0.0,1.5749999999999998e-09
2020.0,0.8494475809995942,0.0,0.560538879,0.0,0.8494475809995942,0.0,0.0,0.0,0.0,0.0,0.0,0.0,0.0,0.0,3.178976772057506,0.0,0.0,1.5749999999999998e-09
2021.0,0.8129630906201718,0.0,0.535552359,0.0,0.8129630906201718,0.0,0.0,0.0,0.0,0.0,0.0,0.0,0.0,0.0,3.035890657368964,0.0,0.0,1.5749999999999998e-09
2022.0,0.780652833996636,0.0,0.524018421,0.0,0.780652833996636,0.0,0.0,0.0,0.0,0.0,0.0,0.0,0.0,0.0,2.985309970176539,0.0,0.0,1.5749999999999998e-09
2023.0,0.7585378528537206,0.0,0.517726118,0.0,0.7585378528537206,0.0,0.0,0.0,0.0,0.0,0.0,0.0,0.0,0.0,2.9622040619366605,0.0,0.0,1.5749999999999998e-09
2024.0,0.7432716401227275,0.0,0.502710384,0.0,0.7432716401227275,0.0,0.0,0.0,0.0,0.0,0.0,0.0,0.0,0.0,2.8695567100768424,0.0,0.0,1.5749999999999998e-09
2025.0,0.7381183750701453,0.0,0.46618067,0.0,0.7381183750701454,0.0,0.0,0.0,0.0,0.0,0.0,0.0,0.0,0.0,2.6121819061570473,0.0,0.0,1.5749999999999998e-09
2026.0,0.7439858873528621,7.16e-05,0.43087165,1.556898731128357e-05,0.7439703183655508,0.0,0.0,0.0,0.0,0.0,0.0,0.0,0.0,0.0,2.352574654569137,0.0,0.0,1.5749999999999998e-09
2027.0,0.762222570461297,0.003281681,0.409114311,0.0007135817017972117,0.7615089887594998,0.0,0.0,0.0,0.0,0.0,0.0,0.0,0.0,0.0,2.1786725318457396,0.0,0.0,1.5749999999999998e-09
2028.0,0.7894730159968616,0.030621842,0.384537203,0.0066585344908677395,0.7828144815059938,0.0,0.0,0.0,0.0,0.0,0.0,0.0,0.0,0.0,1.980738754953206,0.0,0.0,1.5749999999999998e-09
2029.0,0.8223751410634355,0.119026059,0.382145257,0.02588149723859063,0.7964936438248449,0.0,0.0,0.0,0.0,0.0,0.0,0.0,0.0,0.0,1.9498693960599662,0.0,0.0,1.5749999999999998e-09
2030.0,0.8509561794294866,0.265854758,0.409607873,0.05780851052997714,0.7931476688995095,0.0,0.0,0.0,0.0,0.0,0.0,0.0,0.0,0.0,2.1505809333713057,0.0,0.0,1.5749999999999998e-09
2031.0,0.8675262840010667,0.420109693,0.449029414,0.09135031396179098,0.7761759700392756,0.0,0.0,0.0,0.0,0.0,0.0,0.0,0.0,0.0,2.4508633921965752,0.0,0.0,1.5749999999999998e-09
2032.0,0.8712911035784173,0.548867214,0.463265793,0.11934785880370898,0.7519432447747084,0.0,0.0,0.0,0.0,0.0,0.0,0.0,0.0,0.0,2.5774086920416304,0.0,0.0,1.5749999999999998e-09
2033.0,0.867768816742749,0.634151943,0.455981773,0.13789250773732986,0.7298763090054192,0.0,0.0,0.0,0.0,0.0,0.0,0.0,0.0,0.0,2.5471275665872217,0.0,0.0,1.5749999999999998e-09
2034.0,0.8586104242036443,0.667295906,0.450164042,0.1450994621981211,0.7135109620055232,0.0,0.0,0.0,0.0,0.0,0.0,0.0,0.0,0.0,2.5216826304507443,0.0,0.0,1.5749999999999998e-09
2035.0,0.8482816437735261,0.64819673,0.452627836,0.14094646179588688,0.7073351819776392,0.0,0.0,0.0,0.0,0.0,0.0,0.0,0.0,0.0,2.5455649570222376,0.0,0.0,1.5749999999999998e-09
2036.0,0.8430549522486259,0.581358728,0.456283117,0.12641294217228985,0.7166420100763362,0.0,0.0,0.0,0.0,0.0,0.0,0.0,0.0,0.0,2.562527534221415,0.0,0.0,1.5749999999999998e-09
2037.0,0.8428858469791864,0.47444382,0.456023643,0.10316494152928637,0.7397209054499,0.0,0.0,0.0,0.0,0.0,0.0,0.0,0.0,0.0,2.5375838772412163,0.0,0.0,1.5749999999999998e-09
2038.0,0.8460387726210554,0.342087581,0.441844943,0.07438487720581967,0.7716538954152358,0.0,0.0,0.0,0.0,0.0,0.0,0.0,0.0,0.0,2.403752834322642,0.0,0.0,1.5749999999999998e-09
2039.0,0.8508382503074113,0.195954073,0.39028194,0.04260902899624768,0.8082292213111637,0.0,0.0,0.0,0.0,0.0,0.0,0.0,0.0,0.0,1.9966097123578241,0.0,0.0,1.5749999999999998e-09
2040.0,0.8625087487304931,0.07546078,0.334881659,0.01640849059105532,0.8461002581394378,0.0,0.0,0.0,0.0,0.0,0.0,0.0,0.0,0.0,1.5605935164555682,0.0,0.0,1.5749999999999998e-09
2041.0,0.884625954705919,0.013879569,0.319281733,0.003018028402892245,0.8816079263030268,0.0,0.0,0.0,0.0,0.0,0.0,0.0,0.0,0.0,1.4129738714806641,0.0,0.0,1.5749999999999998e-09
2042.0,0.8855070833729074,0.000173217,0.307496157,3.7664989875678845e-05,0.8854694183830316,0.0,0.0,0.0,0.0,0.0,0.0,0.0,0.0,0.0,1.3244129889535508,0.0,0.0,1.5749999999999998e-09
2043.0,0.8664604742372163,0.0,0.29442839,0.0,0.8664604742372163,0.0,0.0,0.0,0.0,0.0,0.0,0.0,0.0,0.0,1.2495078215273199,0.0,0.0,1.5749999999999998e-09
2044.0,0.8363374629537663,0.0,0.285531048,0.0,0.8363374629537663,0.0,0.0,0.0,0.0,0.0,0.0,0.0,0.0,0.0,1.2156883115458395,0.0,0.0,1.5749999999999998e-09
2045.0,0.7995970888377495,0.0,0.279649874,0.0,0.7995970888377495,0.0,0.0,0.0,0.0,0.0,0.0,0.0,0.0,0.0,1.2101624567636353,0.0,0.0,1.5749999999999998e-09
2046.0,0.7639269751505288,0.0,0.276475416,0.0,0.7639269751505288,0.0,0.0,0.0,0.0,0.0,0.0,0.0,0.0,0.0,1.2230186954565452,0.0,0.0,1.5749999999999998e-09
2047.0,0.7373529506927221,0.0,0.278783219,0.0,0.7373529506927222,0.0,0.0,0.0,0.0,0.0,0.0,0.0,0.0,0.0,1.2661782060519842,0.0,0.0,1.5749999999999998e-09
2048.0,0.7206871683239454,0.0,0.28345354,0.0,0.7206871683239454,0.0,0.0,0.0,0.0,0.0,0.0,0.0,0.0,0.0,1.3164081809466353,0.0,0.0,1.5749999999999998e-09
2049.0,0.7126835878484319,0.0,0.283377524,0.0,0.7126835878484319,0.0,0.0,0.0,0.0,0.0,0.0,0.0,0.0,0.0,1.3238654572903672,0.0,0.0,1.5749999999999998e-09
2050.0,0.7151111400977646,7.58e-05,0.283035638,1.6482251930101874e-05,0.7150946578458345,0.0,0.0,0.0,0.0,0.0,0.0,0.0,0.0,0.0,1.3189973554260113,0.0,0.0,1.5749999999999998e-09
2051.0,0.7277628946500523,0.004004226,0.281975619,0.000870694745607706,0.7268921999044445,0.0,0.0,0.0,0.0,0.0,0.0,0.0,0.0,0.0,1.2995817755928918,0.0,0.0,1.5749999999999998e-09
2052.0,0.7474258473862458,0.040989881,0.27959199,0.008913001915922113,0.7385128454703237,0.0,0.0,0.0,0.0,0.0,0.0,0.0,0.0,0.0,1.2708307052304604,0.0,0.0,1.5749999999999998e-09
2053.0,0.7794268192933128,0.144084477,0.274028826,0.03133029880120012,0.7480965204921128,0.0,0.0,0.0,0.0,0.0,0.0,0.0,0.0,0.0,1.2212662435456099,0.0,0.0,1.5749999999999998e-09
2054.0,0.8127517095333348,0.301308973,0.236450408,0.06551781532699556,0.7472338942063391,0.0,0.0,0.0,0.0,0.0,0.0,0.0,0.0,0.0,0.9520640805867481,0.0,0.0,1.5749999999999998e-09
2055.0,0.8322945083149424,0.466265151,0.243627057,0.10138653938006585,0.7309079689348768,0.0,0.0,0.0,0.0,0.0,0.0,0.0,0.0,0.0,1.0199664239944857,0.0,0.0,1.5749999999999998e-09
2056.0,0.8379105875260103,0.600991977,0.258194164,0.13068207352089697,0.7072285140051134,0.0,0.0,0.0,0.0,0.0,0.0,0.0,0.0,0.0,1.1483352961812245,0.0,0.0,1.5749999999999998e-09
2057.0,0.8387627903705887,0.690929024,0.271034867,0.1502383408890159,0.6885244494815728,0.0,0.0,0.0,0.0,0.0,0.0,0.0,0.0,0.0,1.2593216315935496,0.0,0.0,1.5749999999999998e-09
2058.0,0.8330020810475456,0.727134267,0.287632005,0.15811095218606808,0.6748911288614774,0.0,0.0,0.0,0.0,0.0,0.0,0.0,0.0,0.0,1.3922335917783584,0.0,0.0,1.5749999999999998e-09
2059.0,0.8225086460129336,0.706377714,0.309238696,0.15359756517094264,0.6689110808419909,0.0,0.0,0.0,0.0,0.0,0.0,0.0,0.0,0.0,1.5534944302555203,0.0,0.0,1.5749999999999998e-09
2060.0,0.8162005688967604,0.633284945,0.328786595,0.13770398426161887,0.6784965846351415,0.0,0.0,0.0,0.0,0.0,0.0,0.0,0.0,0.0,1.6843937979545767,0.0,0.0,1.5749999999999998e-09
2061.0,0.8148388254113533,0.511462866,0.330868473,0.11121450937076434,0.7036243160405888,0.0,0.0,0.0,0.0,0.0,0.0,0.0,0.0,0.0,1.6742278976539682,0.0,0.0,1.5749999999999998e-09
2062.0,0.8156265011136554,0.362591088,0.309448536,0.07884324089743719,0.7367832602162183,0.0,0.0,0.0,0.0,0.0,0.0,0.0,0.0,0.0,1.4871303078563125,0.0,0.0,1.5749999999999998e-09
2063.0,0.8235344037919722,0.204406631,0.26734849,0.044446986653369026,0.7790874171386032,0.0,0.0,0.0,0.0,0.0,0.0,0.0,0.0,0.0,1.1422657810381152,0.0,0.0,1.5749999999999998e-09
2064.0,0.8430972280660235,0.078534494,0.24083649,0.01707685112547591,0.8260203769405475,0.0,0.0,0.0,0.0,0.0,0.0,0.0,0.0,0.0,0.9047990501643344,0.0,0.0,1.5749999999999998e-09
2065.0,0.8680291501443641,0.013265305,0.24612995,0.0028844604081746713,0.8651446897361894,0.0,0.0,0.0,0.0,0.0,0.0,0.0,0.0,0.0,0.9037172424915771,0.0,0.0,1.5749999999999998e-09
2066.0,0.872479292129364,0.000121315,0.250223407,2.6379213626653154e-05,0.8724529129157373,0.0,0.0,0.0,0.0,0.0,0.0,0.0,0.0,0.0,0.925827463749658,0.0,0.0,1.5749999999999998e-09
2067.0,0.8531500992671037,0.0,0.251078991,0.0,0.8531500992671037,0.0,0.0,0.0,0.0,0.0,0.0,0.0,0.0,0.0,0.951279102307341,0.0,0.0,1.5749999999999998e-09
2068.0,0.8199765146365129,0.0,0.259701212,0.0,0.8199765146365129,0.0,0.0,0.0,0.0,0.0,0.0,0.0,0.0,0.0,1.0464179963127354,0.0,0.0,1.5749999999999998e-09
2069.0,0.7805193300470628,0.0,0.274765584,0.0,0.7805193300470628,0.0,0.0,0.0,0.0,0.0,0.0,0.0,0.0,0.0,1.194138292172138,0.0,0.0,1.5749999999999998e-09
2070.0,0.7506677763277803,0.0,0.293248826,0.0,0.7506677763277803,0.0,0.0,0.0,0.0,0.0,0.0,0.0,0.0,0.0,1.356823347697899,0.0,0.0,1.5749999999999998e-09
2071.0,0.7302104723918286,0.0,0.308676839,0.0,0.7302104723918286,0.0,0.0,0.0,0.0,0.0,0.0,0.0,0.0,0.0,1.488157141413396,0.0,0.0,1.5749999999999998e-09
2072.0,0.7196391602199528,0.0,0.322461797,0.0,0.7196391602199528,0.0,0.0,0.0,0.0,0.0,0.0,0.0,0.0,0.0,1.5977968011941617,0.0,0.0,1.5749999999999998e-09
2073.0,0.7223003448810013,0.0,0.329812275,0.0,0.7223003448810013,0.0,0.0,0.0,0.0,0.0,0.0,0.0,0.0,0.0,1.6479612914169608,0.0,0.0,1.5749999999999998e-09
2074.0,0.750240562489236,0.000187772,0.337114707,4.082988666779801e-05,0.7501997326025681,0.0,0.0,0.0,0.0,0.0,0.0,0.0,0.0,0.0,1.672542286426069,0.0,0.0,1.5749999999999998e-09
2075.0,0.8088422588440843,0.006987188,0.346828813,0.0015193218060552069,0.8073229370380292,0.0,0.0,0.0,0.0,0.0,0.0,0.0,0.0,0.0,1.685231440498889,0.0,0.0,1.5749999999999998e-09
2076.0,0.8743861775754662,0.054193088,0.355269666,0.0117839594892636,0.8626022180862026,0.0,0.0,0.0,0.0,0.0,0.0,0.0,0.0,0.0,1.690614031552142,0.0,0.0,1.5749999999999998e-09
2077.0,0.9146733146845406,0.172035699,0.333947084,0.037408123111994394,0.8772651915725462,0.0,0.0,0.0,0.0,0.0,0.0,0.0,0.0,0.0,1.5227120735512973,0.0,0.0,1.5749999999999998e-09
2078.0,0.938401472384512,0.345023165,0.299655044,0.075023202206479,0.8633782701780329,0.0,0.0,0.0,0.0,0.0,0.0,0.0,0.0,0.0,1.2901524160778919,0.0,0.0,1.5749999999999998e-09
2079.0,0.9564334479037166,0.518804782,0.345401565,0.11281096463674911,0.8436224832669675,0.0,0.0,0.0,0.0,0.0,0.0,0.0,0.0,0.0,1.638674692108864,0.0,0.0,1.5749999999999998e-09
2080.0,0.9633311686304176,0.662297134,0.437639242,0.1440125094349926,0.819318659195425,0.0,0.0,0.0,0.0,0.0,0.0,0.0,0.0,0.0,2.3258629622318545,0.0,0.0,1.5749999999999998e-09
2081.0,0.9630975362187018,0.756491368,0.50119023,0.16449447638949088,0.798603059829211,0.0,0.0,0.0,0.0,0.0,0.0,0.0,0.0,0.0,2.8033004007268034,0.0,0.0,1.5749999999999998e-09
2082.0,0.9622230830491697,0.79134482,0.54983849,0.17207314890265332,0.7901499341465164,0.0,0.0,0.0,0.0,0.0,0.0,0.0,0.0,0.0,3.161373941085236,0.0,0.0,1.5749999999999998e-09
2083.0,0.9603161976030675,0.767307234,0.597947323,0.16684632108941466,0.7934698765136529,0.0,0.0,0.0,0.0,0.0,0.0,0.0,0.0,0.0,3.5037977137661995,0.0,0.0,1.5749999999999998e-09
2084.0,0.9568962630621272,0.687816243,0.641671683,0.14956148547153258,0.8073347775905946,0.0,0.0,0.0,0.0,0.0,0.0,0.0,0.0,0.0,3.8041666388246895,0.0,0.0,1.5749999999999998e-09
2085.0,0.9539747449994634,0.558667816,0.673544534,0.12147894048221373,0.8324958045172498,0.0,0.0,0.0,0.0,0.0,0.0,0.0,0.0,0.0,4.008066206943325,0.0,0.0,1.5749999999999998e-09
2086.0,0.9556079470489628,0.393193322,0.685262005,0.08549751174719879,0.8701104353017639,0.0,0.0,0.0,0.0,0.0,0.0,0.0,0.0,0.0,4.054661516452071,0.0,0.0,1.5749999999999998e-09
2087.0,0.9543263055333298,0.216621483,0.702961898,0.047103032404726665,0.9072232731286031,0.0,0.0,0.0,0.0,0.0,0.0,0.0,0.0,0.0,4.144752486744498,0.0,0.0,1.5749999999999998e-09
2088.0,0.9593772172912591,0.081792184,0.775034941,0.017785216129304064,0.9415920011619551,0.0,0.0,0.0,0.0,0.0,0.0,0.0,0.0,0.0,4.628351044295509,0.0,0.0,1.5749999999999998e-09
2089.0,0.9734930686236067,0.014479522,0.841955034,0.0031484845571431736,0.9703445840664635,0.0,0.0,0.0,0.0,0.0,0.0,0.0,0.0,0.0,5.080533044967041,0.0,0.0,1.5749999999999998e-09
2090.0,0.9658276986869722,0.000200389,0.85866139,4.357337707151959e-05,0.9657841253099007,0.0,0.0,0.0,0.0,0.0,0.0,0.0,0.0,0.0,5.205157060209294,0.0,0.0,1.5749999999999998e-09
2091.0,0.9299395274155337,0.0,0.85715197,0.0,0.9299395274155337,0.0,0.0,0.0,0.0,0.0,0.0,0.0,0.0,0.0,5.23015391049008,0.0,0.0,1.5749999999999998e-09
2092.0,0.8833465390227212,0.0,0.842145925,0.0,0.8833465390227212,0.0,0.0,0.0,0.0,0.0,0.0,0.0,0.0,0.0,5.168902966221316,0.0,0.0,1.5749999999999998e-09
2093.0,0.8346753340819321,0.0,0.816356031,0.0,0.834675334081932,0.0,0.0,0.0,0.0,0.0,0.0,0.0,0.0,0.0,5.03222995875403,0.0,0.0,1.5749999999999998e-09
2094.0,0.7986581085259411,0.0,0.804130079,0.0,0.7986581085259412,0.0,0.0,0.0,0.0,0.0,0.0,0.0,0.0,0.0,4.980382943984762,0.0,0.0,1.5749999999999998e-09
2095.0,0.7745027379873501,0.0,0.785083901,0.0,0.7745027379873501,0.0,0.0,0.0,0.0,0.0,0.0,0.0,0.0,0.0,4.867659160976074,0.0,0.0,1.5749999999999998e-09
2096.0,0.7623760999033139,0.0,0.774126898,0.0,0.7623760999033139,0.0,0.0,0.0,0.0,0.0,0.0,0.0,0.0,0.0,4.801041113588045,0.0,0.0,1.5749999999999998e-09
2097.0,0.7623738750708036,0.0,0.760291666,0.0,0.7623738750708036,0.0,0.0,0.0,0.0,0.0,0.0,0.0,0.0,0.0,4.701613686692516,0.0,0.0,1.5749999999999998e-09
2098.0,0.7871099898898803,0.000311522,0.747526476,6.773857632940893e-05,0.7870422513135509,0.0,0.0,0.0,0.0,0.0,0.0,0.0,0.0,0.0,4.585205728783034,0.0,0.0,1.5749999999999998e-09
2099.0,0.8482504931186056,0.010778014,0.747710622,0.0023436140112686682,0.8459068791073369,0.0,0.0,0.0,0.0,0.0,0.0,0.0,0.0,0.0,4.5276645029132,0.0,0.0,1.5749999999999998e-09
2100.0,0.910499080928654,0.063062463,0.730612611,0.013712551484152086,0.8967865294445019,0.0,0.0,0.0,0.0,0.0,0.0,0.0,0.0,0.0,4.353906589387374,0.0,0.0,1.5749999999999998e-09
2101.0,0.9377651022916411,0.179436985,0.708824442,0.03901748802569804,0.8987476142659431,0.0,0.0,0.0,0.0,0.0,0.0,0.0,0.0,0.0,4.195360486297961,0.0,0.0,1.5749999999999998e-09
2102.0,0.9485722727076678,0.348493234,0.816286037,0.07577774774042144,0.8727945249672463,0.0,0.0,0.0,0.0,0.0,0.0,0.0,0.0,0.0,4.993607742039944,0.0,0.0,1.5749999999999998e-09
2103.0,0.9575615589774081,0.516778158,0.915157024,0.11237028749511864,0.8451912714822895,0.0,0.0,0.0,0.0,0.0,0.0,0.0,0.0,0.0,5.7317670457174374,0.0,0.0,1.5749999999999998e-09
2104.0,0.9570675931640771,0.653947336,0.950782414,0.14219689631887836,0.8148706968451987,0.0,0.0,0.0,0.0,0.0,0.0,0.0,0.0,0.0,6.018116584695386,0.0,0.0,1.5749999999999998e-09
2105.0,0.9494623007046978,0.741797266,0.93538516,0.16129933270808436,0.7881629679966136,0.0,0.0,0.0,0.0,0.0,0.0,0.0,0.0,0.0,5.934168879447304,0.0,0.0,1.5749999999999998e-09
2106.0,0.942938391836742,0.773066286,0.907754325,0.16809859214406583,0.7748397996926761,0.0,0.0,0.0,0.0,0.0,0.0,0.0,0.0,0.0,5.748917546000573,0.0,0.0,1.5749999999999998e-09
2107.0,0.9343117922632698,0.745756638,0.880675567,0.16216027422245102,0.7721515180408187,0.0,0.0,0.0,0.0,0.0,0.0,0.0,0.0,0.0,5.55699893727518,0.0,0.0,1.5749999999999998e-09
2108.0,0.9230662828462219,0.662618393,0.848911415,0.14408236526313,0.7789839175830919,0.0,0.0,0.0,0.0,0.0,0.0,0.0,0.0,0.0,5.321887129711671,0.0,0.0,1.5749999999999998e-09
2109.0,0.91613518663209,0.530804811,0.80823697,0.11542029842496189,0.8007148882071282,0.0,0.0,0.0,0.0,0.0,0.0,0.0,0.0,0.0,5.00784115485921,0.0,0.0,1.5749999999999998e-09
2110.0,0.9147000156744401,0.369912074,0.754094157,0.08043514506140485,0.8342648706130354,0.0,0.0,0.0,0.0,0.0,0.0,0.0,0.0,0.0,4.585183057738184,0.0,0.0,1.5749999999999998e-09
2111.0,0.9162419895917637,0.205018085,0.679010659,0.04457994363056781,0.8716620459611958,0.0,0.0,0.0,0.0,0.0,0.0,0.0,0.0,0.0,4.008183362051885,0.0,0.0,1.5749999999999998e-09
2112.0,0.9275787271409875,0.07705933,0.613790567,0.01675608562829627,0.9108226415126913,0.0,0.0,0.0,0.0,0.0,0.0,0.0,0.0,0.0,3.5003055788716892,0.0,0.0,1.5749999999999998e-09
2113.0,0.9546177905897903,0.014105943,0.584689408,0.0030672520611828105,0.9515505385286075,0.0,0.0,0.0,0.0,0.0,0.0,0.0,0.0,0.0,3.250436403686223,0.0,0.0,1.5749999999999998e-09
2114.0,0.9500786453051252,0.000224826,0.548679444,4.8887055045344125e-05,0.95002975825008,0.0,0.0,0.0,0.0,0.0,0.0,0.0,0.0,0.0,2.9931644019384573,0.0,0.0,1.5749999999999998e-09
2115.0,0.9152451576351351,0.0,0.51280108,0.0,0.9152451576351351,0.0,0.0,0.0,0.0,0.0,0.0,0.0,0.0,0.0,2.770101990151169,0.0,0.0,1.5749999999999998e-09
2116.0,0.8722300838902257,0.0,0.478390324,0.0,0.8722300838902257,0.0,0.0,0.0,0.0,0.0,0.0,0.0,0.0,0.0,2.565817308837508,0.0,0.0,1.5749999999999998e-09
2117.0,0.8307792353875185,0.0,0.449786568,0.0,0.8307792353875185,0.0,0.0,0.0,0.0,0.0,0.0,0.0,0.0,0.0,2.401701564948141,0.0,0.0,1.5749999999999998e-09
2118.0,0.798733761830619,0.0,0.431331284,0.0,0.798733761830619,0.0,0.0,0.0,0.0,0.0,0.0,0.0,0.0,0.0,2.301114462436779,0.0,0.0,1.5749999999999998e-09
2119.0,0.775989085092364,0.0,0.422240973,0.0,0.775989085092364,0.0,0.0,0.0,0.0,0.0,0.0,0.0,0.0,0.0,2.258529807738485,0.0,0.0,1.5749999999999998e-09
2120.0,0.7658961629063966,0.0,0.414735742,0.0,0.7658961629063966,0.0,0.0,0.0,0.0,0.0,0.0,0.0,0.0,0.0,2.2146848917683255,0.0,0.0,1.5749999999999998e-09
2121.0,0.7687175525069181,0.0,0.400234607,0.0,0.7687175525069181,0.0,0.0,0.0,0.0,0.0,0.0,0.0,0.0,0.0,2.1076482058351322,0.0,0.0,1.5749999999999998e-09
2122.0,0.7901894880595066,0.000127454,0.381821668,2.7714102077825914e-05,0.7901617739574287,0.0,0.0,0.0,0.0,0.0,0.0,0.0,0.0,0.0,1.9538757290969897,0.0,0.0,1.5749999999999998e-09
2123.0,0.8517594299592867,0.005864301,0.366601926,0.001275156813666865,0.8504842731456197,0.0,0.0,0.0,0.0,0.0,0.0,0.0,0.0,0.0,1.7841735211731167,0.0,0.0,1.5749999999999998e-09
2124.0,0.911035323559307,0.04722155,0.335528489,0.010268040681133276,0.9007672828781738,0.0,0.0,0.0,0.0,0.0,0.0,0.0,0.0,0.0,1.5105750644062705,0.0,0.0,1.5749999999999998e-09
2125.0,0.9344764468677637,0.150848105,0.278963983,0.032801008836259374,0.9016754380315043,0.0,0.0,0.0,0.0,0.0,0.0,0.0,0.0,0.0,1.1031548152202189,0.0,0.0,1.5749999999999998e-09
2126.0,0.9423198224038043,0.306773343,0.251220421,0.06670600956155084,0.8756138128422534,0.0,0.0,0.0,0.0,0.0,0.0,0.0,0.0,0.0,0.9298318036100844,0.0,0.0,1.5749999999999998e-09
2127.0,0.94804048074196,0.472442744,0.323868037,0.10272981964586578,0.8453106610960942,0.0,0.0,0.0,0.0,0.0,0.0,0.0,0.0,0.0,1.4822315243008228,0.0,0.0,1.5749999999999998e-09
2128.0,0.9480071042546043,0.612189936,0.381388933,0.1331170020346299,0.8148901022199745,0.0,0.0,0.0,0.0,0.0,0.0,0.0,0.0,0.0,1.9260374645254223,0.0,0.0,1.5749999999999998e-09
2129.0,0.943025170303897,0.707433246,0.412423214,0.15382708422561656,0.7891980860782803,0.0,0.0,0.0,0.0,0.0,0.0,0.0,0.0,0.0,2.1747635253047544,0.0,0.0,1.5749999999999998e-09
2130.0,0.9393716033512409,0.748656954,0.435807411,0.1627909304096397,0.7765806729416013,0.0,0.0,0.0,0.0,0.0,0.0,0.0,0.0,0.0,2.3554361299734463,0.0,0.0,1.5749999999999998e-09
2131.0,0.9340002817143657,0.727169912,0.45030791,0.15811870297591044,0.7758815787384553,0.0,0.0,0.0,0.0,0.0,0.0,0.0,0.0,0.0,2.460345949768527,0.0,0.0,1.5749999999999998e-09
2132.0,0.9346655776296466,0.646562985,0.450627525,0.14059121381858417,0.7940743638110624,0.0,0.0,0.0,0.0,0.0,0.0,0.0,0.0,0.0,2.44445014158341,0.0,0.0,1.5749999999999998e-09
2133.0,0.9332237321744654,0.517911489,0.43416393,0.11261672347219243,0.8206070087022731,0.0,0.0,0.0,0.0,0.0,0.0,0.0,0.0,0.0,2.299598590508229,0.0,0.0,1.5749999999999998e-09
2134.0,0.9350171391634378,0.359346572,0.393303375,0.07813774050029673,0.856879398663141,0.0,0.0,0.0,0.0,0.0,0.0,0.0,0.0,0.0,1.9696736797176166,0.0,0.0,1.5749999999999998e-09
2135.0,0.9368350223097992,0.196735823,0.352926524,0.04277901580952415,0.8940560065002751,0.0,0.0,0.0,0.0,0.0,0.0,0.0,0.0,0.0,1.6423207862349014,0.0,0.0,1.5749999999999998e-09
2136.0,0.9468656431859256,0.075363238,0.346366504,0.01638728067261513,0.9304783625133104,0.0,0.0,0.0,0.0,0.0,0.0,0.0,0.0,0.0,1.558753539270347,0.0,0.0,1.5749999999999998e-09
2137.0,0.967440875244028,0.013858256,0.37259146,0.0030133940198396555,0.9644274812241883,0.0,0.0,0.0,0.0,0.0,0.0,0.0,0.0,0.0,1.7132752927257706,0.0,0.0,1.5749999999999998e-09
2138.0,0.9553987897947116,0.00027085,0.381877765,5.8894695715937905e-05,0.9553398950989956,0.0,0.0,0.0,0.0,0.0,0.0,0.0,0.0,0.0,1.7891007602244262,0.0,0.0,1.5749999999999998e-09
2139.0,0.9179664197734391,0.0,0.384557203,0.0,0.9179664197734391,0.0,0.0,0.0,0.0,0.0,0.0,0.0,0.0,0.0,1.84573055067118,0.0,0.0,1.5749999999999998e-09
2140.0,0.8733181439790301,0.0,0.379063113,0.0,0.8733181439790301,0.0,0.0,0.0,0.0,0.0,0.0,0.0,0.0,0.0,1.8508944538679704,0.0,0.0,1.5749999999999998e-09
2141.0,0.8254724408929196,0.0,0.364455147,0.0,0.8254724408929196,0.0,0.0,0.0,0.0,0.0,0.0,0.0,0.0,0.0,1.7937570983515922,0.0,0.0,1.5749999999999998e-09
2142.0,0.7886319383147604,0.0,0.342641398,0.0,0.7886319383147604,0.0,0.0,0.0,0.0,0.0,0.0,0.0,0.0,0.0,1.6738287468944282,0.0,0.0,1.5749999999999998e-09
2143.0,0.7682547383484323,0.0,0.329320613,0.0,0.7682547383484323,0.0,0.0,0.0,0.0,0.0,0.0,0.0,0.0,0.0,1.5984734710125683,0.0,0.0,1.5749999999999998e-09
2144.0,0.7461375313730816,0.0,0.32072616,0.0,0.7461375313730816,0.0,0.0,0.0,0.0,0.0,0.0,0.0,0.0,0.0,1.5588249288784721,0.0,0.0,1.5749999999999998e-09
2145.0,0.7452630782035493,0.0,0.304112609,0.0,0.7452630782035493,0.0,0.0,0.0,0.0,0.0,0.0,0.0,0.0,0.0,1.4403027871881564,0.0,0.0,1.5749999999999998e-09
2146.0,0.764369763816571,0.000252618,0.289712595,5.4930257494439e-05,0.7643148335590766,0.0,0.0,0.0,0.0,0.0,0.0,0.0,0.0,0.0,1.317762461716937,0.0,0.0,1.5749999999999998e-09
2147.0,0.8156198256161993,0.009573082,0.27944165,0.002081608829439624,0.8135382167867596,0.0,0.0,0.0,0.0,0.0,0.0,0.0,0.0,0.0,1.1947248855456274,0.0,0.0,1.5749999999999998e-09
2148.0,0.8734916989134904,0.057982366,0.257611796,0.012607915091231839,0.8608837838222587,0.0,0.0,0.0,0.0,0.0,0.0,0.0,0.0,0.0,0.9904947226830461,0.0,0.0,1.5749999999999998e-09
2149.0,0.9037793668012838,0.168239961,0.220960454,0.03658276282206484,0.867196603979219,0.0,0.0,0.0,0.0,0.0,0.0,0.0,0.0,0.0,0.7207797296947795,0.0,0.0,1.5749999999999998e-09
2150.0,0.9245036786363822,0.327051417,0.217392464,0.0711153542096412,0.853388324426741,0.0,0.0,0.0,0.0,0.0,0.0,0.0,0.0,0.0,0.7089459381154456,0.0,0.0,1.5749999999999998e-09
2151.0,0.9448831044351456,0.48886214,0.239139637,0.10630011808138172,0.8385829863537638,0.0,0.0,0.0,0.0,0.0,0.0,0.0,0.0,0.0,0.8800416685330824,0.0,0.0,1.5749999999999998e-09
2152.0,0.9555990467189963,0.618771378,0.294421428,0.13454809682496435,0.8210509498940319,0.0,0.0,0.0,0.0,0.0,0.0,0.0,0.0,0.0,1.2948673120701797,0.0,0.0,1.5749999999999998e-09
2153.0,0.9588899269753842,0.701270185,0.344947225,0.15248696385539776,0.8064029631199866,0.0,0.0,0.0,0.0,0.0,0.0,0.0,0.0,0.0,1.6726290073090744,0.0,0.0,1.5749999999999998e-09
2154.0,0.9624277896384753,0.730962378,0.391099736,0.15894335178921312,0.8034844378492622,0.0,0.0,0.0,0.0,0.0,0.0,0.0,0.0,0.0,2.0072317497367242,0.0,0.0,1.5749999999999998e-09
2155.0,0.9648953938726198,0.701688157,0.432160222,0.15257784934093505,0.8123175445316847,0.0,0.0,0.0,0.0,0.0,0.0,0.0,0.0,0.0,2.2934880078559896,0.0,0.0,1.5749999999999998e-09
2156.0,0.9640031400431546,0.619238294,0.463322898,0.1346496248875263,0.8293535151556283,0.0,0.0,0.0,0.0,0.0,0.0,0.0,0.0,0.0,2.5004088181225788,0.0,0.0,1.5749999999999998e-09
2157.0,0.9660057042863781,0.492237604,0.483167515,0.10703409232978527,0.8589716119565928,0.0,0.0,0.0,0.0,0.0,0.0,0.0,0.0,0.0,2.6134080158481034,0.0,0.0,1.5749999999999998e-09
2158.0,0.9697260232138208,0.341026263,0.491902434,0.07415410002041134,0.8955719231934094,0.0,0.0,0.0,0.0,0.0,0.0,0.0,0.0,0.0,2.6395829406205293,0.0,0.0,1.5749999999999998e-09
2159.0,0.9669713845881615,0.189410865,0.507545131,0.041186247958159845,0.9257851366300017,0.0,0.0,0.0,0.0,0.0,0.0,0.0,0.0,0.0,2.7217890863097707,0.0,0.0,1.5749999999999998e-09
2160.0,0.9687937183994686,0.073955045,0.539484128,0.016081077614670463,0.9527126407847982,0.0,0.0,0.0,0.0,0.0,0.0,0.0,0.0,0.0,2.924397548610242,0.0,0.0,1.5749999999999998e-09
2161.0,0.9770754329365305,0.01503946,0.577723592,0.0032702396914602895,0.9738051932450702,0.0,0.0,0.0,0.0,0.0,0.0,0.0,0.0,0.0,3.1781205242008803,0.0,0.0,1.5749999999999998e-09
2162.0,0.9667822538262785,0.000323802,0.613006202,7.040878811966817e-05,0.9667118450381588,0.0,0.0,0.0,0.0,0.0,0.0,0.0,0.0,0.0,3.4387793799725515,0.0,0.0,1.5749999999999998e-09
2163.0,0.9281772710814817,0.0,0.644087656,0.0,0.9281772710814817,0.0,0.0,0.0,0.0,0.0,0.0,0.0,0.0,0.0,3.700687016731574,0.0,0.0,1.5749999999999998e-09
2164.0,0.8818423912577743,0.0,0.674586386,0.0,0.8818423912577743,0.0,0.0,0.0,0.0,0.0,0.0,0.0,0.0,0.0,3.966207097211654,0.0,0.0,1.5749999999999998e-09
2165.0,0.831631437232172,0.0,0.696074428,0.0,0.831631437232172,0.0,0.0,0.0,0.0,0.0,0.0,0.0,0.0,0.0,4.1708461470131315,0.0,0.0,1.5749999999999998e-09
2166.0,0.7914199524278508,0.0,0.706455187,0.0,0.7914199524278508,0.0,0.0,0.0,0.0,0.0,0.0,0.0,0.0,0.0,4.285661024954822,0.0,0.0,1.5749999999999998e-09
2167.0,0.7623004475985607,0.0,0.699569042,0.0,0.7623004475985607,0.0,0.0,0.0,0.0,0.0,0.0,0.0,0.0,0.0,4.265291876532849,0.0,0.0,1.5749999999999998e-09
2168.0,0.7437767310985355,0.0,0.678322614,0.0,0.7437767310985355,0.0,0.0,0.0,0.0,0.0,0.0,0.0,0.0,0.0,4.131123904414655,0.0,0.0,1.5749999999999998e-09
2169.0,0.7410087424778886,0.0,0.642858462,0.0,0.7410087424778887,0.0,0.0,0.0,0.0,0.0,0.0,0.0,0.0,0.0,3.879021697711492,0.0,0.0,1.5749999999999998e-09
2170.0,0.7586602316408169,0.000463488,0.599121517,0.000100782664677824,0.758559448976139,0.0,0.0,0.0,0.0,0.0,0.0,0.0,0.0,0.0,3.547146720467486,0.0,0.0,1.5749999999999998e-09
2171.0,0.8081280116139498,0.011179562,0.562063467,0.0024309281972584905,0.8056970834166911,0.0,0.0,0.0,0.0,0.0,0.0,0.0,0.0,0.0,3.233684025108531,0.0,0.0,1.5749999999999998e-09
2172.0,0.8670412185177022,0.06095648,0.538078908,0.013254618207549028,0.8537866003101532,0.0,0.0,0.0,0.0,0.0,0.0,0.0,0.0,0.0,3.0132246955353414,0.0,0.0,1.5749999999999998e-09
2173.0,0.9014430416842022,0.169019711,0.476263316,0.036752314747427586,0.8646907269367745,0.0,0.0,0.0,0.0,0.0,0.0,0.0,0.0,0.0,2.5580704989480214,0.0,0.0,1.5749999999999998e-09
2174.0,0.9268199772610956,0.330640102,0.51577795,0.07189569207597071,0.8549242851851249,0.0,0.0,0.0,0.0,0.0,0.0,0.0,0.0,0.0,2.8518167320599384,0.0,0.0,1.5749999999999998e-09
2175.0,0.9478914009649642,0.49628923,0.667656335,0.10791509391894821,0.8399763070460159,0.0,0.0,0.0,0.0,0.0,0.0,0.0,0.0,0.0,3.95826898895396,0.0,0.0,1.5749999999999998e-09
2176.0,0.9575860351347973,0.628768053,0.732946863,0.13672181339242281,0.8208642217423745,0.0,0.0,0.0,0.0,0.0,0.0,0.0,0.0,0.0,4.446604464236152,0.0,0.0,1.5749999999999998e-09
2177.0,0.9585294651116265,0.711001998,0.753361101,0.15460308778155396,0.8039263773300726,0.0,0.0,0.0,0.0,0.0,0.0,0.0,0.0,0.0,4.610253298000369,0.0,0.0,1.5749999999999998e-09
2178.0,0.9567939097674744,0.73677749,0.781771924,0.16020781275208598,0.7965860970153884,0.0,0.0,0.0,0.0,0.0,0.0,0.0,0.0,0.0,4.821773619256682,0.0,0.0,1.5749999999999998e-09
2179.0,0.9518097509842564,0.70475545,0.816608682,0.15324481366770865,0.7985649373165478,0.0,0.0,0.0,0.0,0.0,0.0,0.0,0.0,0.0,5.070156082276923,0.0,0.0,1.5749999999999998e-09
2180.0,0.9452836172837902,0.620276897,0.85654942,0.1348754628334545,0.8104081544503356,0.0,0.0,0.0,0.0,0.0,0.0,0.0,0.0,0.0,5.3453549378095575,0.0,0.0,1.5749999999999998e-09
2181.0,0.9392670252240776,0.493889705,0.896810815,0.1073933317083601,0.8318736935157174,0.0,0.0,0.0,0.0,0.0,0.0,0.0,0.0,0.0,5.613235936838729,0.0,0.0,1.5749999999999998e-09
2182.0,0.933864552932282,0.343662839,0.923521451,0.07472740753841742,0.8591371453938645,0.0,0.0,0.0,0.0,0.0,0.0,0.0,0.0,0.0,5.777933793228807,0.0,0.0,1.5749999999999998e-09
2183.0,0.9255872880602408,0.193782603,0.933924585,0.04213685596724163,0.8834504320929992,0.0,0.0,0.0,0.0,0.0,0.0,0.0,0.0,0.0,5.828384702063227,0.0,0.0,1.5749999999999998e-09
2184.0,0.9232932397604815,0.077961899,0.905527943,0.016952343802996803,0.9063408959574846,0.0,0.0,0.0,0.0,0.0,0.0,0.0,0.0,0.0,5.601416111839474,0.0,0.0,1.5749999999999998e-09
2185.0,0.9333372106315952,0.014814268,0.870374218,0.0032212730519267344,0.9301159375796685,0.0,0.0,0.0,0.0,0.0,0.0,0.0,0.0,0.0,5.325001820388071,0.0,0.0,1.5749999999999998e-09
2186.0,0.9271492884699327,0.000363394,0.848683981,7.901782925972878e-05,0.9270702706406729,0.0,0.0,0.0,0.0,0.0,0.0,0.0,0.0,0.0,5.172166276892097,0.0,0.0,1.5749999999999998e-09
2187.0,0.901391865536838,0.0,0.841097574,0.0,0.901391865536838,0.0,0.0,0.0,0.0,0.0,0.0,0.0,0.0,0.0,5.143323456339784,0.0,0.0,1.5749999999999998e-09
2188.0,0.8639127680332976,0.0,0.822791974,0.0,0.8639127680332976,0.0,0.0,0.0,0.0,0.0,0.0,0.0,0.0,0.0,5.049245711668739,0.0,0.0,1.5749999999999998e-09
2189.0,0.8197606828847301,0.0,0.805088526,0.0,0.8197606828847301,0.0,0.0,0.0,0.0,0.0,0.0,0.0,0.0,0.0,4.966168439982132,0.0,0.0,1.5749999999999998e-09
2190.0,0.7858016483842725,0.0,0.786186671,0.0,0.7858016483842725,0.0,0.0,0.0,0.0,0.0,0.0,0.0,0.0,0.0,4.864285526934195,0.0,0.0,1.5749999999999998e-09
2191.0,0.7520117191532543,0.0,0.761618136,0.0,0.7520117191532543,0.0,0.0,0.0,0.0,0.0,0.0,0.0,0.0,0.0,4.721508783592023,0.0,0.0,1.5749999999999998e-09
2192.0,0.7407951355586164,0.0,0.741560886,0.0,0.7407951355586164,0.0,0.0,0.0,0.0,0.0,0.0,0.0,0.0,0.0,4.58857994323409,0.0,0.0,1.5749999999999998e-09
2193.0,0.7345693872445773,0.0,0.707164627,0.0,0.7345693872445773,0.0,0.0,0.0,0.0,0.0,0.0,0.0,0.0,0.0,4.34761012206889,0.0,0.0,1.5749999999999998e-09
2194.0,0.7418297936676216,0.00043984,0.654510597,9.564054998596318e-05,0.7417341531176356,0.0,0.0,0.0,0.0,0.0,0.0,0.0,0.0,0.0,3.9620366771814366,0.0,0.0,1.5749999999999998e-09
2195.0,0.7617975814552632,0.008664795,0.612518156,0.001884107310193761,0.7599134741450695,0.0,0.0,0.0,0.0,0.0,0.0,0.0,0.0,0.0,3.642070311033243,0.0,0.0,1.5749999999999998e-09
2196.0,0.7907902578324361,0.045595672,0.561776038,0.00991450333543921,0.7808757544969969,0.0,0.0,0.0,0.0,0.0,0.0,0.0,0.0,0.0,3.256439688243472,0.0,0.0,1.5749999999999998e-09
2197.0,0.8235855799393362,0.140123551,0.508605478,0.030469019378924524,0.7931165605604116,0.0,0.0,0.0,0.0,0.0,0.0,0.0,0.0,0.0,2.862078057391231,0.0,0.0,1.5749999999999998e-09
2198.0,0.8561984467818095,0.285532453,0.596966089,0.062087306392690944,0.7941111403891186,0.0,0.0,0.0,0.0,0.0,0.0,0.0,0.0,0.0,3.4961046162182874,0.0,0.0,1.5749999999999998e-09
2199.0,0.8765066709407652,0.441898192,0.752136424,0.09608809139842388,0.7804185795423413,0.0,0.0,0.0,0.0,0.0,0.0,0.0,0.0,0.0,4.624959710485031,0.0,0.0,1.5749999999999998e-09
2200.0,0.8832797870479345,0.567225157,0.82860799,0.12333968256946687,0.7599401044784676,0.0,0.0,0.0,0.0,0.0,0.0,0.0,0.0,0.0,5.195016333170693,0.0,0.0,1.5749999999999998e-09
2201.0,0.8771541661961131,0.647437677,0.876948561,0.14078141030809926,0.7363727558880138,0.0,0.0,0.0,0.0,0.0,0.0,0.0,0.0,0.0,5.565992828124902,0.0,0.0,1.5749999999999998e-09
2202.0,0.867997998489519,0.676883449,0.922580688,0.1471842154846209,0.720813783004898,0.0,0.0,0.0,0.0,0.0,0.0,0.0,0.0,0.0,5.909496174851522,0.0,0.0,1.5749999999999998e-09
2203.0,0.8582900133247737,0.655493613,0.962870876,0.14253312490816228,0.7157568884166113,0.0,0.0,0.0,0.0,0.0,0.0,0.0,0.0,0.0,6.204106534166469,0.0,0.0,1.5749999999999998e-09
2204.0,0.8498703451731175,0.586730622,0.982402532,0.12758102805949043,0.7222893171136271,0.0,0.0,0.0,0.0,0.0,0.0,0.0,0.0,0.0,6.3379422434054025,0.0,0.0,1.5749999999999998e-09
2205.0,0.8480702626866892,0.476482192,0.980230936,0.10360817320252207,0.7444620894841671,0.0,0.0,0.0,0.0,0.0,0.0,0.0,0.0,0.0,6.30016286364483,0.0,0.0,1.5749999999999998e-09
2206.0,0.8521599428079313,0.341905892,0.950892805,0.07434537003074147,0.7778145727771898,0.0,0.0,0.0,0.0,0.0,0.0,0.0,0.0,0.0,6.055966055682618,0.0,0.0,1.5749999999999998e-09
2207.0,0.8539867262842593,0.200552364,0.898127108,0.04360889958608831,0.810377826698171,0.0,0.0,0.0,0.0,0.0,0.0,0.0,0.0,0.0,5.644191605599752,0.0,0.0,1.5749999999999998e-09
2208.0,0.8638927425408541,0.084134342,0.807985951,0.018294504232418886,0.8455982383084353,0.0,0.0,0.0,0.0,0.0,0.0,0.0,0.0,0.0,4.961153806693605,0.0,0.0,1.5749999999999998e-09
2209.0,0.8963765550987749,0.018580852,0.728469432,0.004040293980737959,0.892336261118037,0.0,0.0,0.0,0.0,0.0,0.0,0.0,0.0,0.0,4.342954474756991,0.0,0.0,1.5749999999999998e-09
2210.0,0.8882950974859977,0.000504039,0.680261967,0.00010960023457251475,0.8881854972514251,0.0,0.0,0.0,0.0,0.0,0.0,0.0,0.0,0.0,4.0006526850530095,0.0,0.0,1.5749999999999998e-09
2211.0,0.8691728360455535,0.0,0.646664424,0.0,0.8691728360455535,0.0,0.0,0.0,0.0,0.0,0.0,0.0,0.0,0.0,3.7782099084745497,0.0,0.0,1.5749999999999998e-09
2212.0,0.8395571405704219,0.0,0.632981732,0.0,0.8395571405704219,0.0,0.0,0.0,0.0,0.0,0.0,0.0,0.0,0.0,3.7094922113284365,0.0,0.0,1.5749999999999998e-09
2213.0,0.8041874102697788,0.0,0.620454415,0.0,0.8041874102697788,0.0,0.0,0.0,0.0,0.0,0.0,0.0,0.0,0.0,3.654831881678026,0.0,0.0,1.5749999999999998e-09
2214.0,0.774306931728011,0.0,0.608478391,0.0,0.774306931728011,0.0,0.0,0.0,0.0,0.0,0.0,0.0,0.0,0.0,3.59864427726993,0.0,0.0,1.5749999999999998e-09
2215.0,0.7524834346416313,0.0,0.602700803,0.0,0.7524834346416313,0.0,0.0,0.0,0.0,0.0,0.0,0.0,0.0,0.0,3.5789459868887694,0.0,0.0,1.5749999999999998e-09
2216.0,0.7408574378683821,0.0,0.591576585,0.0,0.7408574378683821,0.0,0.0,0.0,0.0,0.0,0.0,0.0,0.0,0.0,3.5106255742713586,0.0,0.0,1.5749999999999998e-09
2217.0,0.7375532076170068,0.0,0.562054632,0.0,0.7375532076170068,0.0,0.0,0.0,0.0,0.0,0.0,0.0,0.0,0.0,3.301764406420157,0.0,0.0,1.5749999999999998e-09
2218.0,0.7425573918926682,0.000172483,0.535067849,3.7505386011342507e-05,0.7425198865066569,0.0,0.0,0.0,0.0,0.0,0.0,0.0,0.0,0.0,3.102851833818704,0.0,0.0,1.5749999999999998e-09
2219.0,0.7599974989688348,0.006457602,0.51038788,0.001404166530716751,0.758593332438118,0.0,0.0,0.0,0.0,0.0,0.0,0.0,0.0,0.0,2.9094108726674923,0.0,0.0,1.5749999999999998e-09
2220.0,0.7835031504194921,0.046403198,0.480436535,0.01009009498414775,0.7734130554353444,0.0,0.0,0.0,0.0,0.0,0.0,0.0,0.0,0.0,2.6793398403943303,0.0,0.0,1.5749999999999998e-09
2221.0,0.8116680991095513,0.149812916,0.496630173,0.03257591324399987,0.7790921858655514,0.0,0.0,0.0,0.0,0.0,0.0,0.0,0.0,0.0,2.7900395163730023,0.0,0.0,1.5749999999999998e-09
2222.0,0.8332290379618053,0.313279147,0.542485258,0.06812065732587623,0.7651083806359291,0.0,0.0,0.0,0.0,0.0,0.0,0.0,0.0,0.0,3.1335700275421843,0.0,0.0,1.5749999999999998e-09
2223.0,0.8433419866401408,0.482254099,0.561669307,0.10486323949923866,0.7384787471409022,0.0,0.0,0.0,0.0,0.0,0.0,0.0,0.0,0.0,3.2980696519996764,0.0,0.0,1.5749999999999998e-09
2224.0,0.8418801146925915,0.618458689,0.542803596,0.13448010449153727,0.7074000102010544,0.0,0.0,0.0,0.0,0.0,0.0,0.0,0.0,0.0,3.19356619744958,0.0,0.0,1.5749999999999998e-09
2225.0,0.8398041229771251,0.708054968,0.518340963,0.15396227391736442,0.6858418490597608,0.0,0.0,0.0,0.0,0.0,0.0,0.0,0.0,0.0,3.039318771843877,0.0,0.0,1.5749999999999998e-09
2226.0,0.8361438815269376,0.741609719,0.506462421,0.16125855174630685,0.6748853297806308,0.0,0.0,0.0,0.0,0.0,0.0,0.0,0.0,0.0,2.9649077819914744,0.0,0.0,1.5749999999999998e-09
2227.0,0.8318672944763982,0.717961446,0.505853308,0.15611637769224582,0.6757509167841523,0.0,0.0,0.0,0.0,0.0,0.0,0.0,0.0,0.0,2.959664683034917,0.0,0.0,1.5749999999999998e-09
2228.0,0.8284406854379264,0.638496413,0.508261229,0.13883718648459598,0.6896034989533304,0.0,0.0,0.0,0.0,0.0,0.0,0.0,0.0,0.0,2.963117104960982,0.0,0.0,1.5749999999999998e-09
2229.0,0.8345373804673378,0.516814333,0.502219035,0.1123781535302581,0.7221592269370798,0.0,0.0,0.0,0.0,0.0,0.0,0.0,0.0,0.0,2.8871379457624005,0.0,0.0,1.5749999999999998e-09
2230.0,0.8461678269056079,0.369277701,0.489296325,0.08029720448615875,0.7658706224194493,0.0,0.0,0.0,0.0,0.0,0.0,0.0,0.0,0.0,2.750554919744133,0.0,0.0,1.5749999999999998e-09
2231.0,0.8599387912016957,0.211977282,0.452582038,0.046093178962826505,0.8138456122388691,0.0,0.0,0.0,0.0,0.0,0.0,0.0,0.0,0.0,2.4387253903077966,0.0,0.0,1.5749999999999998e-09
2232.0,0.8769961860891506,0.083696696,0.396999725,0.018199340754474273,0.8587968453346764,0.0,0.0,0.0,0.0,0.0,0.0,0.0,0.0,0.0,1.994320788896315,0.0,0.0,1.5749999999999998e-09
2233.0,0.9030918195611242,0.016143868,0.377090318,0.0035103865369697875,0.8995814330241543,0.0,0.0,0.0,0.0,0.0,0.0,0.0,0.0,0.0,1.8104532804345816,0.0,0.0,1.5749999999999998e-09
2234.0,0.9050053805046824,0.000414371,0.371689948,9.010246984865758e-05,0.9049152780348337,0.0,0.0,0.0,0.0,0.0,0.0,0.0,0.0,0.0,1.7663086002819584,0.0,0.0,1.5749999999999998e-09
2235.0,0.8761973852243716,0.0,0.363850519,0.0,0.8761973852243716,0.0,0.0,0.0,0.0,0.0,0.0,0.0,0.0,0.0,1.738686874413335,0.0,0.0,1.5749999999999998e-09
2236.0,0.8379639895058096,0.0,0.361407204,0.0,0.8379639895058097,0.0,0.0,0.0,0.0,0.0,0.0,0.0,0.0,0.0,1.7593609000026582,0.0,0.0,1.5749999999999998e-09
2237.0,0.7950890952079296,0.0,0.368961663,0.0,0.7950890952079296,0.0,0.0,0.0,0.0,0.0,0.0,0.0,0.0,0.0,1.8565274192883765,0.0,0.0,1.5749999999999998e-09
2238.0,0.7623182482584938,0.0,0.379924133,0.0,0.7623182482584938,0.0,0.0,0.0,0.0,0.0,0.0,0.0,0.0,0.0,1.9680822413947934,0.0,0.0,1.5749999999999998e-09
2239.0,0.7410309938027673,0.0,0.386784036,0.0,0.7410309938027672,0.0,0.0,0.0,0.0,0.0,0.0,0.0,0.0,0.0,2.0386695557395136,0.0,0.0,1.5749999999999998e-09
2240.0,0.7295963536238365,0.0,0.38972531,0.0,0.7295963536238365,0.0,0.0,0.0,0.0,0.0,0.0,0.0,0.0,0.0,2.071242247629954,0.0,0.0,1.5749999999999998e-09
2241.0,0.7321818859801316,0.0,0.382187656,0.0,0.7321818859801316,0.0,0.0,0.0,0.0,0.0,0.0,0.0,0.0,0.0,2.014485862767069,0.0,0.0,1.5749999999999998e-09
2242.0,0.7619978383795478,0.000135983,0.364274704,2.956868158589767e-05,0.7619682696979619,0.0,0.0,0.0,0.0,0.0,0.0,0.0,0.0,0.0,1.8559644799699995,0.0,0.0,1.5749999999999998e-09
2243.0,0.8279978957719595,0.008121454,0.347395997,0.0017659610932286756,0.8262319346787308,0.0,0.0,0.0,0.0,0.0,0.0,0.0,0.0,0.0,1.6703986236974908,0.0,0.0,1.5749999999999998e-09
2244.0,0.8908405778574813,0.058935043,0.331514959,0.012815068947722785,0.8780255089097585,0.0,0.0,0.0,0.0,0.0,0.0,0.0,0.0,0.0,1.5044728052496883,0.0,0.0,1.5749999999999998e-09
2245.0,0.9175703565898151,0.178028275,0.32225063,0.03871117254922768,0.8788591840405874,0.0,0.0,0.0,0.0,0.0,0.0,0.0,0.0,0.0,1.4370591836485747,0.0,0.0,1.5749999999999998e-09
2246.0,0.9294500112672235,0.342496148,0.341726117,0.07447371763094272,0.8549762936362808,0.0,0.0,0.0,0.0,0.0,0.0,0.0,0.0,0.0,1.600906542277479,0.0,0.0,1.5749999999999998e-09
2247.0,0.9404707886025222,0.508393101,0.38797104,0.11054700752252938,0.8299237810799928,0.0,0.0,0.0,0.0,0.0,0.0,0.0,0.0,0.0,1.9583074092437212,0.0,0.0,1.5749999999999998e-09
2248.0,0.9462670982455066,0.647412607,0.409392778,0.14077595898810077,0.8054911392574058,0.0,0.0,0.0,0.0,0.0,0.0,0.0,0.0,0.0,2.1366916399337215,0.0,0.0,1.5749999999999998e-09
2249.0,0.9494801013646308,0.738123837,0.42079834,0.16050056777107455,0.7889795335935561,0.0,0.0,0.0,0.0,0.0,0.0,0.0,0.0,0.0,2.2351715897079223,0.0,0.0,1.5749999999999998e-09
2250.0,0.954528787290125,0.770033939,0.442658981,0.1674392266138087,0.7870895606763163,0.0,0.0,0.0,0.0,0.0,0.0,0.0,0.0,0.0,2.3941674153627,0.0,0.0,1.5749999999999998e-09
2251.0,0.9589010521378611,0.741656751,0.467261791,0.16126877857048597,0.7976322735673751,0.0,0.0,0.0,0.0,0.0,0.0,0.0,0.0,0.0,2.5604376991623434,0.0,0.0,1.5749999999999998e-09
2252.0,0.963478023574903,0.656494681,0.484461661,0.14275080109516972,0.8207272224797333,0.0,0.0,0.0,0.0,0.0,0.0,0.0,0.0,0.0,2.6609530434396858,0.0,0.0,1.5749999999999998e-09
2253.0,0.9727654703985601,0.525691162,0.480021264,0.11430836635240103,0.858457104046159,0.0,0.0,0.0,0.0,0.0,0.0,0.0,0.0,0.0,2.5913113639905627,0.0,0.0,1.5749999999999998e-09
2254.0,0.9832922809206031,0.368931442,0.445878375,0.08022191255909984,0.9030703683615032,0.0,0.0,0.0,0.0,0.0,0.0,0.0,0.0,0.0,2.301323424190264,0.0,0.0,1.5749999999999998e-09
2255.0,0.9888594088168173,0.202709383,0.415044985,0.044077930332473744,0.9447814784843436,0.0,0.0,0.0,0.0,0.0,0.0,0.0,0.0,0.0,2.0380220126330295,0.0,0.0,1.5749999999999998e-09
2256.0,0.9928089104909549,0.078282923,0.426766027,0.017022148531804306,0.9757867619591505,0.0,0.0,0.0,0.0,0.0,0.0,0.0,0.0,0.0,2.091252333154578,0.0,0.0,1.5749999999999998e-09
2257.0,1.0046774390059616,0.01660752,0.464289386,0.0036112048624565374,1.001066234143505,0.0,0.0,0.0,0.0,0.0,0.0,0.0,0.0,0.0,2.3356419577396994,0.0,0.0,1.5749999999999998e-09
2258.0,0.9936744623305958,0.000530815,0.476022788,0.00011542251396143836,0.9935590398166343,0.0,0.0,0.0,0.0,0.0,0.0,0.0,0.0,0.0,2.4274735836659147,0.0,0.0,1.5749999999999998e-09
2259.0,0.9521568618531019,0.0,0.473744152,0.0,0.9521568618531019,0.0,0.0,0.0,0.0,0.0,0.0,0.0,0.0,0.0,2.452499889949451,0.0,0.0,1.5749999999999998e-09
2260.0,0.9001658508335149,0.0,0.458987111,0.0,0.9001658508335149,0.0,0.0,0.0,0.0,0.0,0.0,0.0,0.0,0.0,2.3984364851727307,0.0,0.0,1.5749999999999998e-09
2261.0,0.8505756920732854,0.0,0.43756357,0.0,0.8505756920732854,0.0,0.0,0.0,0.0,0.0,0.0,0.0,0.0,0.0,2.2940620974467616,0.0,0.0,1.5749999999999998e-09
2262.0,0.8109939028643038,0.0,0.415978342,0.0,0.8109939028643038,0.0,0.0,0.0,0.0,0.0,0.0,0.0,0.0,0.0,2.17851734432452,0.0,0.0,1.5749999999999998e-09
2263.0,0.7844443545638864,0.0,0.394325487,0.0,0.7844443545638864,0.0,0.0,0.0,0.0,0.0,0.0,0.0,0.0,0.0,2.049454335382116,0.0,0.0,1.5749999999999998e-09
2264.0,0.7698612394080321,0.0,0.373154558,0.0,0.7698612394080321,0.0,0.0,0.0,0.0,0.0,0.0,0.0,0.0,0.0,1.9118883505280089,0.0,0.0,1.5749999999999998e-09
2265.0,0.7705932872980996,0.0,0.342182803,0.0,0.7705932872980996,0.0,0.0,0.0,0.0,0.0,0.0,0.0,0.0,0.0,1.6885716135589204,0.0,0.0,1.5749999999999998e-09
2266.0,0.7991075736893641,0.000530233,0.315118238,0.00011529596157854494,0.7989922777277857,0.0,0.0,0.0,0.0,0.0,0.0,0.0,0.0,0.0,1.4656677335747368,0.0,0.0,1.5749999999999998e-09
2267.0,0.8635879074894062,0.012423425,0.296866141,0.0027013986897721095,0.860886508799634,0.0,0.0,0.0,0.0,0.0,0.0,0.0,0.0,0.0,1.2726011702993971,0.0,0.0,1.5749999999999998e-09
2268.0,0.9242144194123568,0.065869188,0.264288003,0.014322856873974187,0.9098915625383825,0.0,0.0,0.0,0.0,0.0,0.0,0.0,0.0,0.0,0.9894668359466364,0.0,0.0,1.5749999999999998e-09
2269.0,0.9470347484553651,0.171429448,0.227598149,0.03727629749570316,0.909758450959662,0.0,0.0,0.0,0.0,0.0,0.0,0.0,0.0,0.0,0.7259210005317277,0.0,0.0,1.5749999999999998e-09
2270.0,0.9568562120772401,0.3210116,0.259262867,0.06980203250244184,0.8870541795747984,0.0,0.0,0.0,0.0,0.0,0.0,0.0,0.0,0.0,0.9761900776825185,0.0,0.0,1.5749999999999998e-09
2271.0,0.9660813565911314,0.470251297,0.350764537,0.10225330273893352,0.8638280538521979,0.0,0.0,0.0,0.0,0.0,0.0,0.0,0.0,0.0,1.6570111884862417,0.0,0.0,1.5749999999999998e-09
2272.0,0.967808011605317,0.58694966,0.400780474,0.12762865654891348,0.8401793550564035,0.0,0.0,0.0,0.0,0.0,0.0,0.0,0.0,0.0,2.0401093852565904,0.0,0.0,1.5749999999999998e-09
2273.0,0.965694193737474,0.658150003,0.431307913,0.14311074086072964,0.8225834528767444,0.0,0.0,0.0,0.0,0.0,0.0,0.0,0.0,0.0,2.277096811041992,0.0,0.0,1.5749999999999998e-09
2274.0,0.9656585934175327,0.678877093,0.466713344,0.1476177213245541,0.8180408720929786,0.0,0.0,0.0,0.0,0.0,0.0,0.0,0.0,0.0,2.5360875769816764,0.0,0.0,1.5749999999999998e-09
2275.0,0.9658877751643027,0.648862121,0.504511717,0.14109114704778689,0.8247966281165159,0.0,0.0,0.0,0.0,0.0,0.0,0.0,0.0,0.0,2.80097736064092,0.0,0.0,1.5749999999999998e-09
2276.0,0.9672495186497098,0.570144628,0.534688628,0.12397450389564929,0.8432750147540604,0.0,0.0,0.0,0.0,0.0,0.0,0.0,0.0,0.0,2.9993713582870654,0.0,0.0,1.5749999999999998e-09
2277.0,0.971748612949488,0.453111883,0.542772173,0.09852644074048608,0.873222172209002,0.0,0.0,0.0,0.0,0.0,0.0,0.0,0.0,0.0,3.0275182077904406,0.0,0.0,1.5749999999999998e-09
2278.0,0.979961349679328,0.316910042,0.544312652,0.0689101735016249,0.9110511761777031,0.0,0.0,0.0,0.0,0.0,0.0,0.0,0.0,0.0,3.0007601631279766,0.0,0.0,1.5749999999999998e-09
2279.0,0.9854817510931992,0.179496689,0.548129365,0.03903047029969849,0.9464512807935007,0.0,0.0,0.0,0.0,0.0,0.0,0.0,0.0,0.0,2.9927896270467635,0.0,0.0,1.5749999999999998e-09
2280.0,0.9945021890177849,0.071103722,0.541819538,0.015461074659260252,0.9790411143585247,0.0,0.0,0.0,0.0,0.0,0.0,0.0,0.0,0.0,2.914852964380922,0.0,0.0,1.5749999999999998e-09
2281.0,1.0185707830890705,0.01428217,0.565771871,0.0031055715573686427,1.0154652115317018,0.0,0.0,0.0,0.0,0.0,0.0,0.0,0.0,0.0,3.0505670813167667,0.0,0.0,1.5749999999999998e-09
2282.0,1.0132862389194253,0.000500444,0.569362714,0.00010881852354759766,1.0131774203958777,0.0,0.0,0.0,0.0,0.0,0.0,0.0,0.0,0.0,3.078661181222842,0.0,0.0,1.5749999999999998e-09
2283.0,0.9740760367366784,0.0,0.551118412,0.0,0.9740760367366784,0.0,0.0,0.0,0.0,0.0,0.0,0.0,0.0,0.0,2.986646252999367,0.0,0.0,1.5749999999999998e-09
2284.0,0.923153060313452,0.0,0.522888448,0.0,0.923153060313452,0.0,0.0,0.0,0.0,0.0,0.0,0.0,0.0,0.0,2.834688967724412,0.0,0.0,1.5749999999999998e-09
2285.0,0.8773121463030755,0.0,0.492710992,0.0,0.8773121463030755,0.0,0.0,0.0,0.0,0.0,0.0,0.0,0.0,0.0,2.6636535806999966,0.0,0.0,1.5749999999999998e-09
2286.0,0.8399265017642215,0.0,0.462420932,0.0,0.8399265017642215,0.0,0.0,0.0,0.0,0.0,0.0,0.0,0.0,0.0,2.4833536731193506,0.0,0.0,1.5749999999999998e-09
2287.0,0.813528259073235,0.0,0.431627014,0.0,0.813528259073235,0.0,0.0,0.0,0.0,0.0,0.0,0.0,0.0,0.0,2.2884452877695662,0.0,0.0,1.5749999999999998e-09
2288.0,0.8003892142050725,0.0,0.406884175,0.0,0.8003892142050725,0.0,0.0,0.0,0.0,0.0,0.0,0.0,0.0,0.0,2.123764989634813,0.0,0.0,1.5749999999999998e-09
2289.0,0.800536069149558,0.0,0.378003149,0.0,0.800536069149558,0.0,0.0,0.0,0.0,0.0,0.0,0.0,0.0,0.0,1.9160588861913925,0.0,0.0,1.5749999999999998e-09
2290.0,0.824624688713287,0.000607486,0.356180281,0.0001320941595779666,0.8244925945537089,0.0,0.0,0.0,0.0,0.0,0.0,0.0,0.0,0.0,1.7352679712412662,0.0,0.0,1.5749999999999998e-09
2291.0,0.88724486354957,0.009607152,0.340184753,0.002089017145049896,0.88515584640452,0.0,0.0,0.0,0.0,0.0,0.0,0.0,0.0,0.0,1.5596496699741476,0.0,0.0,1.5749999999999998e-09
2292.0,0.9423798998810595,0.048667475,0.309576786,0.010582448334458242,0.9317974515466013,0.0,0.0,0.0,0.0,0.0,0.0,0.0,0.0,0.0,1.293037810707431,0.0,0.0,1.5749999999999998e-09
2293.0,0.9562265164819006,0.140290013,0.283251997,0.030505215534871597,0.9257213009470291,0.0,0.0,0.0,0.0,0.0,0.0,0.0,0.0,0.0,1.1099256193923832,0.0,0.0,1.5749999999999998e-09
2294.0,0.9592815394940624,0.28073061,0.291983637,0.06104317465054323,0.8982383648435192,0.0,0.0,0.0,0.0,0.0,0.0,0.0,0.0,0.0,1.2001602263182265,0.0,0.0,1.5749999999999998e-09
2295.0,0.963638228514376,0.427817891,0.378568223,0.09302641503518291,0.8706118134791931,0.0,0.0,0.0,0.0,0.0,0.0,0.0,0.0,0.0,1.850044158765599,0.0,0.0,1.5749999999999998e-09
2296.0,0.9622631350339814,0.54476736,0.440683847,0.11845637032739452,0.8438067647065869,0.0,0.0,0.0,0.0,0.0,0.0,0.0,0.0,0.0,2.3232555172545704,0.0,0.0,1.5749999999999998e-09
2297.0,0.9573524027230815,0.620210943,0.476153179,0.13486112153472368,0.8224912811883579,0.0,0.0,0.0,0.0,0.0,0.0,0.0,0.0,0.0,2.5994784231988315,0.0,0.0,1.5749999999999998e-09
2298.0,0.9557392261660257,0.648545049,0.510418158,0.1410222016574969,0.8147170245085287,0.0,0.0,0.0,0.0,0.0,0.0,0.0,0.0,0.0,2.853504779477608,0.0,0.0,1.5749999999999998e-09
2299.0,0.9565246760358924,0.624422899,0.540344631,0.13577698591349022,0.8207476901224022,0.0,0.0,0.0,0.0,0.0,0.0,0.0,0.0,0.0,3.062546675555401,0.0,0.0,1.5749999999999998e-09
2300.0,0.9562131664869131,0.551317758,0.558241084,0.11988071478753218,0.8363324516993809,0.0,0.0,0.0,0.0,0.0,0.0,0.0,0.0,0.0,3.1755783397063917,0.0,0.0,1.5749999999999998e-09
2301.0,0.9624678406233623,0.440099588,0.565376822,0.09569699582783694,0.8667708447955254,0.0,0.0,0.0,0.0,0.0,0.0,0.0,0.0,0.0,3.1964223496926465,0.0,0.0,1.5749999999999998e-09
2302.0,0.9693255103651761,0.310922248,0.566701464,0.06760816388139333,0.9017173464837829,0.0,0.0,0.0,0.0,0.0,0.0,0.0,0.0,0.0,3.17099565170008,0.0,0.0,1.5749999999999998e-09
2303.0,0.9761698291120778,0.180880419,0.559653002,0.03933135402612647,0.9368384750859514,0.0,0.0,0.0,0.0,0.0,0.0,0.0,0.0,0.0,3.085219346381084,0.0,0.0,1.5749999999999998e-09
2304.0,0.986916922050849,0.074833805,0.539345954,0.016272158666202078,0.970644763384647,0.0,0.0,0.0,0.0,0.0,0.0,0.0,0.0,0.0,2.905472411025327,0.0,0.0,1.5749999999999998e-09
2305.0,0.9986163452964162,0.015211829,0.533674537,0.0033077202888605497,0.9953086250075556,0.0,0.0,0.0,0.0,0.0,0.0,0.0,0.0,0.0,2.8400497809831773,0.0,0.0,1.5749999999999998e-09
2306.0,0.9863005774504218,0.000507179,0.530981207,0.00011028300859705987,0.9861902944418247,0.0,0.0,0.0,0.0,0.0,0.0,0.0,0.0,0.0,2.8298119588014385,0.0,0.0,1.5749999999999998e-09
2307.0,0.9454549473857402,0.0,0.511350702,0.0,0.9454549473857402,0.0,0.0,0.0,0.0,0.0,0.0,0.0,0.0,0.0,2.7294687698853393,0.0,0.0,1.5749999999999998e-09
2308.0,0.8942605123984216,0.0,0.485455282,0.0,0.8942605123984216,0.0,0.0,0.0,0.0,0.0,0.0,0.0,0.0,0.0,2.5945606088373134,0.0,0.0,1.5749999999999998e-09
2309.0,0.8428480208268099,0.0,0.459389134,0.0,0.8428480208268098,0.0,0.0,0.0,0.0,0.0,0.0,0.0,0.0,0.0,2.4586435335804473,0.0,0.0,1.5749999999999998e-09
2310.0,0.8037557467662135,0.0,0.43331067,0.0,0.8037557467662135,0.0,0.0,0.0,0.0,0.0,0.0,0.0,0.0,0.0,2.310317729424345,0.0,0.0,1.5749999999999998e-09
2311.0,0.7764051727685066,0.0,0.404611755,0.0,0.7764051727685066,0.0,0.0,0.0,0.0,0.0,0.0,0.0,0.0,0.0,2.1314178319140513,0.0,0.0,1.5749999999999998e-09
2312.0,0.7613280917993214,0.0,0.385993025,0.0,0.7613280917993214,0.0,0.0,0.0,0.0,0.0,0.0,0.0,0.0,0.0,2.0126876995659337,0.0,0.0,1.5749999999999998e-09
2313.0,0.76086082697589,0.0,0.370304941,0.0,0.76086082697589,0.0,0.0,0.0,0.0,0.0,0.0,0.0,0.0,0.0,1.9004094225437203,0.0,0.0,1.5749999999999998e-09
2314.0,0.7792510395263419,0.000281525,0.356734746,6.121590995543445e-05,0.7791898236163864,0.0,0.0,0.0,0.0,0.0,0.0,0.0,0.0,0.0,1.7845555153898645,0.0,0.0,1.5749999999999998e-09
2315.0,0.8391277018993671,0.006849806,0.342523931,0.0014894489203736599,0.8376382529789935,0.0,0.0,0.0,0.0,0.0,0.0,0.0,0.0,0.0,1.623978232226932,0.0,0.0,1.5749999999999998e-09
2316.0,0.8978028257264583,0.043988143,0.320203854,0.009564955868909595,0.8882378698575487,0.0,0.0,0.0,0.0,0.0,0.0,0.0,0.0,0.0,1.412970934244584,0.0,0.0,1.5749999999999998e-09
2317.0,0.9232309374507157,0.138248686,0.299036255,0.030061341314743383,0.8931695961359722,0.0,0.0,0.0,0.0,0.0,0.0,0.0,0.0,0.0,1.255914039664771,0.0,0.0,1.5749999999999998e-09
2318.0,0.9389822156650731,0.281015691,0.319756302,0.06110516379120927,0.8778770518738639,0.0,0.0,0.0,0.0,0.0,0.0,0.0,0.0,0.0,1.4201153305961498,0.0,0.0,1.5749999999999998e-09
2319.0,0.9537566874152456,0.426354207,0.384739472,0.09270814579462802,0.8610485416206175,0.0,0.0,0.0,0.0,0.0,0.0,0.0,0.0,0.0,1.903958341313421,0.0,0.0,1.5749999999999998e-09
2320.0,0.9605898809996702,0.542425231,0.419775209,0.11794708853015443,0.8426427924695159,0.0,0.0,0.0,0.0,0.0,0.0,0.0,0.0,0.0,2.1741553960201605,0.0,0.0,1.5749999999999998e-09
2321.0,0.9652402799089549,0.617886296,0.440025396,0.13435564109273745,0.8308846388162174,0.0,0.0,0.0,0.0,0.0,0.0,0.0,0.0,0.0,2.3314455538232735,0.0,0.0,1.5749999999999998e-09
2322.0,0.9662126357081943,0.646054265,0.472074321,0.14048059572884958,0.8257320399793446,0.0,0.0,0.0,0.0,0.0,0.0,0.0,0.0,0.0,2.566924138592873,0.0,0.0,1.5749999999999998e-09
2323.0,0.9694946156346156,0.624781038,0.508885707,0.13585486107475664,0.8336397545598591,0.0,0.0,0.0,0.0,0.0,0.0,0.0,0.0,0.0,2.8235687849417874,0.0,0.0,1.5749999999999998e-09
2324.0,0.9760229741675923,0.556078486,0.543861809,0.12091590632139353,0.8551070678461987,0.0,0.0,0.0,0.0,0.0,0.0,0.0,0.0,0.0,3.0534641984000617,0.0,0.0,1.5749999999999998e-09
2325.0,0.98307422433631,0.451602438,0.566774686,0.09819822104702126,0.8848760032892887,0.0,0.0,0.0,0.0,0.0,0.0,0.0,0.0,0.0,3.188363219388593,0.0,0.0,1.5749999999999998e-09
2326.0,0.9893400246351609,0.32667861,0.572805089,0.07103428958041555,0.9183057350547453,0.0,0.0,0.0,0.0,0.0,0.0,0.0,0.0,0.0,3.1982721804668643,0.0,0.0,1.5749999999999998e-09
2327.0,0.988207462896524,0.192257624,0.572121759,0.04180525849935093,0.9464022043971729,0.0,0.0,0.0,0.0,0.0,0.0,0.0,0.0,0.0,3.1652648239116075,0.0,0.0,1.5749999999999998e-09
2328.0,0.9871016031477112,0.079452,0.554056008,0.017276357260560083,0.9698252458871511,0.0,0.0,0.0,0.0,0.0,0.0,0.0,0.0,0.0,3.0120086628804854,0.0,0.0,1.5749999999999998e-09
2329.0,0.9956547762488653,0.016392489,0.544237553,0.0035644476709686514,0.9920903285778967,0.0,0.0,0.0,0.0,0.0,0.0,0.0,0.0,0.0,2.9191812967992323,0.0,0.0,1.5749999999999998e-09
2330.0,0.9850478627571235,0.000617657,0.53413621,0.00013430578206320495,0.9849135569750603,0.0,0.0,0.0,0.0,0.0,0.0,0.0,0.0,0.0,2.8537627540281973,0.0,0.0,1.5749999999999998e-09
2331.0,0.9458020592545104,0.0,0.52512144,0.0,0.9458020592545106,0.0,0.0,0.0,0.0,0.0,0.0,0.0,0.0,0.0,2.828087810761826,0.0,0.0,1.5749999999999998e-09
2332.0,0.8967904179424071,0.0,0.508797815,0.0,0.8967904179424071,0.0,0.0,0.0,0.0,0.0,0.0,0.0,0.0,0.0,2.759786468186915,0.0,0.0,1.5749999999999998e-09
2333.0,0.8482326924586725,0.0,0.485775907,0.0,0.8482326924586725,0.0,0.0,0.0,0.0,0.0,0.0,0.0,0.0,0.0,2.642892664230816,0.0,0.0,1.5749999999999998e-09
2334.0,0.8095008802618339,0.0,0.463614246,0.0,0.8095008802618339,0.0,0.0,0.0,0.0,0.0,0.0,0.0,0.0,0.0,2.5223552834755707,0.0,0.0,1.5749999999999998e-09
2335.0,0.7831026375708475,0.0,0.435691596,0.0,0.7831026375708475,0.0,0.0,0.0,0.0,0.0,0.0,0.0,0.0,0.0,2.348081837768133,0.0,0.0,1.5749999999999998e-09
2336.0,0.7686619256946083,0.0,0.408238964,0.0,0.7686619256946084,0.0,0.0,0.0,0.0,0.0,0.0,0.0,0.0,0.0,2.165228739263889,0.0,0.0,1.5749999999999998e-09
2337.0,0.7691113898581067,0.0,0.383115312,0.0,0.7691113898581067,0.0,0.0,0.0,0.0,0.0,0.0,0.0,0.0,0.0,1.9842231435880007,0.0,0.0,1.5749999999999998e-09
2338.0,0.7909905137567961,0.000613587,0.357062278,0.00013342078515877863,0.7908570929716372,0.0,0.0,0.0,0.0,0.0,0.0,0.0,0.0,0.0,1.775242120020232,0.0,0.0,1.5749999999999998e-09
2339.0,0.8467708205111231,0.009471262,0.337264083,0.002059468685751986,0.844711351825371,0.0,0.0,0.0,0.0,0.0,0.0,0.0,0.0,0.0,1.5791041875935654,0.0,0.0,1.5749999999999998e-09
2340.0,0.9006175408294482,0.050297239,0.308707468,0.01093683066736867,0.8896807101620796,0.0,0.0,0.0,0.0,0.0,0.0,0.0,0.0,0.0,1.3289070250551152,0.0,0.0,1.5749999999999998e-09
2341.0,0.9234779208573436,0.143471807,0.280817636,0.031197077412149787,0.8922808434451939,0.0,0.0,0.0,0.0,0.0,0.0,0.0,0.0,0.0,1.1258710564702519,0.0,0.0,1.5749999999999998e-09
2342.0,0.9361675005620832,0.278558842,0.325350407,0.06057093682323804,0.8755965637388452,0.0,0.0,0.0,0.0,0.0,0.0,0.0,0.0,0.0,1.4625989690563725,0.0,0.0,1.5749999999999998e-09
2343.0,0.9484654687480693,0.413643407,0.437583555,0.08994425914775285,0.8585212096003164,0.0,0.0,0.0,0.0,0.0,0.0,0.0,0.0,0.0,2.2862602061046613,0.0,0.0,1.5749999999999998e-09
2344.0,0.954971576956092,0.522060702,0.499065976,0.11351894476477362,0.8414526321913184,0.0,0.0,0.0,0.0,0.0,0.0,0.0,0.0,0.0,2.7451844536915506,0.0,0.0,1.5749999999999998e-09
2345.0,0.9544308846604178,0.592667875,0.54364089,0.12887204784469825,0.8255588368157196,0.0,0.0,0.0,0.0,0.0,0.0,0.0,0.0,0.0,3.0814247510142985,0.0,0.0,1.5749999999999998e-09
2346.0,0.9542172777411456,0.617820852,0.584313167,0.13434141069042463,0.8198758670507209,0.0,0.0,0.0,0.0,0.0,0.0,0.0,0.0,0.0,3.3794071442437024,0.0,0.0,1.5749999999999998e-09
2347.0,0.9537500129177143,0.596556431,0.617746782,0.12971759084781578,0.8240324220698986,0.0,0.0,0.0,0.0,0.0,0.0,0.0,0.0,0.0,3.6155279257707647,0.0,0.0,1.5749999999999998e-09
2348.0,0.9508974716623476,0.531803767,0.642241237,0.11563751537033243,0.8352599562920152,0.0,0.0,0.0,0.0,0.0,0.0,0.0,0.0,0.0,3.780334673439844,0.0,0.0,1.5749999999999998e-09
2349.0,0.9502366254120876,0.43191557,0.658104162,0.09391743057089119,0.8563191948411965,0.0,0.0,0.0,0.0,0.0,0.0,0.0,0.0,0.0,3.873277506423543,0.0,0.0,1.5749999999999998e-09
2350.0,0.9495624291668401,0.31486984,0.667241333,0.06846654390594814,0.881095885260892,0.0,0.0,0.0,0.0,0.0,0.0,0.0,0.0,0.0,3.914166916168234,0.0,0.0,1.5749999999999998e-09
2351.0,0.9441933323624754,0.190150938,0.659604498,0.0413471723596462,0.9028461600028291,0.0,0.0,0.0,0.0,0.0,0.0,0.0,0.0,0.0,3.8375330048993135,0.0,0.0,1.5749999999999998e-09
2352.0,0.9404040366277356,0.085544438,0.610368034,0.018601121086213458,0.921802915541522,0.0,0.0,0.0,0.0,0.0,0.0,0.0,0.0,0.0,3.464728589426903,0.0,0.0,1.5749999999999998e-09
2353.0,0.9530669153425756,0.021272666,0.561391009,0.0046256126680331465,0.9484413026745424,0.0,0.0,0.0,0.0,0.0,0.0,0.0,0.0,0.0,3.0861070524323257,0.0,0.0,1.5749999999999998e-09
2354.0,0.9498183119035098,0.000997209,0.532834698,0.00021683707077790185,0.9496014748327319,0.0,0.0,0.0,0.0,0.0,0.0,0.0,0.0,0.0,2.879721260828973,0.0,0.0,1.5749999999999998e-09
2355.0,0.9248107385203406,0.0,0.508264066,0.0,0.9248107385203406,0.0,0.0,0.0,0.0,0.0,0.0,0.0,0.0,0.0,2.7279302540598027,0.0,0.0,1.5749999999999998e-09
2356.0,0.8891383990006847,0.0,0.491336045,0.0,0.8891383990006847,0.0,0.0,0.0,0.0,0.0,0.0,0.0,0.0,0.0,2.641945997399871,0.0,0.0,1.5749999999999998e-09
2357.0,0.8485197268501874,0.0,0.477147949,0.0,0.8485197268501874,0.0,0.0,0.0,0.0,0.0,0.0,0.0,0.0,0.0,2.58059909037078,0.0,0.0,1.5749999999999998e-09
2358.0,0.8170794727312383,0.0,0.469133454,0.0,0.8170794727312383,0.0,0.0,0.0,0.0,0.0,0.0,0.0,0.0,0.0,2.554441579116073,0.0,0.0,1.5749999999999998e-09
2359.0,0.7926993691109734,0.0,0.464797927,0.0,0.7926993691109734,0.0,0.0,0.0,0.0,0.0,0.0,0.0,0.0,0.0,2.5476635540061867,0.0,0.0,1.5749999999999998e-09
2360.0,0.7787592985455214,0.0,0.453108663,0.0,0.7787592985455214,0.0,0.0,0.0,0.0,0.0,0.0,0.0,0.0,0.0,2.4775963995047157,0.0,0.0,1.5749999999999998e-09
2361.0,0.7732255471366627,1e-09,0.443443682,2.1744395686150234e-10,0.7732255469192187,0.0,0.0,0.0,0.0,0.0,0.0,0.0,0.0,0.0,2.4136708392244235,0.0,0.0,1.5749999999999998e-09
2362.0,0.7817030679330638,0.000540403,0.431400895,0.00011750736661982641,0.7815855605664438,0.0,0.0,0.0,0.0,0.0,0.0,0.0,0.0,0.0,2.3187629370239065,0.0,0.0,1.5749999999999998e-09
2363.0,0.7996593911475153,0.008320861,0.418774895,0.0018093209403345573,0.7978500702071807,0.0,0.0,0.0,0.0,0.0,0.0,0.0,0.0,0.0,2.211759162387959,0.0,0.0,1.5749999999999998e-09
2364.0,0.8235722299443488,0.04342201,0.402119383,0.009441853669279722,0.8141303762750691,0.0,0.0,0.0,0.0,0.0,0.0,0.0,0.0,0.0,2.075780700372114,0.0,0.0,1.5749999999999998e-09
2365.0,0.853181250921949,0.135158414,0.412350912,0.029389380343285074,0.823791870578664,0.0,0.0,0.0,0.0,0.0,0.0,0.0,0.0,0.0,2.139650128073681,0.0,0.0,1.5749999999999998e-09
2366.0,0.878262251777361,0.279375005,0.488759036,0.060748406535402,0.817513845241959,0.0,0.0,0.0,0.0,0.0,0.0,0.0,0.0,0.0,2.6950503624570255,0.0,0.0,1.5749999999999998e-09
2367.0,0.8952973953399371,0.430078713,0.558080364,0.09351801711662244,0.8017793782233147,0.0,0.0,0.0,0.0,0.0,0.0,0.0,0.0,0.0,3.208976366875628,0.0,0.0,1.5749999999999998e-09
2368.0,0.9005018365398832,0.554614277,0.612582433,0.1205975229227613,0.7799043136171221,0.0,0.0,0.0,0.0,0.0,0.0,0.0,0.0,0.0,3.6225414110302303,0.0,0.0,1.5749999999999998e-09
2369.0,0.8979452300059981,0.637377657,0.647480311,0.13859391975319343,0.7593513102528047,0.0,0.0,0.0,0.0,0.0,0.0,0.0,0.0,0.0,3.8938949687753897,0.0,0.0,1.5749999999999998e-09
2370.0,0.8943406153681204,0.671073445,0.677287132,0.14592086522547973,0.7484197501426406,0.0,0.0,0.0,0.0,0.0,0.0,0.0,0.0,0.0,4.1190391876360515,0.0,0.0,1.5749999999999998e-09
2371.0,0.8886644586797972,0.653378649,0.696852645,0.14207323876738265,0.7465912199124144,0.0,0.0,0.0,0.0,0.0,0.0,0.0,0.0,0.0,4.261479175879443,0.0,0.0,1.5749999999999998e-09
2372.0,0.8823986583809463,0.586774863,0.697588814,0.12759064799758593,0.7548080103833603,0.0,0.0,0.0,0.0,0.0,0.0,0.0,0.0,0.0,4.258553010624103,0.0,0.0,1.5749999999999998e-09
2373.0,0.8836268979167801,0.482089721,0.673801195,0.1048274964964977,0.7787994014202824,0.0,0.0,0.0,0.0,0.0,0.0,0.0,0.0,0.0,4.063607155461878,0.0,0.0,1.5749999999999998e-09
2374.0,0.8828926241942773,0.356122966,0.644867568,0.07743678685629425,0.8054558373379829,0.0,0.0,0.0,0.0,0.0,0.0,0.0,0.0,0.0,3.829013443476891,0.0,0.0,1.5749999999999998e-09
2375.0,0.8845681030610989,0.217980111,0.618365307,0.04739845785294949,0.8371696452081494,0.0,0.0,0.0,0.0,0.0,0.0,0.0,0.0,0.0,3.606835855799088,0.0,0.0,1.5749999999999998e-09
2376.0,0.8901018544699575,0.097401877,0.583534926,0.021179449540617356,0.8689224049293403,0.0,0.0,0.0,0.0,0.0,0.0,0.0,0.0,0.0,3.3247676223377476,0.0,0.0,1.5749999999999998e-09
2377.0,0.9148824709388671,0.023521583,0.577791397,0.005114626079166246,0.9097678448597009,0.0,0.0,0.0,0.0,0.0,0.0,0.0,0.0,0.0,3.2426451667303184,0.0,0.0,1.5749999999999998e-09
2378.0,0.9190900801821849,0.00122344,0.575564727,0.00026602963458263637,0.9188240505476022,0.0,0.0,0.0,0.0,0.0,0.0,0.0,0.0,0.0,3.2175865533767363,0.0,0.0,1.5749999999999998e-09
2379.0,0.8999922958990544,0.0,0.569322409,0.0,0.8999922958990545,0.0,0.0,0.0,0.0,0.0,0.0,0.0,0.0,0.0,3.191556645805549,0.0,0.0,1.5749999999999998e-09
2380.0,0.870463377891153,0.0,0.562384298,0.0,0.870463377891153,0.0,0.0,0.0,0.0,0.0,0.0,0.0,0.0,0.0,3.1712234465478732,0.0,0.0,1.5749999999999998e-09
2381.0,0.8370472605188799,0.0,0.556406084,0.0,0.8370472605188799,0.0,0.0,0.0,0.0,0.0,0.0,0.0,0.0,0.0,3.1616759377246706,0.0,0.0,1.5749999999999998e-09
2382.0,0.8100571483849306,0.0,0.549901637,0.0,0.8100571483849306,0.0,0.0,0.0,0.0,0.0,0.0,0.0,0.0,0.0,3.1419205453456867,0.0,0.0,1.5749999999999998e-09
2383.0,0.7891170037981249,0.0,0.536890493,0.0,0.7891170037981249,0.0,0.0,0.0,0.0,0.0,0.0,0.0,0.0,0.0,3.069353510833265,0.0,0.0,1.5749999999999998e-09
2384.0,0.776638806180147,0.0,0.52281455,0.0,0.776638806180147,0.0,0.0,0.0,0.0,0.0,0.0,0.0,0.0,0.0,2.9806721391549917,0.0,0.0,1.5749999999999998e-09
2385.0,0.7730898173546542,3.48e-10,0.496560526,7.567049698780281e-11,0.7730898172789836,0.0,0.0,0.0,0.0,0.0,0.0,0.0,0.0,0.0,2.7955413529154454,0.0,0.0,1.5749999999999998e-09
2386.0,0.7767500588048417,0.000225725,0.468636612,4.908253716256261e-05,0.7767009762676791,0.0,0.0,0.0,0.0,0.0,0.0,0.0,0.0,0.0,2.5912494215404474,0.0,0.0,1.5749999999999998e-09
2387.0,0.8048015300376956,0.007539469,0.444104542,0.0016394119719946342,0.8031621180657009,0.0,0.0,0.0,0.0,0.0,0.0,0.0,0.0,0.0,2.3884836701581516,0.0,0.0,1.5749999999999998e-09
2388.0,0.8068574962607185,0.050846593,0.412028829,0.011056284374846367,0.7958012118858722,0.0,0.0,0.0,0.0,0.0,0.0,0.0,0.0,0.0,2.1653260731051827,0.0,0.0,1.5749999999999998e-09
2389.0,0.8261310613107444,0.161749251,0.401405589,0.03517139715682431,0.79095966415392,0.0,0.0,0.0,0.0,0.0,0.0,0.0,0.0,0.0,2.0938215896738437,0.0,0.0,1.5749999999999998e-09
2390.0,0.8451465187915902,0.323260555,0.402335897,0.0702910541764453,0.7748554646151449,0.0,0.0,0.0,0.0,0.0,0.0,0.0,0.0,0.0,2.116611633037992,0.0,0.0,1.5749999999999998e-09
2391.0,0.8573109820280782,0.486295496,0.407352447,0.10574201685416687,0.7515689651739114,0.0,0.0,0.0,0.0,0.0,0.0,0.0,0.0,0.0,2.1759505687069876,0.0,0.0,1.5749999999999998e-09
2392.0,0.8610290761230105,0.622030647,0.402024224,0.13525680517280037,0.7257722709502101,0.0,0.0,0.0,0.0,0.0,0.0,0.0,0.0,0.0,2.163454926581047,0.0,0.0,1.5749999999999998e-09
2393.0,0.8655103697628556,0.713464358,0.396871384,0.15513851308317145,0.710371856679684,0.0,0.0,0.0,0.0,0.0,0.0,0.0,0.0,0.0,2.141823429380172,0.0,0.0,1.5749999999999998e-09
2394.0,0.8656883753622616,0.749117124,0.401102487,0.16289099159526868,0.702797383766993,0.0,0.0,0.0,0.0,0.0,0.0,0.0,0.0,0.0,2.1798055671383425,0.0,0.0,1.5749999999999998e-09
2395.0,0.8654614174480773,0.725549438,0.404603288,0.15776634069735926,0.707695076750718,0.0,0.0,0.0,0.0,0.0,0.0,0.0,0.0,0.0,2.200067078149113,0.0,0.0,1.5749999999999998e-09
2396.0,0.8651120817467213,0.649785625,0.400330311,0.14129195741172434,0.723820124334997,0.0,0.0,0.0,0.0,0.0,0.0,0.0,0.0,0.0,2.1532334298740814,0.0,0.0,1.5749999999999998e-09
2397.0,0.8705991066732368,0.529720812,0.386594844,0.11518458939316799,0.7554145172800688,0.0,0.0,0.0,0.0,0.0,0.0,0.0,0.0,0.0,2.0229263662537393,0.0,0.0,1.5749999999999998e-09
2398.0,0.8800423087713459,0.383293565,0.359575551,0.08334486941315143,0.7966974393581946,0.0,0.0,0.0,0.0,0.0,0.0,0.0,0.0,0.0,1.7874639108705115,0.0,0.0,1.5749999999999998e-09
2399.0,0.8897146926162249,0.224955226,0.329144622,0.04891515445811351,0.8407995381581115,0.0,0.0,0.0,0.0,0.0,0.0,0.0,0.0,0.0,1.5246638768114926,0.0,0.0,1.5749999999999998e-09
2400.0,0.9031830476932999,0.093012516,0.311005357,0.020225009516683795,0.8829580381766161,0.0,0.0,0.0,0.0,0.0,0.0,0.0,0.0,0.0,1.3521439342416381,0.0,0.0,1.5749999999999998e-09
2401.0,0.9269023050633048,0.020332562,0.320170807,0.004421192734411821,0.922481112328893,0.0,0.0,0.0,0.0,0.0,0.0,0.0,0.0,0.0,1.378490192922432,0.0,0.0,1.5749999999999998e-09
2402.0,0.9247195103881648,0.000887788,0.337434218,0.00019304413557415942,0.9245264662525906,0.0,0.0,0.0,0.0,0.0,0.0,0.0,0.0,0.0,1.5005117822468117,0.0,0.0,1.5749999999999998e-09
2403.0,0.8954887519342553,0.0,0.340234797,0.0,0.8954887519342553,0.0,0.0,0.0,0.0,0.0,0.0,0.0,0.0,0.0,1.549676415622728,0.0,0.0,1.5749999999999998e-09
2404.0,0.8543049113306947,0.0,0.34145439,0.0,0.8543049113306947,0.0,0.0,0.0,0.0,0.0,0.0,0.0,0.0,0.0,1.5996251043502632,0.0,0.0,1.5749999999999998e-09
2405.0,0.8118928321912251,0.0,0.342861985,0.0,0.8118928321912251,0.0,0.0,0.0,0.0,0.0,0.0,0.0,0.0,0.0,1.6521531454500473,0.0,0.0,1.5749999999999998e-09
2406.0,0.7799942125788865,0.0,0.34151244,0.0,0.7799942125788865,0.0,0.0,0.0,0.0,0.0,0.0,0.0,0.0,0.0,1.6743529909947512,0.0,0.0,1.5749999999999998e-09
2407.0,0.7574542434298617,0.0,0.341024694,0.0,0.7574542434298617,0.0,0.0,0.0,0.0,0.0,0.0,0.0,0.0,0.0,1.6933876763211597,0.0,0.0,1.5749999999999998e-09
2408.0,0.7465469445516928,0.0,0.338664933,0.0,0.7465469445516928,0.0,0.0,0.0,0.0,0.0,0.0,0.0,0.0,0.0,1.6873360825409756,0.0,0.0,1.5749999999999998e-09
2409.0,0.7508947332420398,2.94e-08,0.330260036,6.392852331728168e-09,0.7508947268491875,0.0,0.0,0.0,0.0,0.0,0.0,0.0,0.0,0.0,1.622584833101041,0.0,0.0,1.5749999999999998e-09
2410.0,0.7766276800177453,0.000787608,0.320894368,0.0001712605999757741,0.7764564194177694,0.0,0.0,0.0,0.0,0.0,0.0,0.0,0.0,0.0,1.5297149011447544,0.0,0.0,1.5749999999999998e-09
2411.0,0.8381931722525044,0.013589791,0.316921751,0.0029550179279608326,0.8352381543245436,0.0,0.0,0.0,0.0,0.0,0.0,0.0,0.0,0.0,1.4423831625402554,0.0,0.0,1.5749999999999998e-09
2412.0,0.8955354784165984,0.072530546,0.301628491,0.01577132891556521,0.8797641495010332,0.0,0.0,0.0,0.0,0.0,0.0,0.0,0.0,0.0,1.2879491068710807,0.0,0.0,1.5749999999999998e-09
2413.0,0.9219559724324635,0.194098719,0.255035471,0.04220559348110886,0.8797503789513547,0.0,0.0,0.0,0.0,0.0,0.0,0.0,0.0,0.0,0.9531128545546801,0.0,0.0,1.5749999999999998e-09
2414.0,0.9377495264642185,0.351111278,0.243358692,0.07634702558701895,0.8614025008771996,0.0,0.0,0.0,0.0,0.0,0.0,0.0,0.0,0.0,0.8875432335023099,0.0,0.0,1.5749999999999998e-09
2415.0,0.9516584453748254,0.506495547,0.334438371,0.11013439587241103,0.8415240495024143,0.0,0.0,0.0,0.0,0.0,0.0,0.0,0.0,0.0,1.5619839475461643,0.0,0.0,1.5749999999999998e-09
2416.0,0.9584137618219862,0.634959944,0.417255736,0.13806820267191794,0.8203455591500682,0.0,0.0,0.0,0.0,0.0,0.0,0.0,0.0,0.0,2.178345934567291,0.0,0.0,1.5749999999999998e-09
2417.0,0.9591257842196104,0.719723003,0.469328876,0.15649941761656289,0.8026263666030475,0.0,0.0,0.0,0.0,0.0,0.0,0.0,0.0,0.0,2.570299124389195,0.0,0.0,1.5749999999999998e-09
2418.0,0.9602583459582474,0.752201281,0.511270403,0.1635616228969308,0.7966967230613167,0.0,0.0,0.0,0.0,0.0,0.0,0.0,0.0,0.0,2.877649909445004,0.0,0.0,1.5749999999999998e-09
2419.0,0.9611862001076541,0.727048607,0.549859826,0.15809232593672337,0.8030938741709307,0.0,0.0,0.0,0.0,0.0,0.0,0.0,0.0,0.0,3.1485833364764684,0.0,0.0,1.5749999999999998e-09
2420.0,0.9619137983327007,0.647338842,0.580382101,0.14075991923462286,0.8211538790980779,0.0,0.0,0.0,0.0,0.0,0.0,0.0,0.0,0.0,3.3498777430400284,0.0,0.0,1.5749999999999998e-09
2421.0,0.9642189717949372,0.521425718,0.598850964,0.11338087133126988,0.8508381004636674,0.0,0.0,0.0,0.0,0.0,0.0,0.0,0.0,0.0,3.4529236859320998,0.0,0.0,1.5749999999999998e-09
2422.0,0.9685200340029411,0.37242833,0.598615189,0.08098228972252135,0.8875377442804196,0.0,0.0,0.0,0.0,0.0,0.0,0.0,0.0,0.0,3.4145295980947354,0.0,0.0,1.5749999999999998e-09
2423.0,0.9690006498212846,0.215765278,0.590496894,0.04691685580164206,0.9220837940196426,0.0,0.0,0.0,0.0,0.0,0.0,0.0,0.0,0.0,3.32163980359753,0.0,0.0,1.5749999999999998e-09
2424.0,0.9706338518707841,0.093273298,0.604965128,0.020281714986642052,0.950352136884142,0.0,0.0,0.0,0.0,0.0,0.0,0.0,0.0,0.0,3.3973503074729883,0.0,0.0,1.5749999999999998e-09
2425.0,0.9811784640526849,0.024032805,0.638612495,0.005225788213680898,0.975952675839004,0.0,0.0,0.0,0.0,0.0,0.0,0.0,0.0,0.0,3.6135632764069334,0.0,0.0,1.5749999999999998e-09
2426.0,0.9718287149192621,0.001473529,0.651511688,0.00032040997631017264,0.971508304942952,0.0,0.0,0.0,0.0,0.0,0.0,0.0,0.0,0.0,3.710710268232129,0.0,0.0,1.5749999999999998e-09
2427.0,0.9342739651109685,0.0,0.654631896,0.0,0.9342739651109685,0.0,0.0,0.0,0.0,0.0,0.0,0.0,0.0,0.0,3.7703686046229725,0.0,0.0,1.5749999999999998e-09
2428.0,0.8833131625353655,0.0,0.6513112,0.0,0.8833131625353655,0.0,0.0,0.0,0.0,0.0,0.0,0.0,0.0,0.0,3.7974645636762783,0.0,0.0,1.5749999999999998e-09
2429.0,0.8362996358014649,0.0,0.640465729,0.0,0.8362996358014649,0.0,0.0,0.0,0.0,0.0,0.0,0.0,0.0,0.0,3.766534951881201,0.0,0.0,1.5749999999999998e-09
2430.0,0.7965932429728766,0.0,0.628477871,0.0,0.7965932429728766,0.0,0.0,0.0,0.0,0.0,0.0,0.0,0.0,0.0,3.7200882143607523,0.0,0.0,1.5749999999999998e-09
2431.0,0.7694451507319647,0.0,0.608805401,0.0,0.7694451507319647,0.0,0.0,0.0,0.0,0.0,0.0,0.0,0.0,0.0,3.605856180794574,0.0,0.0,1.5749999999999998e-09
2432.0,0.7558699926952159,0.0,0.583279107,0.0,0.7558699926952159,0.0,0.0,0.0,0.0,0.0,0.0,0.0,0.0,0.0,3.4359815403510723,0.0,0.0,1.5749999999999998e-09
2433.0,0.756415134655911,1.29e-07,0.551819329,2.8050270435133798e-08,0.7564151066056406,0.0,0.0,0.0,0.0,0.0,0.0,0.0,0.0,0.0,3.209344462823312,0.0,0.0,1.5749999999999998e-09
2434.0,0.7789061534900069,0.001239984,0.522252981,0.0002696270274049531,0.7786365264626021,0.0,0.0,0.0,0.0,0.0,0.0,0.0,0.0,0.0,2.974638591349639,0.0,0.0,1.5749999999999998e-09
2435.0,0.83925898101643,0.01818353,0.495361072,0.0039538987129098336,0.8353050823035203,0.0,0.0,0.0,0.0,0.0,0.0,0.0,0.0,0.0,2.7247059727035516,0.0,0.0,1.5749999999999998e-09
2436.0,0.8966057378454698,0.075235334,0.444787897,0.01635946872075672,0.8802462691247132,0.0,0.0,0.0,0.0,0.0,0.0,0.0,0.0,0.0,2.3163105859794504,0.0,0.0,1.5749999999999998e-09
2437.0,0.9219448472699865,0.185784847,0.398636031,0.04039779225658881,0.8815470550133977,0.0,0.0,0.0,0.0,0.0,0.0,0.0,0.0,0.0,1.9833302183548693,0.0,0.0,1.5749999999999998e-09
2438.0,0.9359227429878905,0.338738137,0.488377215,0.07365656084917366,0.8622661821387168,0.0,0.0,0.0,0.0,0.0,0.0,0.0,0.0,0.0,2.647553992857928,0.0,0.0,1.5749999999999998e-09
2439.0,0.9790913471747414,0.493778759,0.592335655,0.10736920717112215,0.8717221400036193,0.0,0.0,0.0,0.0,0.0,0.0,0.0,0.0,0.0,3.385216079951733,0.0,0.0,1.5749999999999998e-09
2440.0,0.9543240807008193,0.620603538,0.611049532,0.13494648894496772,0.8193775917558516,0.0,0.0,0.0,0.0,0.0,0.0,0.0,0.0,0.0,3.5720516343923383,0.0,0.0,1.5749999999999998e-09
2441.0,0.9550027276110125,0.700557284,0.62301586,0.1523319478411072,0.8026707797699053,0.0,0.0,0.0,0.0,0.0,0.0,0.0,0.0,0.0,3.6747568470920178,0.0,0.0,1.5749999999999998e-09
2442.0,0.9557993026433562,0.724230962,0.644573909,0.15747964605889234,0.7983196565844639,0.0,0.0,0.0,0.0,0.0,0.0,0.0,0.0,0.0,3.834039185309197,0.0,0.0,1.5749999999999998e-09
2443.0,0.9533851013889357,0.689783935,0.665722285,0.14998934820589732,0.8033957531830384,0.0,0.0,0.0,0.0,0.0,0.0,0.0,0.0,0.0,3.980950107091927,0.0,0.0,1.5749999999999998e-09
2444.0,0.950387930021594,0.60720985,0.675514382,0.13203411242927932,0.8183538175923147,0.0,0.0,0.0,0.0,0.0,0.0,0.0,0.0,0.0,4.0363648990537735,0.0,0.0,1.5749999999999998e-09
2445.0,0.9511199789115864,0.488620444,0.670075805,0.1062475627467841,0.8448724161648024,0.0,0.0,0.0,0.0,0.0,0.0,0.0,0.0,0.0,3.9707608831202954,0.0,0.0,1.5749999999999998e-09
2446.0,0.950674964413109,0.354393636,0.654849228,0.07706075449837495,0.8736142099147339,0.0,0.0,0.0,0.0,0.0,0.0,0.0,0.0,0.0,3.8325902595451646,0.0,0.0,1.5749999999999998e-09
2447.0,0.9478513489801523,0.21508319,0.65179944,0.04676853988799431,0.9010828090921581,0.0,0.0,0.0,0.0,0.0,0.0,0.0,0.0,0.0,3.783203751171541,0.0,0.0,1.5749999999999998e-09
2448.0,0.9510955027541972,0.100280404,0.64051061,0.021805367841430025,0.9292901349127671,0.0,0.0,0.0,0.0,0.0,0.0,0.0,0.0,0.0,3.6738669990198796,0.0,0.0,1.5749999999999998e-09
2449.0,0.9750528432008633,0.02706499,0.601999455,0.005885118518016991,0.9691677246828463,0.0,0.0,0.0,0.0,0.0,0.0,0.0,0.0,0.0,3.3572213196872616,0.0,0.0,1.5749999999999998e-09
2450.0,0.973419641151364,0.001587019,0.590136385,0.00034508769097438453,0.9730745534603896,0.0,0.0,0.0,0.0,0.0,0.0,0.0,0.0,0.0,3.268058174389306,0.0,0.0,1.5749999999999998e-09
2451.0,0.9358871416680243,0.0,0.566671933,0.0,0.9358871416680243,0.0,0.0,0.0,0.0,0.0,0.0,0.0,0.0,0.0,3.136613626099667,0.0,0.0,1.5749999999999998e-09
2452.0,0.8852333989763799,0.0,0.542404379,0.0,0.8852333989763799,0.0,0.0,0.0,0.0,0.0,0.0,0.0,0.0,0.0,3.012863756151397,0.0,0.0,1.5749999999999998e-09
2453.0,0.8381152941153159,0.0,0.518457296,0.0,0.8381152941153159,0.0,0.0,0.0,0.0,0.0,0.0,0.0,0.0,0.0,2.8878813770746112,0.0,0.0,1.5749999999999998e-09
2454.0,0.8031282770033092,0.0,0.503466199,0.0,0.8031282770033092,0.0,0.0,0.0,0.0,0.0,0.0,0.0,0.0,0.0,2.8151318883057455,0.0,0.0,1.5749999999999998e-09
2455.0,0.7779271221933113,0.0,0.493601266,0.0,0.7779271221933113,0.0,0.0,0.0,0.0,0.0,0.0,0.0,0.0,0.0,2.7694367363165204,0.0,0.0,1.5749999999999998e-09
2456.0,0.7662989005875519,0.0,0.496446382,0.0,0.7662989005875519,0.0,0.0,0.0,0.0,0.0,0.0,0.0,0.0,0.0,2.801511951005292,0.0,0.0,1.5749999999999998e-09
2457.0,0.7656069036823713,1.18e-07,0.48480433,2.5658386909657274e-08,0.7656068780239843,0.0,0.0,0.0,0.0,0.0,0.0,0.0,0.0,0.0,2.7185360469479174,0.0,0.0,1.5749999999999998e-09
2458.0,0.79144442858524,0.001013854,0.468486805,0.00022045642543986157,0.7912239721598002,0.0,0.0,0.0,0.0,0.0,0.0,0.0,0.0,0.0,2.5756498077906405,0.0,0.0,1.5749999999999998e-09
2459.0,0.8548344784638919,0.01326704,0.451073112,0.002884837673439826,0.8519496407904521,0.0,0.0,0.0,0.0,0.0,0.0,0.0,0.0,0.0,2.3897771643720724,0.0,0.0,1.5749999999999998e-09
2460.0,0.9092063152504687,0.058771386,0.404980869,0.012779482722074702,0.896426832528394,0.0,0.0,0.0,0.0,0.0,0.0,0.0,0.0,0.0,2.0140488834688672,0.0,0.0,1.5749999999999998e-09
2461.0,0.9268266527585517,0.161035405,0.367671586,0.03501617565799455,0.8918104771005572,0.0,0.0,0.0,0.0,0.0,0.0,0.0,0.0,0.0,1.7505346419603598,0.0,0.0,1.5749999999999998e-09
2462.0,0.9343162419282907,0.310735067,0.435804096,0.06756746250410403,0.8667487794241866,0.0,0.0,0.0,0.0,0.0,0.0,0.0,0.0,0.0,2.265244199582778,0.0,0.0,1.5749999999999998e-09
2463.0,0.9403862359678026,0.463443231,0.555647935,0.10077292992931926,0.8396133060384834,0.0,0.0,0.0,0.0,0.0,0.0,0.0,0.0,0.0,3.1536613033394834,0.0,0.0,1.5749999999999998e-09
2464.0,0.941594449011268,0.586760286,0.644485743,0.12758747831702674,0.8140069706942412,0.0,0.0,0.0,0.0,0.0,0.0,0.0,0.0,0.0,3.817718248671496,0.0,0.0,1.5749999999999998e-09
2465.0,0.939389404011174,0.66691669,0.693029117,0.1450170039705759,0.7943724000405981,0.0,0.0,0.0,0.0,0.0,0.0,0.0,0.0,0.0,4.186219449861143,0.0,0.0,1.5749999999999998e-09
2466.0,0.9386106286388386,0.695760614,0.726187157,0.15128894093654838,0.7873216877022903,0.0,0.0,0.0,0.0,0.0,0.0,0.0,0.0,0.0,4.431567024094095,0.0,0.0,1.5749999999999998e-09
2467.0,0.9359449943127691,0.673697004,0.739144909,0.14649134227549937,0.7894536520372698,0.0,0.0,0.0,0.0,0.0,0.0,0.0,0.0,0.0,4.522558526610866,0.0,0.0,1.5749999999999998e-09
2468.0,0.9332860344842312,0.606911398,0.73300694,0.1319692158454661,0.8013168186387651,0.0,0.0,0.0,0.0,0.0,0.0,0.0,0.0,0.0,4.466583622671863,0.0,0.0,1.5749999999999998e-09
2469.0,0.9323181283500127,0.501114779,0.69552685,0.10896438038753728,0.8233537479624755,0.0,0.0,0.0,0.0,0.0,0.0,0.0,0.0,0.0,4.175188557869433,0.0,0.0,1.5749999999999998e-09
2470.0,0.9340358830342319,0.369560752,0.627638084,0.08035875221559236,0.8536771308186395,0.0,0.0,0.0,0.0,0.0,0.0,0.0,0.0,0.0,3.6569690298943223,0.0,0.0,1.5749999999999998e-09
2471.0,0.9369796524217743,0.226878012,0.55071959,0.04933325265415141,0.8876463997676229,0.0,0.0,0.0,0.0,0.0,0.0,0.0,0.0,0.0,3.070209676191778,0.0,0.0,1.5749999999999998e-09
2472.0,0.9430162699739305,0.103400316,0.489382397,0.02248377385176971,0.9205324961221609,0.0,0.0,0.0,0.0,0.0,0.0,0.0,0.0,0.0,2.5965116196210722,0.0,0.0,1.5749999999999998e-09
2473.0,0.9652113540865448,0.025331524,0.458060225,0.005508186811892111,0.9597031672746527,0.0,0.0,0.0,0.0,0.0,0.0,0.0,0.0,0.0,2.332237917791125,0.0,0.0,1.5749999999999998e-09
2474.0,0.9617001914134287,0.001217823,0.45460248,0.00026480825187694536,0.9614353831615517,0.0,0.0,0.0,0.0,0.0,0.0,0.0,0.0,0.0,2.3056559284335414,0.0,0.0,1.5749999999999998e-09
2475.0,0.9251934507090522,2.74e-11,0.456693097,5.9579644180051636e-12,0.9251934507030942,0.0,0.0,0.0,0.0,0.0,0.0,0.0,0.0,0.0,2.356922496561767,0.0,0.0,1.5749999999999998e-09
2476.0,0.8758057727056934,0.0,0.460898423,0.0,0.8758057727056934,0.0,0.0,0.0,0.0,0.0,0.0,0.0,0.0,0.0,2.43653258785754,0.0,0.0,1.5749999999999998e-09
2477.0,0.8308348621998282,0.0,0.461830247,0.0,0.8308348621998282,0.0,0.0,0.0,0.0,0.0,0.0,0.0,0.0,0.0,2.4882002372248735,0.0,0.0,1.5749999999999998e-09
2478.0,0.7977035533866348,0.0,0.463002332,0.0,0.7977035533866348,0.0,0.0,0.0,0.0,0.0,0.0,0.0,0.0,0.0,2.529754968453076,0.0,0.0,1.5749999999999998e-09
2479.0,0.7626609094623183,0.0,0.460111375,0.0,0.7626609094623183,0.0,0.0,0.0,0.0,0.0,0.0,0.0,0.0,0.0,2.5440211738131002,0.0,0.0,1.5749999999999998e-09
2480.0,0.7472878927717269,0.0,0.453868251,0.0,0.7472878927717269,0.0,0.0,0.0,0.0,0.0,0.0,0.0,0.0,0.0,2.514526735804344,0.0,0.0,1.5749999999999998e-09
2481.0,0.7473791209039027,2.28e-07,0.436288097,4.957722216442253e-08,0.7473790713266806,0.0,0.0,0.0,0.0,0.0,0.0,0.0,0.0,0.0,2.3880922773141298,0.0,0.0,1.5749999999999998e-09
2482.0,0.7715789940922512,0.000648898,0.422775122,0.00014109894871951512,0.7714378951435318,0.0,0.0,0.0,0.0,0.0,0.0,0.0,0.0,0.0,2.266919765916205,0.0,0.0,1.5749999999999998e-09
2483.0,0.8337675054249689,0.010941249,0.415103619,0.0023791084755669556,0.8313883969494018,0.0,0.0,0.0,0.0,0.0,0.0,0.0,0.0,0.0,2.151836479093025,0.0,0.0,1.5749999999999998e-09
2484.0,0.8860722508260459,0.058351606,0.397623935,0.01268820409786338,0.8733840467281825,0.0,0.0,0.0,0.0,0.0,0.0,0.0,0.0,0.0,1.9842195970547374,0.0,0.0,1.5749999999999998e-09
2485.0,0.9054615201656367,0.164881311,0.34369984,0.03585244467635195,0.8696090754892848,0.0,0.0,0.0,0.0,0.0,0.0,0.0,0.0,0.0,1.6004583140696627,0.0,0.0,1.5749999999999998e-09
2486.0,0.9103922779689801,0.311352705,0.337415131,0.06770176415473206,0.8426905138142481,0.0,0.0,0.0,0.0,0.0,0.0,0.0,0.0,0.0,1.5822105621561695,0.0,0.0,1.5749999999999998e-09
2487.0,0.918638391186176,0.458017796,0.503466155,0.09959320187522437,0.8190451893109515,0.0,0.0,0.0,0.0,0.0,0.0,0.0,0.0,0.0,2.7992146597833356,0.0,0.0,1.5749999999999998e-09
2488.0,0.9226635451650667,0.57951804,0.643449115,0.12601269569022236,0.7966508494748442,0.0,0.0,0.0,0.0,0.0,0.0,0.0,0.0,0.0,3.827624436199031,0.0,0.0,1.5749999999999998e-09
2489.0,0.9237360294264484,0.661277154,0.718039984,0.143790720947873,0.7799453084785753,0.0,0.0,0.0,0.0,0.0,0.0,0.0,0.0,0.0,4.38039212105828,0.0,0.0,1.5749999999999998e-09
2490.0,0.9272605410946274,0.694976,0.76891947,0.15111833136377945,0.776142209730848,0.0,0.0,0.0,0.0,0.0,0.0,0.0,0.0,0.0,4.749850784749306,0.0,0.0,1.5749999999999998e-09
2491.0,0.9289827464437921,0.678481452,0.806780823,0.14753169158001744,0.7814510548637746,0.0,0.0,0.0,0.0,0.0,0.0,0.0,0.0,0.0,5.016640097619245,0.0,0.0,1.5749999999999998e-09
2492.0,0.9286512114023693,0.613130134,0.836001697,0.13332144240798316,0.7953297689943861,0.0,0.0,0.0,0.0,0.0,0.0,0.0,0.0,0.0,5.212763017361407,0.0,0.0,1.5749999999999998e-09
2493.0,0.9304023415740194,0.507121199,0.856260111,0.11027044011890934,0.8201319014551101,0.0,0.0,0.0,0.0,0.0,0.0,0.0,0.0,0.0,5.3335520140254,0.0,0.0,1.5749999999999998e-09
2494.0,0.9318508635265813,0.373450174,0.874295114,0.08120448352517655,0.8506463800014048,0.0,0.0,0.0,0.0,0.0,0.0,0.0,0.0,0.0,5.432649678391065,0.0,0.0,1.5749999999999998e-09
2495.0,0.9288670431541518,0.229770967,0.885010979,0.049962308236373675,0.8789047349177782,0.0,0.0,0.0,0.0,0.0,0.0,0.0,0.0,0.0,5.481403022657956,0.0,0.0,1.5749999999999998e-09
2496.0,0.931457025175468,0.103645902,0.895775124,0.022537175043359496,0.9089198501321085,0.0,0.0,0.0,0.0,0.0,0.0,0.0,0.0,0.0,5.5287465804676925,0.0,0.0,1.5749999999999998e-09
2497.0,0.9494333748822877,0.026513029,0.902191378,0.00576509793414376,0.9436682769481439,0.0,0.0,0.0,0.0,0.0,0.0,0.0,0.0,0.0,5.540109841595787,0.0,0.0,1.5749999999999998e-09
2498.0,0.9458932863867615,0.001939529,0.866118982,0.0004217388602076327,0.9454715475265538,0.0,0.0,0.0,0.0,0.0,0.0,0.0,0.0,0.0,5.279065108982199,0.0,0.0,1.5749999999999998e-09
2499.0,0.9078734975874716,1.61e-09,0.82882902,3.5008477054701877e-10,0.9078734972373869,0.0,0.0,0.0,0.0,0.0,0.0,0.0,0.0,0.0,5.0486714165516355,0.0,0.0,1.5749999999999998e-09
2500.0,0.8611692555700399,0.0,0.79184288,0.0,0.8611692555700399,0.0,0.0,0.0,0.0,0.0,0.0,0.0,0.0,0.0,4.829567392845156,0.0,0.0,1.5749999999999998e-09
2501.0,0.8136595381902979,0.0,0.761218433,0.0,0.8136595381902979,0.0,0.0,0.0,0.0,0.0,0.0,0.0,0.0,0.0,4.656988419296277,0.0,0.0,1.5749999999999998e-09
2502.0,0.7747563958915094,0.0,0.729341642,0.0,0.7747563958915094,0.0,0.0,0.0,0.0,0.0,0.0,0.0,0.0,0.0,4.466802650954646,0.0,0.0,1.5749999999999998e-09
2503.0,0.7596058864501566,0.0,0.695221997,0.0,0.7596058864501566,0.0,0.0,0.0,0.0,0.0,0.0,0.0,0.0,0.0,4.236745532548899,0.0,0.0,1.5749999999999998e-09
2504.0,0.7505320465457717,0.0,0.666589015,0.0,0.7505320465457717,0.0,0.0,0.0,0.0,0.0,0.0,0.0,0.0,0.0,4.0400427415883176,0.0,0.0,1.5749999999999998e-09
2505.0,0.7488031666990757,1.1e-06,0.631472107,2.3918835254765256e-07,0.7488029275107232,0.0,0.0,0.0,0.0,0.0,0.0,0.0,0.0,0.0,3.7893972035012045,0.0,0.0,1.5749999999999998e-09
2506.0,0.7727849823032062,0.001341688,0.596249822,0.0002917419475935953,0.7724932403556126,0.0,0.0,0.0,0.0,0.0,0.0,0.0,0.0,0.0,3.5125749207250765,0.0,0.0,1.5749999999999998e-09
2507.0,0.8315758104198623,0.015327521,0.559491255,0.0033328768151177713,0.8282429336047445,0.0,0.0,0.0,0.0,0.0,0.0,0.0,0.0,0.0,3.1926524608153093,0.0,0.0,1.5749999999999998e-09
2508.0,0.8826901434374068,0.067092087,0.497719153,0.014588768871376159,0.8681013745660308,0.0,0.0,0.0,0.0,0.0,0.0,0.0,0.0,0.0,2.708856499444619,0.0,0.0,1.5749999999999998e-09
2509.0,0.9030918195611242,0.180075277,0.431703836,0.03915628076381108,0.8639355387973131,0.0,0.0,0.0,0.0,0.0,0.0,0.0,0.0,0.0,2.238590104656882,0.0,0.0,1.5749999999999998e-09
2510.0,0.9172721970358232,0.337695594,0.573141575,0.0734298661740554,0.8438423308617679,0.0,0.0,0.0,0.0,0.0,0.0,0.0,0.0,0.0,3.2751538083507317,0.0,0.0,1.5749999999999998e-09
2511.0,0.9277122310905608,0.492265688,0.721465081,0.10704019902586975,0.8206720320646911,0.0,0.0,0.0,0.0,0.0,0.0,0.0,0.0,0.0,4.36428053958505,0.0,0.0,1.5749999999999998e-09
2512.0,0.9323960054872763,0.620225286,0.728207742,0.13486424033339695,0.7975317651538792,0.0,0.0,0.0,0.0,0.0,0.0,0.0,0.0,0.0,4.43587828338893,0.0,0.0,1.5749999999999998e-09
2513.0,0.9316995579171502,0.703632709,0.707555188,0.153000680422138,0.7786988774950122,0.0,0.0,0.0,0.0,0.0,0.0,0.0,0.0,0.0,4.306287476272422,0.0,0.0,1.5749999999999998e-09
2514.0,0.9308117547526306,0.736968517,0.697240298,0.16024935041883334,0.7705624043337972,0.0,0.0,0.0,0.0,0.0,0.0,0.0,0.0,0.0,4.240293936990548,0.0,0.0,1.5749999999999998e-09
2515.0,0.9313146208959282,0.718060638,0.697691615,0.15613794639321482,0.7751766745027133,0.0,0.0,0.0,0.0,0.0,0.0,0.0,0.0,0.0,4.238923146376505,0.0,0.0,1.5749999999999998e-09
2516.0,0.9307672531027978,0.647105229,0.699117721,0.1407091214995286,0.7900581316032693,0.0,0.0,0.0,0.0,0.0,0.0,0.0,0.0,0.0,4.23429068422647,0.0,0.0,1.5749999999999998e-09
2517.0,0.9290494984185788,0.532652791,0.692582869,0.1158221305083628,0.813227367910216,0.0,0.0,0.0,0.0,0.0,0.0,0.0,0.0,0.0,4.164157431815256,0.0,0.0,1.5749999999999998e-09
2518.0,0.9274029463740919,0.391019613,0.674960617,0.08502485186117333,0.8423780945129186,0.0,0.0,0.0,0.0,0.0,0.0,0.0,0.0,0.0,4.008360879611383,0.0,0.0,1.5749999999999998e-09
2519.0,0.9200157104990057,0.241057588,0.652118102,0.052416515766209794,0.8675991947327958,0.0,0.0,0.0,0.0,0.0,0.0,0.0,0.0,0.0,3.818977493493988,0.0,0.0,1.5749999999999998e-09
2520.0,0.9154587645544074,0.112123856,0.635819032,0.0243806549072093,0.8910781096471981,0.0,0.0,0.0,0.0,0.0,0.0,0.0,0.0,0.0,3.6783620640931707,0.0,0.0,1.5749999999999998e-09
2521.0,0.9230062053689665,0.032645572,0.632764459,0.007098582349687067,0.9159076230192795,0.0,0.0,0.0,0.0,0.0,0.0,0.0,0.0,0.0,3.631580253168879,0.0,0.0,1.5749999999999998e-09
2522.0,0.92216512868679,0.002633264,0.607660022,0.0005725873436209471,0.921592541343169,0.0,0.0,0.0,0.0,0.0,0.0,0.0,0.0,0.0,3.445477295759091,0.0,0.0,1.5749999999999998e-09
2523.0,0.8918885869613984,1.01e-08,0.564352162,2.196183964301173e-09,0.8918885847652145,0.0,0.0,0.0,0.0,0.0,0.0,0.0,0.0,0.0,3.163940686447971,0.0,0.0,1.5749999999999998e-09
2524.0,0.8523468487373039,0.0,0.51620202,0.0,0.8523468487373039,0.0,0.0,0.0,0.0,0.0,0.0,0.0,0.0,0.0,2.8574418320675976,0.0,0.0,1.5749999999999998e-09
2525.0,0.8099369944303447,0.0,0.47201106,0.0,0.8099369944303447,0.0,0.0,0.0,0.0,0.0,0.0,0.0,0.0,0.0,2.5822645463592924,0.0,0.0,1.5749999999999998e-09
2526.0,0.7735237066906547,0.0,0.425262468,0.0,0.7735237066906547,0.0,0.0,0.0,0.0,0.0,0.0,0.0,0.0,0.0,2.2827097620539205,0.0,0.0,1.5749999999999998e-09
2527.0,0.7463800641147639,0.0,0.383019095,0.0,0.7463800641147639,0.0,0.0,0.0,0.0,0.0,0.0,0.0,0.0,0.0,2.0062629866875885,0.0,0.0,1.5749999999999998e-09
2528.0,0.7297209572434432,0.0,0.345811273,0.0,0.7297209572434432,0.0,0.0,0.0,0.0,0.0,0.0,0.0,0.0,0.0,1.7555206663172964,0.0,0.0,1.5749999999999998e-09
2529.0,0.724843601419899,2.82e-06,0.30884767,6.131919583494365e-07,0.7248429882279407,0.0,0.0,0.0,0.0,0.0,0.0,0.0,0.0,0.0,1.4947523366004427,0.0,0.0,1.5749999999999998e-09
2530.0,0.729972390315092,0.001673041,0.282176134,0.00036379265503152467,0.7296085976600605,0.0,0.0,0.0,0.0,0.0,0.0,0.0,0.0,0.0,1.2983064188415938,0.0,0.0,1.5749999999999998e-09
2531.0,0.7451451500813987,0.015303406,0.259766607,0.003327633154098056,0.7418175169273007,0.0,0.0,0.0,0.0,0.0,0.0,0.0,0.0,0.0,1.125046968220772,0.0,0.0,1.5749999999999998e-09
2532.0,0.7627387865995819,0.065215012,0.228515568,0.014180610256050356,0.7485581763435315,0.0,0.0,0.0,0.0,0.0,0.0,0.0,0.0,0.0,0.8937144896063282,0.0,0.0,1.5749999999999998e-09
2533.0,0.794971166085854,0.173323479,0.206954611,0.0376881430907615,0.7572830229950925,0.0,0.0,0.0,0.0,0.0,0.0,0.0,0.0,0.0,0.7300375290015493,0.0,0.0,1.5749999999999998e-09
2534.0,0.8221971354640295,0.328881145,0.226378074,0.07151321750594149,0.750683917958088,0.0,0.0,0.0,0.0,0.0,0.0,0.0,0.0,0.0,0.8762272214202786,0.0,0.0,1.5749999999999998e-09
2535.0,0.843266333335463,0.482818525,0.248779383,0.10498597052203418,0.7382803628134288,0.0,0.0,0.0,0.0,0.0,0.0,0.0,0.0,0.0,1.0496222476239099,0.0,0.0,1.5749999999999998e-09
2536.0,0.8523134732498729,0.605410775,0.248259557,0.1316429144425887,0.7206705588072841,0.0,0.0,0.0,0.0,0.0,0.0,0.0,0.0,0.0,1.0634962184948253,0.0,0.0,1.5749999999999998e-09
2537.0,0.8573821846678106,0.684330773,0.252596751,0.14880359108321053,0.7085785935846,0.0,0.0,0.0,0.0,0.0,0.0,0.0,0.0,0.0,1.1067582926753456,0.0,0.0,1.5749999999999998e-09
2538.0,0.842233901058893,0.713677013,0.266320361,0.1551847536278178,0.6870491474310751,0.0,0.0,0.0,0.0,0.0,0.0,0.0,0.0,0.0,1.2269151968108847,0.0,0.0,1.5749999999999998e-09
2539.0,0.8543138116606612,0.688634355,0.282145236,0.14973937898196849,0.7045744326786928,0.0,0.0,0.0,0.0,0.0,0.0,0.0,0.0,0.0,1.3231185291888872,0.0,0.0,1.5749999999999998e-09
2540.0,0.855059210545641,0.616261201,0.293270588,0.13400227400566161,0.7210569365399794,0.0,0.0,0.0,0.0,0.0,0.0,0.0,0.0,0.0,1.3865905844352344,0.0,0.0,1.5749999999999998e-09
2541.0,0.8580741815729911,0.504949385,0.295533056,0.10979819228918211,0.748275989283809,0.0,0.0,0.0,0.0,0.0,0.0,0.0,0.0,0.0,1.3756312088175875,0.0,0.0,1.5749999999999998e-09
2542.0,0.8617299733581576,0.374349601,0.290220338,0.0814000584909646,0.7803299148671929,0.0,0.0,0.0,0.0,0.0,0.0,0.0,0.0,0.0,1.3053963766567582,0.0,0.0,1.5749999999999998e-09
2543.0,0.8639728455105529,0.237776673,0.281549036,0.05170310062648354,0.8122697448840693,0.0,0.0,0.0,0.0,0.0,0.0,0.0,0.0,0.0,1.2111385068781604,0.0,0.0,1.5749999999999998e-09
2544.0,0.8638437912260006,0.117065881,0.264335404,0.025455268378117762,0.8383885228478828,0.0,0.0,0.0,0.0,0.0,0.0,0.0,0.0,0.0,1.0613105323692793,0.0,0.0,1.5749999999999998e-09
2545.0,0.8781665739801642,0.035688778,0.255520621,0.007760309103871732,0.8704062648762925,0.0,0.0,0.0,0.0,0.0,0.0,0.0,0.0,0.0,0.9659435957810508,0.0,0.0,1.5749999999999998e-09
2546.0,0.879761949877287,0.00301084,0.260021573,0.0006546889630768856,0.8791072609142101,0.0,0.0,0.0,0.0,0.0,0.0,0.0,0.0,0.0,0.989589588200184,0.0,0.0,1.5749999999999998e-09
2547.0,0.8537241680501336,3.66e-08,0.256412709,7.958448821130984e-09,0.8537241600916848,0.0,0.0,0.0,0.0,0.0,0.0,0.0,0.0,0.0,0.9890368687448957,0.0,0.0,1.5749999999999998e-09
2548.0,0.8235388534569931,0.0,0.247845855,0.0,0.8235388534569931,0.0,0.0,0.0,0.0,0.0,0.0,0.0,0.0,0.0,0.9576547719833197,0.0,0.0,1.5749999999999998e-09
2549.0,0.7830158591036925,0.0,0.234674197,0.0,0.7830158591036925,0.0,0.0,0.0,0.0,0.0,0.0,0.0,0.0,0.0,0.9035170213906139,0.0,0.0,1.5749999999999998e-09
2550.0,0.7476149791480536,0.0,0.226197381,0.0,0.7476149791480536,0.0,0.0,0.0,0.0,0.0,0.0,0.0,0.0,0.0,0.8779975739789445,0.0,0.0,1.5749999999999998e-09
2551.0,0.7210810066750587,0.0,0.218068296,0.0,0.7210810066750587,0.0,0.0,0.0,0.0,0.0,0.0,0.0,0.0,0.0,0.8461102572088228,0.0,0.0,1.5749999999999998e-09
2552.0,0.7048268623174038,0.0,0.210316759,0.0,0.7048268623174038,0.0,0.0,0.0,0.0,0.0,0.0,0.0,0.0,0.0,0.8066564362597158,0.0,0.0,1.5749999999999998e-09
2553.0,0.6980492955452888,1.32e-06,0.196411793,2.8702602305718306e-07,0.6980490085192658,0.0,0.0,0.0,0.0,0.0,0.0,0.0,0.0,0.0,0.7135034810428543,0.0,0.0,1.5749999999999998e-09
2554.0,0.7006103527441195,0.000503288,0.182861827,0.00010943693416091177,0.7005009158099587,0.0,0.0,0.0,0.0,0.0,0.0,0.0,0.0,0.0,0.6136720429783546,0.0,0.0,1.5749999999999998e-09
2555.0,0.7087763629916165,0.010984983,0.168172228,0.0023886181695763364,0.7063877448220401,0.0,0.0,0.0,0.0,0.0,0.0,0.0,0.0,0.0,0.5022154835421981,0.0,0.0,1.5749999999999998e-09
2556.0,0.7227431345469681,0.060908343,0.145763823,0.013244151107797586,0.7094989834391705,0.0,0.0,0.0,0.0,0.0,0.0,0.0,0.0,0.0,0.3380617770480687,0.0,0.0,1.5749999999999998e-09
2557.0,0.7488587935113853,0.171999373,0.109198287,0.03740022424281745,0.7114585692685678,0.0,0.0,0.0,0.0,0.0,0.0,0.0,0.0,0.0,0.07331668030501014,0.0,0.0,1.5749999999999998e-09
2558.0,0.7767589591348082,0.32709845,0.100128064,0.07112558125126427,0.705633377883544,0.0,0.0,0.0,0.0,0.0,0.0,0.0,0.0,0.0,0.013956906668439698,0.0,0.0,1.5749999999999998e-09
2559.0,0.7966711201101401,0.480772309,0.136734585,0.10454103321840086,0.6921300868917392,0.0,0.0,0.0,0.0,0.0,0.0,0.0,0.0,0.0,0.29054025544352646,0.0,0.0,1.5749999999999998e-09
2560.0,0.8102930056291567,0.607949293,0.161814193,0.13219489984107283,0.6780981057880838,0.0,0.0,0.0,0.0,0.0,0.0,0.0,0.0,0.0,0.48481183707688147,0.0,0.0,1.5749999999999998e-09
2561.0,0.8229291843540217,0.69298801,0.181361239,0.15068605495197834,0.6722431294020434,0.0,0.0,0.0,0.0,0.0,0.0,0.0,0.0,0.0,0.6311455547006504,0.0,0.0,1.5749999999999998e-09
2562.0,0.8322767076550094,0.723075103,0.200698275,0.15722831150435834,0.6750483961506512,0.0,0.0,0.0,0.0,0.0,0.0,0.0,0.0,0.0,0.7673097504758757,0.0,0.0,1.5749999999999998e-09
2563.0,0.8397151206773844,0.69992461,0.216810069,0.15219437670314384,0.6875207439742406,0.0,0.0,0.0,0.0,0.0,0.0,0.0,0.0,0.0,0.8706280208460319,0.0,0.0,1.5749999999999998e-09
2564.0,0.8464570861296333,0.628107538,0.22504363,0.1365781883972564,0.7098788977323768,0.0,0.0,0.0,0.0,0.0,0.0,0.0,0.0,0.0,0.9074419939240453,0.0,0.0,1.5749999999999998e-09
2565.0,0.8571863784084714,0.518245667,0.222973357,0.11268938845880849,0.744496989949663,0.0,0.0,0.0,0.0,0.0,0.0,0.0,0.0,0.0,0.8579454722469598,0.0,0.0,1.5749999999999998e-09
2566.0,0.870859440074852,0.385206342,0.215485005,0.08376079121262511,0.7870986488622269,0.0,0.0,0.0,0.0,0.0,0.0,0.0,0.0,0.0,0.7615272794752631,0.0,0.0,1.5749999999999998e-09
2567.0,0.8818535164202512,0.241264287,0.206972727,0.05246146121464912,0.829392055205602,0.0,0.0,0.0,0.0,0.0,0.0,0.0,0.0,0.0,0.6580586910350325,0.0,0.0,1.5749999999999998e-09
2568.0,0.8901574812822672,0.117683396,0.195137829,0.025589543283139095,0.8645679379991281,0.0,0.0,0.0,0.0,0.0,0.0,0.0,0.0,0.0,0.5378289554129558,0.0,0.0,1.5749999999999998e-09
2569.0,0.9125372464917436,0.03640283,0.189347242,0.007915575396156602,0.904621671095587,0.0,0.0,0.0,0.0,0.0,0.0,0.0,0.0,0.0,0.45616001494513486,0.0,0.0,1.5749999999999998e-09
2570.0,0.9133471725189996,0.003054621,0.201494354,0.000664208876952239,0.9126829636420473,0.0,0.0,0.0,0.0,0.0,0.0,0.0,0.0,0.0,0.5353963633534102,0.0,0.0,1.5749999999999998e-09
2571.0,0.8780486448580888,8.62e-08,0.217526127,1.87436690814615e-08,0.8780486261144197,0.0,0.0,0.0,0.0,0.0,0.0,0.0,0.0,0.0,0.6852462322124219,0.0,0.0,1.5749999999999998e-09
2572.0,0.8323723854522062,0.0,0.225900636,0.0,0.8323723854522062,0.0,0.0,0.0,0.0,0.0,0.0,0.0,0.0,0.0,0.791107550599629,0.0,0.0,1.5749999999999998e-09
2573.0,0.7853432838908077,0.0,0.226012311,0.0,0.7853432838908077,0.0,0.0,0.0,0.0,0.0,0.0,0.0,0.0,0.0,0.8389392268021127,0.0,0.0,1.5749999999999998e-09
2574.0,0.74776628375756,0.0,0.222813301,0.0,0.74776628375756,0.0,0.0,0.0,0.0,0.0,0.0,0.0,0.0,0.0,0.8535259041005491,0.0,0.0,1.5749999999999998e-09
2575.0,0.7220133114894111,0.0,0.218675611,0.0,0.7220133114894111,0.0,0.0,0.0,0.0,0.0,0.0,0.0,0.0,0.0,0.849542542662217,0.0,0.0,1.5749999999999998e-09
2576.0,0.706900628200435,0.0,0.219950824,0.0,0.706900628200435,0.0,0.0,0.0,0.0,0.0,0.0,0.0,0.0,0.0,0.8738197982886188,0.0,0.0,1.5749999999999998e-09
2577.0,0.7096218903387387,5.12e-06,0.219230368,1.1133130591308918e-06,0.7096207770256796,0.0,0.0,0.0,0.0,0.0,0.0,0.0,0.0,0.0,0.8659219488534114,0.0,0.0,1.5749999999999998e-09
2578.0,0.7364896236855916,0.001554242,0.216339944,0.0003379605304003351,0.7361516631551912,0.0,0.0,0.0,0.0,0.0,0.0,0.0,0.0,0.0,0.8186184546703188,0.0,0.0,1.5749999999999998e-09
2579.0,0.7917915394540855,0.019366467,0.208412939,0.004211121214907708,0.7875804182391779,0.0,0.0,0.0,0.0,0.0,0.0,0.0,0.0,0.0,0.7102206985318924,0.0,0.0,1.5749999999999998e-09
2580.0,0.8450797668168035,0.077636041,0.187986682,0.016881487950101824,0.8281982788667016,0.0,0.0,0.0,0.0,0.0,0.0,0.0,0.0,0.0,0.5228054716139153,0.0,0.0,1.5749999999999998e-09
2581.0,0.8749958476783621,0.190220717,0.17327959,0.041362345381512046,0.8336335022968501,0.0,0.0,0.0,0.0,0.0,0.0,0.0,0.0,0.0,0.411674800829345,0.0,0.0,1.5749999999999998e-09
2582.0,0.895700134021017,0.34439733,0.176691957,0.07488711816773658,0.8208130158532804,0.0,0.0,0.0,0.0,0.0,0.0,0.0,0.0,0.0,0.44901894270408116,0.0,0.0,1.5749999999999998e-09
2583.0,0.9160706594898138,0.499073737,0.217344012,0.10852056813893675,0.8075500913508771,0.0,0.0,0.0,0.0,0.0,0.0,0.0,0.0,0.0,0.7544359612382325,0.0,0.0,1.5749999999999998e-09
2584.0,0.9317752112218282,0.624605562,0.248512405,0.1358167048789824,0.7959585063428457,0.0,0.0,0.0,0.0,0.0,0.0,0.0,0.0,0.0,0.9900254134965291,0.0,0.0,1.5749999999999998e-09
2585.0,0.9437104917116215,0.702985714,0.266219509,0.1528599952692684,0.7908504964423531,0.0,0.0,0.0,0.0,0.0,0.0,0.0,0.0,0.0,1.1223890548047317,0.0,0.0,1.5749999999999998e-09
2586.0,0.9574369553578013,0.729729058,0.293585734,0.15867517380833673,0.7987617815494646,0.0,0.0,0.0,0.0,0.0,0.0,0.0,0.0,0.0,1.3111505989541967,0.0,0.0,1.5749999999999998e-09
2587.0,0.969817250346072,0.701206761,0.330287899,0.15247317268987778,0.8173440776561942,0.0,0.0,0.0,0.0,0.0,0.0,0.0,0.0,0.0,1.5563357252958212,0.0,0.0,1.5749999999999998e-09
2588.0,0.9815010987641412,0.622068146,0.369162063,0.13526495910373873,0.8462361396604023,0.0,0.0,0.0,0.0,0.0,0.0,0.0,0.0,0.0,1.8068205893698053,0.0,0.0,1.5749999999999998e-09
2589.0,0.9930937190500346,0.50797229,0.402861119,0.11045550471359854,0.8826382143364362,0.0,0.0,0.0,0.0,0.0,0.0,0.0,0.0,0.0,2.0126034958811965,0.0,0.0,1.5749999999999998e-09
2590.0,1.0010883991955817,0.374172228,0.427108602,0.0813614898040042,0.9197269093915774,0.0,0.0,0.0,0.0,0.0,0.0,0.0,0.0,0.0,2.1497741692249024,0.0,0.0,1.5749999999999998e-09
2591.0,1.000879242941255,0.233865382,0.437263305,0.05085261403500676,0.9500266289062483,0.0,0.0,0.0,0.0,0.0,0.0,0.0,0.0,0.0,2.192453246357202,0.0,0.0,1.5749999999999998e-09
2592.0,0.9961643168896943,0.115079224,0.433529447,0.02502328181911116,0.9711410350705831,0.0,0.0,0.0,0.0,0.0,0.0,0.0,0.0,0.0,2.144504725626379,0.0,0.0,1.5749999999999998e-09
2593.0,1.005638669642724,0.035482579,0.408190942,0.007715472377410848,0.9979231972653131,0.0,0.0,0.0,0.0,0.0,0.0,0.0,0.0,0.0,1.935622348020794,0.0,0.0,1.5749999999999998e-09
2594.0,0.9924840499470634,0.003059107,0.395944609,0.0006651843305427198,0.9918188656165207,0.0,0.0,0.0,0.0,0.0,0.0,0.0,0.0,0.0,1.8537159672264862,0.0,0.0,1.5749999999999998e-09
2595.0,0.9416923526408999,1.89e-07,0.39950687,4.1096907846823936e-08,0.941692311543992,0.0,0.0,0.0,0.0,0.0,0.0,0.0,0.0,0.0,1.9294434198307036,0.0,0.0,1.5749999999999998e-09
2596.0,0.881288347967188,0.0,0.408955618,0.0,0.881288347967188,0.0,0.0,0.0,0.0,0.0,0.0,0.0,0.0,0.0,2.057752693770644,0.0,0.0,1.5749999999999998e-09
2597.0,0.824951774089689,0.0,0.418742208,0.0,0.824951774089689,0.0,0.0,0.0,0.0,0.0,0.0,0.0,0.0,0.0,2.1844225468663807,0.0,0.0,1.5749999999999998e-09
2598.0,0.7817564689129383,0.0,0.429082333,0.0,0.7817564689129383,0.0,0.0,0.0,0.0,0.0,0.0,0.0,0.0,0.0,2.3019292208423234,0.0,0.0,1.5749999999999998e-09
2599.0,0.7463533631248641,0.0,0.441364625,0.0,0.7463533631248641,0.0,0.0,0.0,0.0,0.0,0.0,0.0,0.0,0.0,2.4256014655925826,0.0,0.0,1.5749999999999998e-09
2600.0,0.7260562651283101,0.0,0.455472809,0.0,0.72605626512831,0.0,0.0,0.0,0.0,0.0,0.0,0.0,0.0,0.0,2.547289839256583,0.0,0.0,1.5749999999999998e-09
2601.0,0.7226941832321147,7.2e-06,0.458485626,1.5655964894028166e-06,0.7226926176356252,0.0,0.0,0.0,0.0,0.0,0.0,0.0,0.0,0.0,2.572305696486721,0.0,0.0,1.5749999999999998e-09
2602.0,0.7436632526414056,0.001865249,0.459202384,0.00040558712309196035,0.7432576655183137,0.0,0.0,0.0,0.0,0.0,0.0,0.0,0.0,0.0,2.556891772800091,0.0,0.0,1.5749999999999998e-09
2603.0,0.7965687668154874,0.015771863,0.458937351,0.0034294962977975242,0.79313927051769,0.0,0.0,0.0,0.0,0.0,0.0,0.0,0.0,0.0,2.5051054553328327,0.0,0.0,1.5749999999999998e-09
2604.0,0.848079162016731,0.062121607,0.446806422,0.013507968032675201,0.8345711939840558,0.0,0.0,0.0,0.0,0.0,0.0,0.0,0.0,0.0,2.376492193266033,0.0,0.0,1.5749999999999998e-09
2605.0,0.8774189492627493,0.171482304,0.464700781,0.03728779071348703,0.8401311585492622,0.0,0.0,0.0,0.0,0.0,0.0,0.0,0.0,0.0,2.499533605480521,0.0,0.0,1.5749999999999998e-09
2606.0,0.8986550275711117,0.32501844,0.616482009,0.07067329564655278,0.8279817319245589,0.0,0.0,0.0,0.0,0.0,0.0,0.0,0.0,0.0,3.602489072719068,0.0,0.0,1.5749999999999998e-09
2607.0,0.9190389040348207,0.475277595,0.694592943,0.10334624086441857,0.8156926631704021,0.0,0.0,0.0,0.0,0.0,0.0,0.0,0.0,0.0,4.176137933905455,0.0,0.0,1.5749999999999998e-09
2608.0,0.9353798258597059,0.595812091,0.716487299,0.1295557386129655,0.8058240872467405,0.0,0.0,0.0,0.0,0.0,0.0,0.0,0.0,0.0,4.343354662132576,0.0,0.0,1.5749999999999998e-09
2609.0,0.949188617308095,0.673541447,0.7275812,0.14645751734590184,0.8027310999621932,0.0,0.0,0.0,0.0,0.0,0.0,0.0,0.0,0.0,4.426176179645986,0.0,0.0,1.5749999999999998e-09
2610.0,0.9639853393832214,0.703541432,0.745317068,0.15298083279008756,0.811004506593134,0.0,0.0,0.0,0.0,0.0,0.0,0.0,0.0,0.0,4.545365122640585,0.0,0.0,1.5749999999999998e-09
2611.0,0.9790179197024987,0.683098142,0.764033639,0.14853556292122036,0.8304823567812785,0.0,0.0,0.0,0.0,0.0,0.0,0.0,0.0,0.0,4.660397639613114,0.0,0.0,1.5749999999999998e-09
2612.0,0.9891264177158888,0.618403043,0.786071665,0.13446800460511377,0.8546584131107751,0.0,0.0,0.0,0.0,0.0,0.0,0.0,0.0,0.0,4.794602248671336,0.0,0.0,1.5749999999999998e-09
2613.0,0.9998490354971956,0.514680525,0.803390314,0.11191416987555537,0.8879348656216401,0.0,0.0,0.0,0.0,0.0,0.0,0.0,0.0,0.0,4.885789718302877,0.0,0.0,1.5749999999999998e-09
2614.0,1.0055318666830502,0.387127022,0.799164653,0.08417843147168985,0.9213534352113604,0.0,0.0,0.0,0.0,0.0,0.0,0.0,0.0,0.0,4.822002593885109,0.0,0.0,1.5749999999999998e-09
2615.0,1.0037584851865213,0.248671655,0.772297798,0.05407214862249838,0.9496863365640229,0.0,0.0,0.0,0.0,0.0,0.0,0.0,0.0,0.0,4.600585685290812,0.0,0.0,1.5749999999999998e-09
2616.0,1.0002117211935388,0.121006193,0.698924238,0.02631206541066662,0.9738996557828722,0.0,0.0,0.0,0.0,0.0,0.0,0.0,0.0,0.0,4.049058655911822,0.0,0.0,1.5749999999999998e-09
2617.0,1.0090541545186433,0.035341546,0.626195285,0.0076848056038428,1.0013693489148006,0.0,0.0,0.0,0.0,0.0,0.0,0.0,0.0,0.0,3.498907849276712,0.0,0.0,1.5749999999999998e-09
2618.0,0.9964936280985314,0.003249098,0.602436686,0.0007064967253507935,0.9957871313731805,0.0,0.0,0.0,0.0,0.0,0.0,0.0,0.0,0.0,3.333744160705871,0.0,0.0,1.5749999999999998e-09
2619.0,0.9463383008852388,5e-07,0.580146274,1.0872197843075115e-07,0.9463381921632605,0.0,0.0,0.0,0.0,0.0,0.0,0.0,0.0,0.0,3.222998612245871,0.0,0.0,1.5749999999999998e-09
2620.0,0.8866374192791091,0.0,0.566072401,0.0,0.8866374192791091,0.0,0.0,0.0,0.0,0.0,0.0,0.0,0.0,0.0,3.1815546923012628,0.0,0.0,1.5749999999999998e-09
2621.0,0.8319829987659632,0.0,0.550702877,0.0,0.8319829987659632,0.0,0.0,0.0,0.0,0.0,0.0,0.0,0.0,0.0,3.1257529658885215,0.0,0.0,1.5749999999999998e-09
2622.0,0.7887787932592459,0.0,0.539190734,0.0,0.7887787932592459,0.0,0.0,0.0,0.0,0.0,0.0,0.0,0.0,0.0,3.0862228616898886,0.0,0.0,1.5749999999999998e-09
2623.0,0.7539542059192226,0.0,0.533957852,0.0,0.7539542059192226,0.0,0.0,0.0,0.0,0.0,0.0,0.0,0.0,0.0,3.083440299775464,0.0,0.0,1.5749999999999998e-09
2624.0,0.733343372541254,0.0,0.533005118,0.0,0.733343372541254,0.0,0.0,0.0,0.0,0.0,0.0,0.0,0.0,0.0,3.097204120410209,0.0,0.0,1.5749999999999998e-09
2625.0,0.7294539483443717,9.46e-06,0.524924872,2.0570198319098116e-06,0.7294518913245398,0.0,0.0,0.0,0.0,0.0,0.0,0.0,0.0,0.0,3.043025303589502,0.0,0.0,1.5749999999999998e-09
2626.0,0.7476305539755516,0.000924614,0.51832107,0.00020105172672954113,0.747429502248822,0.0,0.0,0.0,0.0,0.0,0.0,0.0,0.0,0.0,2.9775881536462188,0.0,0.0,1.5749999999999998e-09
2627.0,0.7998017954270552,0.011619538,0.508170132,0.002526598319622587,0.7972751971074327,0.0,0.0,0.0,0.0,0.0,0.0,0.0,0.0,0.0,2.8547907200633924,0.0,0.0,1.5749999999999998e-09
2628.0,0.8490982452982382,0.064959512,0.492664558,0.01412505332507224,0.8349731919731659,0.0,0.0,0.0,0.0,0.0,0.0,0.0,0.0,0.0,2.7056588278359577,0.0,0.0,1.5749999999999998e-09
2629.0,0.8762218613817608,0.188954181,0.575416496,0.0410869447821645,0.8351349165995963,0.0,0.0,0.0,0.0,0.0,0.0,0.0,0.0,0.0,3.300210395705107,0.0,0.0,1.5749999999999998e-09
2630.0,0.8949836609584473,0.35406934,0.698261414,0.07699023829294059,0.8179934226655067,0.0,0.0,0.0,0.0,0.0,0.0,0.0,0.0,0.0,4.200201372271609,0.0,0.0,1.5749999999999998e-09
2631.0,0.9159638555302154,0.511164383,0.762631224,0.11114960604618844,0.804814249484027,0.0,0.0,0.0,0.0,0.0,0.0,0.0,0.0,0.0,4.675987012052275,0.0,0.0,1.5749999999999998e-09
2632.0,0.9310654126567898,0.637993003,0.795056651,0.13872772302227232,0.7923376896345175,0.0,0.0,0.0,0.0,0.0,0.0,0.0,0.0,0.0,4.921495364483428,0.0,0.0,1.5749999999999998e-09
2633.0,0.9429650928266416,0.724110842,0.819750804,0.15745352669079413,0.7855115661358474,0.0,0.0,0.0,0.0,0.0,0.0,0.0,0.0,0.0,5.105790939344308,0.0,0.0,1.5749999999999998e-09
2634.0,0.9569051633920937,0.758379324,0.838387325,0.1649050010125113,0.7920001623795825,0.0,0.0,0.0,0.0,0.0,0.0,0.0,0.0,0.0,5.233237414984606,0.0,0.0,1.5749999999999998e-09
2635.0,0.9707384299979473,0.739267501,0.849864643,0.16074925059655462,0.8099891794013928,0.0,0.0,0.0,0.0,0.0,0.0,0.0,0.0,0.0,5.297732430866034,0.0,0.0,1.5749999999999998e-09
2636.0,0.9835437139922518,0.670724245,0.847661245,0.1458449337957437,0.837698780196508,0.0,0.0,0.0,0.0,0.0,0.0,0.0,0.0,0.0,5.254187671270672,0.0,0.0,1.5749999999999998e-09
2637.0,0.9947803230793333,0.558737399,0.828944006,0.12149407088506399,0.8732862521942693,0.0,0.0,0.0,0.0,0.0,0.0,0.0,0.0,0.0,5.084085031397124,0.0,0.0,1.5749999999999998e-09
2638.0,1.0018983252228377,0.418160804,0.780778517,0.09092653982614712,0.9109717853966907,0.0,0.0,0.0,0.0,0.0,0.0,0.0,0.0,0.0,4.700248613512708,0.0,0.0,1.5749999999999998e-09
2639.0,1.000861442281322,0.264476862,0.676831153,0.057508895371593496,0.9433525469097285,0.0,0.0,0.0,0.0,0.0,0.0,0.0,0.0,0.0,3.920829406922088,0.0,0.0,1.5749999999999998e-09
2640.0,0.9969230667695862,0.126095227,0.543033287,0.027418645100229344,0.9695044216693568,0.0,0.0,0.0,0.0,0.0,0.0,0.0,0.0,0.0,2.933112506123524,0.0,0.0,1.5749999999999998e-09
2641.0,1.007305248179579,0.037779562,0.47470887,0.008214937449774452,0.9990903107298046,0.0,0.0,0.0,0.0,0.0,0.0,0.0,0.0,0.0,2.4124995792200363,0.0,0.0,1.5749999999999998e-09
2642.0,0.9944621380328978,0.003573842,0.449623829,0.0007771103456778251,0.99368502768722,0.0,0.0,0.0,0.0,0.0,0.0,0.0,0.0,0.0,2.2376262163957814,0.0,0.0,1.5749999999999998e-09
2643.0,0.9456485288125688,1e-06,0.427693735,2.174439568615023e-07,0.9456483113686118,0.0,0.0,0.0,0.0,0.0,0.0,0.0,0.0,0.0,2.1280579421523855,0.0,0.0,1.5749999999999998e-09
2644.0,0.8847616844879276,0.0,0.407740696,0.0,0.8847616844879276,0.0,0.0,0.0,0.0,0.0,0.0,0.0,0.0,0.0,2.0455480781982245,0.0,0.0,1.5749999999999998e-09
2645.0,0.8301895907770661,0.0,0.395378801,0.0,0.8301895907770661,0.0,0.0,0.0,0.0,0.0,0.0,0.0,0.0,0.0,2.0112789501248343,0.0,0.0,1.5749999999999998e-09
2646.0,0.786798480340901,0.0,0.387333104,0.0,0.786798480340901,0.0,0.0,0.0,0.0,0.0,0.0,0.0,0.0,0.0,1.9968480557966903,0.0,0.0,1.5749999999999998e-09
2647.0,0.7543569436003777,0.0,0.380169838,0.0,0.7543569436003779,0.0,0.0,0.0,0.0,0.0,0.0,0.0,0.0,0.0,1.9778093539972816,0.0,0.0,1.5749999999999998e-09
2648.0,0.7325312216814875,0.0,0.37565885,0.0,0.7325312216814875,0.0,0.0,0.0,0.0,0.0,0.0,0.0,0.0,0.0,1.967215961745238,0.0,0.0,1.5749999999999998e-09
2649.0,0.7304396551385233,1.59e-06,0.368005839,3.457358914097887e-07,0.7304393094026319,0.0,0.0,0.0,0.0,0.0,0.0,0.0,0.0,0.0,1.9143079854497032,0.0,0.0,1.5749999999999998e-09
2650.0,0.7529306739726191,0.00076168,0.362451928,0.0001656227130622691,0.7527650512595568,0.0,0.0,0.0,0.0,0.0,0.0,0.0,0.0,0.0,1.852067955458071,0.0,0.0,1.5749999999999998e-09
2651.0,0.8040672563151928,0.017416874,0.355252214,0.0037871939987182213,0.8002800623164746,0.0,0.0,0.0,0.0,0.0,0.0,0.0,0.0,0.0,1.7528107650461933,0.0,0.0,1.5749999999999998e-09
2652.0,0.8543338371531048,0.08555777,0.338364115,0.01860402004904634,0.8357298171040585,0.0,0.0,0.0,0.0,0.0,0.0,0.0,0.0,0.0,1.595991321487317,0.0,0.0,1.5749999999999998e-09
2653.0,0.8823741832234818,0.224560646,0.386362455,0.048829355421615095,0.8335448278018667,0.0,0.0,0.0,0.0,0.0,0.0,0.0,0.0,0.0,1.943125945875061,0.0,0.0,1.5749999999999998e-09
2654.0,0.9059443608164908,0.40038554,0.474589408,0.08706141608772931,0.8188829447287614,0.0,0.0,0.0,0.0,0.0,0.0,0.0,0.0,0.0,2.5918484077527704,0.0,0.0,1.5749999999999998e-09
2655.0,0.9283463763509212,0.568607234,0.561086184,0.12364020686103416,0.804706169489887,0.0,0.0,0.0,0.0,0.0,0.0,0.0,0.0,0.0,3.2276515000117083,0.0,0.0,1.5749999999999998e-09
2656.0,0.9409247034309662,0.704331859,0.59907246,0.15315270636457773,0.7877719970663885,0.0,0.0,0.0,0.0,0.0,0.0,0.0,0.0,0.0,3.5175816144711005,0.0,0.0,1.5749999999999998e-09
2657.0,0.9509441981446908,0.79172934,0.626788905,0.17215676045294567,0.7787874376917451,0.0,0.0,0.0,0.0,0.0,0.0,0.0,0.0,0.0,3.725755928920998,0.0,0.0,1.5749999999999998e-09
2658.0,0.9641855963075062,0.822303033,0.65396908,0.1788048252347345,0.7853807710727717,0.0,0.0,0.0,0.0,0.0,0.0,0.0,0.0,0.0,3.9144983393971855,0.0,0.0,1.5749999999999998e-09
2659.0,0.9751818974854157,0.792777944,0.676010991,0.1723847730558865,0.8027971244295293,0.0,0.0,0.0,0.0,0.0,0.0,0.0,0.0,0.0,4.055490571754813,0.0,0.0,1.5749999999999998e-09
2660.0,0.982718213137498,0.709253214,0.684296102,0.15422282526889786,0.8284953878686001,0.0,0.0,0.0,0.0,0.0,0.0,0.0,0.0,0.0,4.089334909499311,0.0,0.0,1.5749999999999998e-09
2661.0,0.9909643263546938,0.578387978,0.664970568,0.12576697053744354,0.8651973558172502,0.0,0.0,0.0,0.0,0.0,0.0,0.0,0.0,0.0,3.913746140441842,0.0,0.0,1.5749999999999998e-09
2662.0,0.9948671005465635,0.422779021,0.603911569,0.09193074320427218,0.9029363573422913,0.0,0.0,0.0,0.0,0.0,0.0,0.0,0.0,0.0,3.4371944753176202,0.0,0.0,1.5749999999999998e-09
2663.0,0.9894446027623243,0.257445954,0.523761875,0.05598006691574431,0.93346453584658,0.0,0.0,0.0,0.0,0.0,0.0,0.0,0.0,0.0,2.8306545493754265,0.0,0.0,1.5749999999999998e-09
2664.0,0.9856864576825048,0.117163843,0.457871879,0.02547656962301983,0.9602098880594852,0.0,0.0,0.0,0.0,0.0,0.0,0.0,0.0,0.0,2.3303776109454035,0.0,0.0,1.5749999999999998e-09
2665.0,1.1792876660219531,0.031435064,0.43621687,0.006835364700354564,1.1724523013215986,0.0,0.0,0.0,0.0,0.0,0.0,0.0,0.0,0.0,1.9625071602902393,0.0,0.0,1.5749999999999998e-09
2666.0,0.9833189819105026,0.002582088,0.445554288,0.0005614594316846028,0.982757522478818,0.0,0.0,0.0,0.0,0.0,0.0,0.0,0.0,0.0,2.21930715426632,0.0,0.0,1.5749999999999998e-09
2667.0,0.9405353157447984,1.4e-06,0.44176628,3.044215396061032e-07,0.9405350113232589,0.0,0.0,0.0,0.0,0.0,0.0,0.0,0.0,0.0,2.2343063910898677,0.0,0.0,1.5749999999999998e-09
2668.0,0.8850954443618608,0.0,0.419739427,0.0,0.8850954443618608,0.0,0.0,0.0,0.0,0.0,0.0,0.0,0.0,0.0,2.131445589654502,0.0,0.0,1.5749999999999998e-09
2669.0,0.8286476168597425,0.0,0.390929351,0.0,0.8286476168597425,0.0,0.0,0.0,0.0,0.0,0.0,0.0,0.0,0.0,1.9808440649709604,0.0,0.0,1.5749999999999998e-09
2670.0,0.7833273696525966,0.0,0.363625795,0.0,0.7833273696525966,0.0,0.0,0.0,0.0,0.0,0.0,0.0,0.0,0.0,1.8299418661781417,0.0,0.0,1.5749999999999998e-09
2671.0,0.7502939644690351,0.0,0.339327098,0.0,0.7502939644690351,0.0,0.0,0.0,0.0,0.0,0.0,0.0,0.0,0.0,1.688347843346392,0.0,0.0,1.5749999999999998e-09
2672.0,0.7312629311607667,0.0,0.320928075,0.0,0.7312629311607667,0.0,0.0,0.0,0.0,0.0,0.0,0.0,0.0,0.0,1.575150631474084,0.0,0.0,1.5749999999999998e-09
2673.0,0.7268283650031895,6.44e-06,0.305947597,1.400339082188075e-06,0.7268269646641073,0.0,0.0,0.0,0.0,0.0,0.0,0.0,0.0,0.0,1.4719264076494292,0.0,0.0,1.5749999999999998e-09
2674.0,0.7456213152347966,0.001534891,0.295529761,0.00033375277239110814,0.7452875624624056,0.0,0.0,0.0,0.0,0.0,0.0,0.0,0.0,0.0,1.378595955464893,0.0,0.0,1.5749999999999998e-09
2675.0,0.7961170778194786,0.019826339,0.276637799,0.00431111760223752,0.791805960217241,0.0,0.0,0.0,0.0,0.0,0.0,0.0,0.0,0.0,1.1963067081775502,0.0,0.0,1.5749999999999998e-09
2676.0,0.8456894359197747,0.092470472,0.259236288,0.020107145324530756,0.825582290595244,0.0,0.0,0.0,0.0,0.0,0.0,0.0,0.0,0.0,1.0374709513821496,0.0,0.0,1.5749999999999998e-09
2677.0,0.8785759861588508,0.230137048,0.302403492,0.050041910337545494,0.8285340758213053,0.0,0.0,0.0,0.0,0.0,0.0,0.0,0.0,0.0,1.3447488796725058,0.0,0.0,1.5749999999999998e-09
2678.0,0.9059688369738799,0.398412669,0.351131976,0.086632427211112,0.8193364097627678,0.0,0.0,0.0,0.0,0.0,0.0,0.0,0.0,0.0,1.704143506169096,0.0,0.0,1.5749999999999998e-09
2679.0,0.9315682788000873,0.55813411,0.391788428,0.12136288933777299,0.8102053894623144,0.0,0.0,0.0,0.0,0.0,0.0,0.0,0.0,0.0,2.005460220417992,0.0,0.0,1.5749999999999998e-09
2680.0,0.9520834343808592,0.683671941,0.408746596,0.14866033204622353,0.8034231023346357,0.0,0.0,0.0,0.0,0.0,0.0,0.0,0.0,0.0,2.1341157611481805,0.0,0.0,1.5749999999999998e-09
2681.0,0.9654338603358588,0.76114475,0.425414368,0.16550632618435898,0.7999275341514998,0.0,0.0,0.0,0.0,0.0,0.0,0.0,0.0,0.0,2.257397594212335,0.0,0.0,1.5749999999999998e-09
2682.0,0.977429219302832,0.783913114,0.44231027,0.17045716934378194,0.80697204995905,0.0,0.0,0.0,0.0,0.0,0.0,0.0,0.0,0.0,2.371778844990488,0.0,0.0,1.5749999999999998e-09
2683.0,0.9845383211163699,0.75327715,0.450921148,0.16379556410935542,0.8207427570070144,0.0,0.0,0.0,0.0,0.0,0.0,0.0,0.0,0.0,2.419891928587497,0.0,0.0,1.5749999999999998e-09
2684.0,0.9904770360388188,0.671914739,0.446332209,0.14610379952172356,0.8443732365170952,0.0,0.0,0.0,0.0,0.0,0.0,0.0,0.0,0.0,2.3632821245116107,0.0,0.0,1.5749999999999998e-09
2685.0,0.9936143858532652,0.550550216,0.425548671,0.11971381741799478,0.8739005684352705,0.0,0.0,0.0,0.0,0.0,0.0,0.0,0.0,0.0,2.184389755200753,0.0,0.0,1.5749999999999998e-09
2686.0,0.8693664174723822,0.405061298,0.39241282,0.08807813140857614,0.7812882860638061,0.0,0.0,0.0,0.0,0.0,0.0,0.0,0.0,0.0,2.038864641347697,0.0,0.0,1.5749999999999998e-09
2687.0,1.1018841191055313,0.249517006,0.352010867,0.05425596508887522,1.047628154016656,0.0,0.0,0.0,0.0,0.0,0.0,0.0,0.0,0.0,1.4821680872241658,0.0,0.0,1.5749999999999998e-09
2688.0,0.9629239802843167,0.115617258,0.331647895,0.025140274060997184,0.9377837062233194,0.0,0.0,0.0,0.0,0.0,0.0,0.0,0.0,0.0,1.4456699789904126,0.0,0.0,1.5749999999999998e-09
2689.0,0.9574770063426883,0.032870152,0.35886529,0.007147415913519024,0.9503295904291692,0.0,0.0,0.0,0.0,0.0,0.0,0.0,0.0,0.0,1.6287273275886418,0.0,0.0,1.5749999999999998e-09
2690.0,0.9463472012152054,0.003478948,0.390015761,0.0007564762188354097,0.94559072499637,0.0,0.0,0.0,0.0,0.0,0.0,0.0,0.0,0.0,1.8573352602473716,0.0,0.0,1.5749999999999998e-09
2691.0,0.9125750726441202,2.22e-06,0.381522899,4.827255842325351e-07,0.912574589918536,0.0,0.0,0.0,0.0,0.0,0.0,0.0,0.0,0.0,1.8293157501813955,0.0,0.0,1.5749999999999998e-09
2692.0,0.8662335173229567,0.0,0.356940481,0.0,0.8662335173229566,0.0,0.0,0.0,0.0,0.0,0.0,0.0,0.0,0.0,1.698990377257806,0.0,0.0,1.5749999999999998e-09
2693.0,0.8172352270057656,0.0,0.326255961,0.0,0.8172352270057655,0.0,0.0,0.0,0.0,0.0,0.0,0.0,0.0,0.0,1.5274682500610723,0.0,0.0,1.5749999999999998e-09
2694.0,0.7771082958360889,0.0,0.296826088,0.0,0.7771082958360889,0.0,0.0,0.0,0.0,0.0,0.0,0.0,0.0,0.0,1.3560915343970426,0.0,0.0,1.5749999999999998e-09
2695.0,0.7444153260239168,0.0,0.272786574,0.0,0.7444153260239168,0.0,0.0,0.0,0.0,0.0,0.0,0.0,0.0,0.0,1.2160197464710505,0.0,0.0,1.5749999999999998e-09
2696.0,0.7214014165540046,0.0,0.255997826,0.0,0.7214014165540047,0.0,0.0,0.0,0.0,0.0,0.0,0.0,0.0,0.0,1.1183779729289396,0.0,0.0,1.5749999999999998e-09
2697.0,0.7115866284295856,3.7e-06,0.238592663,8.045426403875586e-07,0.7115858238869454,0.0,0.0,0.0,0.0,0.0,0.0,0.0,0.0,0.0,1.003107893352864,0.0,0.0,1.5749999999999998e-09
2698.0,0.7123164514871428,0.001438792,0.222869126,0.00031285662558067464,0.7120035948615622,0.0,0.0,0.0,0.0,0.0,0.0,0.0,0.0,0.0,0.8896897904833485,0.0,0.0,1.5749999999999998e-09
2699.0,0.7229144646489181,0.022092285,0.206394366,0.0048038338665120145,0.7181106307824061,0.0,0.0,0.0,0.0,0.0,0.0,0.0,0.0,0.0,0.7651836088811734,0.0,0.0,1.5749999999999998e-09
2700.0,0.7379381446382289,0.094143778,0.191483709,0.02047099560221085,0.717467149036018,0.0,0.0,0.0,0.0,0.0,0.0,0.0,0.0,0.0,0.6586686828360456,0.0,0.0,1.5749999999999998e-09
2701.0,0.7741200247987138,0.220559695,0.178678881,0.04795937280496611,0.7261606519937477,0.0,0.0,0.0,0.0,0.0,0.0,0.0,0.0,0.0,0.5579507318258778,0.0,0.0,1.5749999999999998e-09
2702.0,0.8124090483295102,0.374976565,0.199933274,0.08153638802393431,0.730872660305576,0.0,0.0,0.0,0.0,0.0,0.0,0.0,0.0,0.0,0.7059876541919629,0.0,0.0,1.5749999999999998e-09
2703.0,0.8428724959842743,0.522458042,0.233261225,0.11360534394659297,0.7292671520376812,0.0,0.0,0.0,0.0,0.0,0.0,0.0,0.0,0.0,0.9471111236143305,0.0,0.0,1.5749999999999998e-09
2704.0,0.8634010015600335,0.639854012,0.256702915,0.13913238818298718,0.7242686133770464,0.0,0.0,0.0,0.0,0.0,0.0,0.0,0.0,0.0,1.1205780387081636,0.0,0.0,1.5749999999999998e-09
2705.0,0.8759036763353253,0.716202943,0.28178747,0.15573400184177302,0.7201696744935523,0.0,0.0,0.0,0.0,0.0,0.0,0.0,0.0,0.0,1.3049521307226508,0.0,0.0,1.5749999999999998e-09
2706.0,0.8825655388178753,0.739178623,0.309319915,0.1607299246125567,0.7218356142053186,0.0,0.0,0.0,0.0,0.0,0.0,0.0,0.0,0.0,1.5011535934202815,0.0,0.0,1.5749999999999998e-09
2707.0,0.8888224387867597,0.708922868,0.336717635,0.1541509935275245,0.7346714452592352,0.0,0.0,0.0,0.0,0.0,0.0,0.0,0.0,0.0,1.6852169367164809,0.0,0.0,1.5749999999999998e-09
2708.0,0.896841595089696,0.626873686,0.359309163,0.13630989473619495,0.7605317003535009,0.0,0.0,0.0,0.0,0.0,0.0,0.0,0.0,0.0,1.821715199429811,0.0,0.0,1.5749999999999998e-09
2709.0,0.9065629302494286,0.504632562,0.363567417,0.10972930104243737,0.7968336292069912,0.0,0.0,0.0,0.0,0.0,0.0,0.0,0.0,0.0,1.8160160614937066,0.0,0.0,1.5749999999999998e-09
2710.0,0.91398131777936,0.365014841,0.353979277,0.07937027134021213,0.8346110464391479,0.0,0.0,0.0,0.0,0.0,0.0,0.0,0.0,0.0,1.7093315655136347,0.0,0.0,1.5749999999999998e-09
2711.0,0.9140769955765568,0.217620681,0.341314619,0.04732030197153476,0.8667566936050219,0.0,0.0,0.0,0.0,0.0,0.0,0.0,0.0,0.0,1.5861688299321337,0.0,0.0,1.5749999999999998e-09
2712.0,0.9047250216106236,0.097136231,0.336093895,0.021121686423252926,0.8836033351873708,0.0,0.0,0.0,0.0,0.0,0.0,0.0,0.0,0.0,1.5318024149850733,0.0,0.0,1.5749999999999998e-09
2713.0,0.9054926708205573,0.027613602,0.354572316,0.006004410882078695,0.8994882599384785,0.0,0.0,0.0,0.0,0.0,0.0,0.0,0.0,0.0,1.6487163449632587,0.0,0.0,1.5749999999999998e-09
2714.0,0.9008978997235072,0.002547381,0.370309651,0.0005539126042738106,0.9003439871192334,0.0,0.0,0.0,0.0,0.0,0.0,0.0,0.0,0.0,1.7609601117539433,0.0,0.0,1.5749999999999998e-09
2715.0,0.871513610827656,2.68e-06,0.376521463,5.827498043888262e-07,0.8715130280778516,0.0,0.0,0.0,0.0,0.0,0.0,0.0,0.0,0.0,1.8344334955670996,0.0,0.0,1.5749999999999998e-09
2716.0,0.8320653255682476,0.0,0.380138675,0.0,0.8320653255682476,0.0,0.0,0.0,0.0,0.0,0.0,0.0,0.0,0.0,1.8998770129200309,0.0,0.0,1.5749999999999998e-09
2717.0,0.7896109696114558,0.0,0.369453451,0.0,0.7896109696114558,0.0,0.0,0.0,0.0,0.0,0.0,0.0,0.0,0.0,1.8655398773459198,0.0,0.0,1.5749999999999998e-09
2718.0,0.7516668331169193,0.0,0.354424343,0.0,0.7516668331169193,0.0,0.0,0.0,0.0,0.0,0.0,0.0,0.0,0.0,1.7954743343335948,0.0,0.0,1.5749999999999998e-09
2719.0,0.7221290147790513,0.0,0.34058653,0.0,0.7221290147790513,0.0,0.0,0.0,0.0,0.0,0.0,0.0,0.0,0.0,1.725563952072607,0.0,0.0,1.5749999999999998e-09
2720.0,0.7023748339106819,0.0,0.329148238,0.0,0.7023748339106819,0.0,0.0,0.0,0.0,0.0,0.0,0.0,0.0,0.0,1.663114568163486,0.0,0.0,1.5749999999999998e-09
2721.0,0.6914252592151153,6.82e-06,0.31142254,1.4829677857954458e-06,0.6914237762473295,0.0,0.0,0.0,0.0,0.0,0.0,0.0,0.0,0.0,1.5466763649328843,0.0,0.0,1.5749999999999998e-09
2722.0,0.692146181942706,0.001752964,0.303400186,0.00038117142839576653,0.6917650105143103,0.0,0.0,0.0,0.0,0.0,0.0,0.0,0.0,0.0,1.4886808850226767,0.0,0.0,1.5749999999999998e-09
2723.0,0.6968433073343338,0.024552961,0.301709324,0.005338892992506149,0.6915044143418276,0.0,0.0,0.0,0.0,0.0,0.0,0.0,0.0,0.0,1.4767897644924564,0.0,0.0,1.5749999999999998e-09
2724.0,0.7083402488231058,0.090204179,0.284385961,0.019614353607203233,0.6887258952159024,0.0,0.0,0.0,0.0,0.0,0.0,0.0,0.0,0.0,1.3550704833756113,0.0,0.0,1.5749999999999998e-09
2725.0,0.7330719139771616,0.202724131,0.257586536,0.04408113719594955,0.688990776781212,0.0,0.0,0.0,0.0,0.0,0.0,0.0,0.0,0.0,1.1622061937005077,0.0,0.0,1.5749999999999998e-09
2726.0,0.7643541879891483,0.344767102,0.298702192,0.07496752285455316,0.6893866651345952,0.0,0.0,0.0,0.0,0.0,0.0,0.0,0.0,0.0,1.4572961603475916,0.0,0.0,1.5749999999999998e-09
2727.0,0.7943436963229498,0.481854965,0.365439842,0.10477645022296071,0.689567246099989,0.0,0.0,0.0,0.0,0.0,0.0,0.0,0.0,0.0,1.9367389999831461,0.0,0.0,1.5749999999999998e-09
2728.0,0.8156042497887767,0.587551324,0.409617368,0.12775948474977455,0.687844765039002,0.0,0.0,0.0,0.0,0.0,0.0,0.0,0.0,0.0,2.255952074941391,0.0,0.0,1.5749999999999998e-09
2729.0,0.8353829068145353,0.653229449,0.44848333,0.14204079612901893,0.6933421106855163,0.0,0.0,0.0,0.0,0.0,0.0,0.0,0.0,0.0,2.5297727100656484,0.0,0.0,1.5749999999999998e-09
2730.0,0.8524225010420571,0.67149666,0.482748431,0.14601289076968288,0.7064096102723743,0.0,0.0,0.0,0.0,0.0,0.0,0.0,0.0,0.0,2.762958186855049,0.0,0.0,1.5749999999999998e-09
2731.0,0.8668253867659196,0.64149215,0.50979025,0.13948859139159236,0.7273367953743272,0.0,0.0,0.0,0.0,0.0,0.0,0.0,0.0,0.0,2.936372422645976,0.0,0.0,1.5749999999999998e-09
2732.0,0.8798976786593709,0.564324628,0.526017693,0.12270898006671535,0.7571886985926555,0.0,0.0,0.0,0.0,0.0,0.0,0.0,0.0,0.0,3.023142272205381,0.0,0.0,1.5749999999999998e-09
2733.0,0.8966858398152437,0.451002409,0.532719152,0.09806774836702961,0.7986180914482142,0.0,0.0,0.0,0.0,0.0,0.0,0.0,0.0,0.0,3.0298742498595272,0.0,0.0,1.5749999999999998e-09
2734.0,0.9133983486663637,0.325010273,0.527360498,0.07067151978175709,0.8427268288846067,0.0,0.0,0.0,0.0,0.0,0.0,0.0,0.0,0.0,2.9472544776279785,0.0,0.0,1.5749999999999998e-09
2735.0,0.9215354340913753,0.196409571,0.513610384,0.04270807428371017,0.878827359807665,0.0,0.0,0.0,0.0,0.0,0.0,0.0,0.0,0.0,2.812336012445429,0.0,0.0,1.5749999999999998e-09
2736.0,0.9219715472599614,0.091936799,0.501258047,0.019991101355740608,0.9019804459042208,0.0,0.0,0.0,0.0,0.0,0.0,0.0,0.0,0.0,2.700410395036253,0.0,0.0,1.5749999999999998e-09
2737.0,0.933428438763771,0.026027216,0.484167844,0.005659460833129002,0.927768977930642,0.0,0.0,0.0,0.0,0.0,0.0,0.0,0.0,0.0,2.55179971356908,0.0,0.0,1.5749999999999998e-09
2738.0,0.9305046948686722,0.002548244,0.473507729,0.000554100258408582,0.9299505946102635,0.0,0.0,0.0,0.0,0.0,0.0,0.0,0.0,0.0,2.4730070561905504,0.0,0.0,1.5749999999999998e-09
2739.0,0.8951861417153177,3.82e-06,0.458403123,8.306359152109388e-07,0.8951853110794026,0.0,0.0,0.0,0.0,0.0,0.0,0.0,0.0,0.0,2.3992200787929914,0.0,0.0,1.5749999999999998e-09
2740.0,0.844777156597866,0.0,0.439726103,0.0,0.844777156597866,0.0,0.0,0.0,0.0,0.0,0.0,0.0,0.0,0.0,2.3154021072567197,0.0,0.0,1.5749999999999998e-09
2741.0,0.7985691062262005,0.0,0.426614621,0.0,0.7985691062262005,0.0,0.0,0.0,0.0,0.0,0.0,0.0,0.0,0.0,2.267381879497709,0.0,0.0,1.5749999999999998e-09
2742.0,0.7577501771514185,0.0,0.41832785,0.0,0.7577501771514185,0.0,0.0,0.0,0.0,0.0,0.0,0.0,0.0,0.0,2.248646277468133,0.0,0.0,1.5749999999999998e-09
2743.0,0.7296809062585561,0.0,0.411999705,0.0,0.7296809062585561,0.0,0.0,0.0,0.0,0.0,0.0,0.0,0.0,0.0,2.231237073302931,0.0,0.0,1.5749999999999998e-09
2744.0,0.714677251761689,0.0,0.405018894,0.0,0.714677251761689,0.0,0.0,0.0,0.0,0.0,0.0,0.0,0.0,0.0,2.196071738475351,0.0,0.0,1.5749999999999998e-09
2745.0,0.7128927451026831,1.73e-05,0.385985431,3.76178045370399e-06,0.7128889833222294,0.0,0.0,0.0,0.0,0.0,0.0,0.0,0.0,0.0,2.061072232248762,0.0,0.0,1.5749999999999998e-09
2746.0,0.7372661732254918,0.002246404,0.360815457,0.0004884669744695063,0.7367777062510223,0.0,0.0,0.0,0.0,0.0,0.0,0.0,0.0,0.0,1.8562944755239492,0.0,0.0,1.5749999999999998e-09
2747.0,0.791920593738638,0.019016909,0.345818969,0.004135111940235115,0.7877854817984028,0.0,0.0,0.0,0.0,0.0,0.0,0.0,0.0,0.0,1.6975114505999263,0.0,0.0,1.5749999999999998e-09
2748.0,0.846886524800688,0.06980187,0.321417749,0.015177994809132192,0.8317085299915558,0.0,0.0,0.0,0.0,0.0,0.0,0.0,0.0,0.0,1.4782241724221055,0.0,0.0,1.5749999999999998e-09
2749.0,0.8829015245242439,0.172859921,0.282632339,0.0375873452050067,0.8453141793192371,0.0,0.0,0.0,0.0,0.0,0.0,0.0,0.0,0.0,1.1858794453233277,0.0,0.0,1.5749999999999998e-09
2750.0,0.9137432347026987,0.307106638,0.320178823,0.066778482545153,0.8469647521575457,0.0,0.0,0.0,0.0,0.0,0.0,0.0,0.0,0.0,1.4540641616751353,0.0,0.0,1.5749999999999998e-09
2751.0,0.9431942755733363,0.444868656,0.368274025,0.0967340008442985,0.8464602747290378,0.0,0.0,0.0,0.0,0.0,0.0,0.0,0.0,0.0,1.8002143922539802,0.0,0.0,1.5749999999999998e-09
2752.0,0.9672050169998772,0.558928637,0.384363606,0.12153565443248628,0.8456693625673909,0.0,0.0,0.0,0.0,0.0,0.0,0.0,0.0,0.0,1.916636284458467,0.0,0.0,1.5749999999999998e-09
2753.0,0.987891502682599,0.636041139,0.400638992,0.1383033019908568,0.8495882006917422,0.0,0.0,0.0,0.0,0.0,0.0,0.0,0.0,0.0,2.0296837510349977,0.0,0.0,1.5749999999999998e-09
2754.0,1.0084133337608268,0.666491853,0.418034076,0.14492462573227474,0.863488708028552,0.0,0.0,0.0,0.0,0.0,0.0,0.0,0.0,0.0,2.1407964811993705,0.0,0.0,1.5749999999999998e-09
2755.0,1.0254173266684825,0.648003195,0.434778646,0.14090437877969567,0.8845129478887869,0.0,0.0,0.0,0.0,0.0,0.0,0.0,0.0,0.0,2.2401104303507657,0.0,0.0,1.5749999999999998e-09
2756.0,1.0379333514387616,0.583564685,0.445997999,0.1268926141910362,0.9110407372477254,0.0,0.0,0.0,0.0,0.0,0.0,0.0,0.0,0.0,2.294212757017632,0.0,0.0,1.5749999999999998e-09
2757.0,1.046344120260376,0.479909764,0.447308452,0.10435347802062976,0.9419906422397464,0.0,0.0,0.0,0.0,0.0,0.0,0.0,0.0,0.0,2.272680683645346,0.0,0.0,1.5749999999999998e-09
2758.0,1.0453695386287014,0.355063255,0.437270318,0.0772063591033246,0.9681631795253768,0.0,0.0,0.0,0.0,0.0,0.0,0.0,0.0,0.0,2.174367096060061,0.0,0.0,1.5749999999999998e-09
2759.0,1.0394419498686542,0.219086334,0.42435461,0.04763899935924069,0.9918029505094135,0.0,0.0,0.0,0.0,0.0,0.0,0.0,0.0,0.0,2.0579060158084213,0.0,0.0,1.5749999999999998e-09
2760.0,1.0359841891753374,0.099640707,0.408883352,0.02166626959455759,1.0143179195807799,0.0,0.0,0.0,0.0,0.0,0.0,0.0,0.0,0.0,1.9242037681475366,0.0,0.0,1.5749999999999998e-09
2761.0,1.0356838047888348,0.029108862,0.399894088,0.0063295461330154235,1.0293542586558195,0.0,0.0,0.0,0.0,0.0,0.0,0.0,0.0,0.0,1.8445642920371808,0.0,0.0,1.5749999999999998e-09
2762.0,1.0228540446371412,0.003766525,0.385707813,0.0008190080996177701,1.0220350365375235,0.0,0.0,0.0,0.0,0.0,0.0,0.0,0.0,0.0,1.7499310219552613,0.0,0.0,1.5749999999999998e-09
2763.0,0.9745544267225867,7.62e-06,0.371847938,1.6569229512846476e-06,0.9745527697996355,0.0,0.0,0.0,0.0,0.0,0.0,0.0,0.0,0.0,1.6978065351349763,0.0,0.0,1.5749999999999998e-09
2764.0,0.9126507249488734,0.0,0.358988359,0.0,0.9126507249488734,0.0,0.0,0.0,0.0,0.0,0.0,0.0,0.0,0.0,1.6672906529615157,0.0,0.0,1.5749999999999998e-09
2765.0,0.8549635327484443,0.0,0.347112164,0.0,0.8549635327484444,0.0,0.0,0.0,0.0,0.0,0.0,0.0,0.0,0.0,1.639627203213601,0.0,0.0,1.5749999999999998e-09
2766.0,0.8099525702577673,0.0,0.333186201,0.0,0.8099525702577673,0.0,0.0,0.0,0.0,0.0,0.0,0.0,0.0,0.0,1.5845564575646862,0.0,0.0,1.5749999999999998e-09
2767.0,0.7735837831679853,0.0,0.319972492,0.0,0.7735837831679853,0.0,0.0,0.0,0.0,0.0,0.0,0.0,0.0,0.0,1.5259622918174185,0.0,0.0,1.5749999999999998e-09
2768.0,0.7527393173783009,0.0,0.302070452,0.0,0.7527393173783009,0.0,0.0,0.0,0.0,0.0,0.0,0.0,0.0,0.0,1.418150179790308,0.0,0.0,1.5749999999999998e-09
2769.0,0.7466648736737683,2.08e-05,0.282097795,4.522834302719248e-06,0.7466603508394656,0.0,0.0,0.0,0.0,0.0,0.0,0.0,0.0,0.0,1.280691666828,0.0,0.0,1.5749999999999998e-09
2770.0,0.7671043759498621,0.002097302,0.265101155,0.0004560456456135426,0.7666483303042486,0.0,0.0,0.0,0.0,0.0,0.0,0.0,0.0,0.0,1.1385539470663546,0.0,0.0,1.5749999999999998e-09
2771.0,0.8192088654265791,0.024210338,0.242541834,0.005264391691674391,0.8139444737349046,0.0,0.0,0.0,0.0,0.0,0.0,0.0,0.0,0.0,0.9291307478515226,0.0,0.0,1.5749999999999998e-09
2772.0,0.8710752718266348,0.097048689,0.213331011,0.02110265094438135,0.8499726208822534,0.0,0.0,0.0,0.0,0.0,0.0,0.0,0.0,0.0,0.6831732003457724,0.0,0.0,1.5749999999999998e-09
2773.0,0.9067943378286338,0.222214911,0.209782496,0.04831928952146657,0.8584750483071673,0.0,0.0,0.0,0.0,0.0,0.0,0.0,0.0,0.0,0.6491686627573489,0.0,0.0,1.5749999999999998e-09
2774.0,0.9182690289924518,0.380395379,0.258250799,0.08271467638159082,0.835554352610861,0.0,0.0,0.0,0.0,0.0,0.0,0.0,0.0,0.0,1.020416476288688,0.0,0.0,1.5749999999999998e-09
2775.0,0.971959994036325,0.533925514,0.312653765,0.11609887643347146,0.8558611176028537,0.0,0.0,0.0,0.0,0.0,0.0,0.0,0.0,0.0,1.3910874673872549,0.0,0.0,1.5749999999999998e-09
2776.0,0.9949160528613418,0.64918367,0.320901622,0.14116106593467176,0.8537549869266701,0.0,0.0,0.0,0.0,0.0,0.0,0.0,0.0,0.0,1.4524684659523657,0.0,0.0,1.5749999999999998e-09
2777.0,1.0140360884693507,0.723712049,0.322495742,0.15736681156290547,0.8566692769064453,0.0,0.0,0.0,0.0,0.0,0.0,0.0,0.0,0.0,1.4610106370144218,0.0,0.0,1.5749999999999998e-09
2778.0,1.0323906996999366,0.747399584,0.335517517,0.16251752290160076,0.8698731767983356,0.0,0.0,0.0,0.0,0.0,0.0,0.0,0.0,0.0,1.5413903180217077,0.0,0.0,1.5749999999999998e-09
2779.0,1.046268467955623,0.719254852,0.359360251,0.15639762101071422,0.8898708469449087,0.0,0.0,0.0,0.0,0.0,0.0,0.0,0.0,0.0,1.6927432069307589,0.0,0.0,1.5749999999999998e-09
2780.0,1.0584818825069644,0.643637164,0.388287335,0.1399550117232757,0.9185268707836888,0.0,0.0,0.0,0.0,0.0,0.0,0.0,0.0,0.0,1.8719774365859354,0.0,0.0,1.5749999999999998e-09
2781.0,1.0699343233458285,0.527997526,0.405997741,0.11480987126652395,0.9551244520793045,0.0,0.0,0.0,0.0,0.0,0.0,0.0,0.0,0.0,1.962659217179022,0.0,0.0,1.5749999999999998e-09
2782.0,1.0726533606516218,0.391560625,0.415324795,0.08514249165116289,0.9875108690004588,0.0,0.0,0.0,0.0,0.0,0.0,0.0,0.0,0.0,1.9973035324399233,0.0,0.0,1.5749999999999998e-09
2783.0,1.061459027381938,0.24328289,0.413428249,0.05290039423830161,1.0085586331436363,0.0,0.0,0.0,0.0,0.0,0.0,0.0,0.0,0.0,1.9626258625411934,0.0,0.0,1.5749999999999998e-09
2784.0,1.0475367584763438,0.11563247,0.417894348,0.02514358181846896,1.0223931766578747,0.0,0.0,0.0,0.0,0.0,0.0,0.0,0.0,0.0,1.9808878294543146,0.0,0.0,1.5749999999999998e-09
2785.0,1.0454518664309107,0.038164954,0.401456286,0.008298738611197221,1.0371531278197135,0.0,0.0,0.0,0.0,0.0,0.0,0.0,0.0,0.0,1.8479924701009907,0.0,0.0,1.5749999999999998e-09
2786.0,1.0284678990156986,0.00475204,0.370975217,0.0010333023807641334,1.0274345966349345,0.0,0.0,0.0,0.0,0.0,0.0,0.0,0.0,0.0,1.6386527249252216,0.0,0.0,1.5749999999999998e-09
2787.0,0.9777429536843218,5.46e-06,0.340255545,1.1872440044638028e-06,0.9777417664403174,0.0,0.0,0.0,0.0,0.0,0.0,0.0,0.0,0.0,1.46757251075314,0.0,0.0,1.5749999999999998e-09
2788.0,0.9148846967713022,0.0,0.310447933,0.0,0.9148846967713022,0.0,0.0,0.0,0.0,0.0,0.0,0.0,0.0,0.0,1.3162112369925336,0.0,0.0,1.5749999999999998e-09
2789.0,0.8594848763732518,0.0,0.29127392,0.0,0.8594848763732519,0.0,0.0,0.0,0.0,0.0,0.0,0.0,0.0,0.0,1.233813192142002,0.0,0.0,1.5749999999999998e-09
2790.0,0.8141512791711185,0.0,0.277450576,0.0,0.8141512791711185,0.0,0.0,0.0,0.0,0.0,0.0,0.0,0.0,0.0,1.1798025730970303,0.0,0.0,1.5749999999999998e-09
2791.0,0.7798762844567357,0.0,0.265944052,0.0,0.7798762844567357,0.0,0.0,0.0,0.0,0.0,0.0,0.0,0.0,0.0,1.1313836401692665,0.0,0.0,1.5749999999999998e-09
2792.0,0.7580194108830004,0.0,0.262263558,0.0,0.7580194108830004,0.0,0.0,0.0,0.0,0.0,0.0,0.0,0.0,0.0,1.1267899101964092,0.0,0.0,1.5749999999999998e-09
2793.0,0.7534602401058915,1.35e-05,0.258943877,2.9354934176302813e-06,0.7534573046124738,0.0,0.0,0.0,0.0,0.0,0.0,0.0,0.0,0.0,1.1074944674443974,0.0,0.0,1.5749999999999998e-09
2794.0,0.7714521646402092,0.001863902,0.261626701,0.0004052942260820679,0.7710468704141271,0.0,0.0,0.0,0.0,0.0,0.0,0.0,0.0,0.0,1.1091855509276733,0.0,0.0,1.5749999999999998e-09
2795.0,0.8166722843851374,0.023218164,0.263415757,0.0050486494512192856,0.8116236349339182,0.0,0.0,0.0,0.0,0.0,0.0,0.0,0.0,0.0,1.0814661938587982,0.0,0.0,1.5749999999999998e-09
2796.0,0.8663937222624296,0.0940812,0.256068677,0.020457388394278374,0.8459363338681513,0.0,0.0,0.0,0.0,0.0,0.0,0.0,0.0,0.0,0.9943522404448405,0.0,0.0,1.5749999999999998e-09
2797.0,0.899576207222987,0.222363258,0.255197866,0.04835154668013511,0.851224660542852,0.0,0.0,0.0,0.0,0.0,0.0,0.0,0.0,0.0,0.9828056569912909,0.0,0.0,1.5749999999999998e-09
2798.0,0.9265151432095723,0.384616216,0.298803242,0.08363247188013825,0.842882671329434,0.0,0.0,0.0,0.0,0.0,0.0,0.0,0.0,0.0,1.304526370114084,0.0,0.0,1.5749999999999998e-09
2799.0,0.9527687557885837,0.537583515,0.360504543,0.1168942866451148,0.8358744691434689,0.0,0.0,0.0,0.0,0.0,0.0,0.0,0.0,0.0,1.75496326721437,0.0,0.0,1.5749999999999998e-09
2800.0,0.9733128371917655,0.659841683,0.369214226,0.1434785864536731,0.8298342507380924,0.0,0.0,0.0,0.0,0.0,0.0,0.0,0.0,0.0,1.8235973580861866,0.0,0.0,1.5749999999999998e-09
2801.0,0.9901566251599483,0.744533432,0.360839009,0.16189429546975428,0.828262329690194,0.0,0.0,0.0,0.0,0.0,0.0,0.0,0.0,0.0,1.7649791132260078,0.0,0.0,1.5749999999999998e-09
2802.0,1.0057254481098787,0.78036178,0.352217527,0.16968495322668514,0.8360404948831937,0.0,0.0,0.0,0.0,0.0,0.0,0.0,0.0,0.0,1.695240949628966,0.0,0.0,1.5749999999999998e-09
2803.0,1.0181235437580824,0.763004546,0.349405292,0.16591072758555417,0.8522128161725282,0.0,0.0,0.0,0.0,0.0,0.0,0.0,0.0,0.0,1.6588579411153477,0.0,0.0,1.5749999999999998e-09
2804.0,1.0259758196240896,0.692796799,0.347311494,0.15064447727554292,0.8753313423485466,0.0,0.0,0.0,0.0,0.0,0.0,0.0,0.0,0.0,1.6206919183791804,0.0,0.0,1.5749999999999998e-09
2805.0,1.0336500898906906,0.577816517,0.345268416,0.12564270979641154,0.9080073800942792,0.0,0.0,0.0,0.0,0.0,0.0,0.0,0.0,0.0,1.5733328934603223,0.0,0.0,1.5749999999999998e-09
2806.0,1.0371812770563258,0.434798898,0.336432301,0.09454439282014075,0.9426368842361851,0.0,0.0,0.0,0.0,0.0,0.0,0.0,0.0,0.0,1.4752008880897496,0.0,0.0,1.5749999999999998e-09
2807.0,1.0338013945001974,0.278568813,0.32106781,0.06057310495693192,0.9732282895432655,0.0,0.0,0.0,0.0,0.0,0.0,0.0,0.0,0.0,1.3341895065142133,0.0,0.0,1.5749999999999998e-09
2808.0,1.0234881898975017,0.140324974,0.318815769,0.03051281759304743,0.9929753723044542,0.0,0.0,0.0,0.0,0.0,0.0,0.0,0.0,0.0,1.2982576823401406,0.0,0.0,1.5749999999999998e-09
2809.0,1.0259402183042234,0.047653429,0.317963678,0.010361950159778664,1.0155782681444447,0.0,0.0,0.0,0.0,0.0,0.0,0.0,0.0,0.0,1.2695310647316538,0.0,0.0,1.5749999999999998e-09
2810.0,1.0085401622129442,0.00590537,0.320352827,0.00128408701953121,1.007256075193413,0.0,0.0,0.0,0.0,0.0,0.0,0.0,0.0,0.0,1.2950233530592135,0.0,0.0,1.5749999999999998e-09
2811.0,0.963133137538568,1.97e-05,0.318595253,4.283645950171596e-06,0.9631288538926178,0.0,0.0,0.0,0.0,0.0,0.0,0.0,0.0,0.0,1.3265194185755411,0.0,0.0,1.5749999999999998e-09
2812.0,0.9051522354491679,0.0,0.305874189,0.0,0.9051522354491679,0.0,0.0,0.0,0.0,0.0,0.0,0.0,0.0,0.0,1.2930735756442857,0.0,0.0,1.5749999999999998e-09
2813.0,0.8499882732952682,0.0,0.290264741,0.0,0.8499882732952682,0.0,0.0,0.0,0.0,0.0,0.0,0.0,0.0,0.0,1.2360571292364115,0.0,0.0,1.5749999999999998e-09
2814.0,0.8048705078449175,0.0,0.275473194,0.0,0.8048705078449174,0.0,0.0,0.0,0.0,0.0,0.0,0.0,0.0,0.0,1.174872494645411,0.0,0.0,1.5749999999999998e-09
2815.0,0.7708892220195811,0.0,0.265357421,0.0,0.7708892220195811,0.0,0.0,0.0,0.0,0.0,0.0,0.0,0.0,0.0,1.1361547620263952,0.0,0.0,1.5749999999999998e-09
2816.0,0.7506744518252363,0.0,0.263161522,0.0,0.7506744518252363,0.0,0.0,0.0,0.0,0.0,0.0,0.0,0.0,0.0,1.1405882664783262,0.0,0.0,1.5749999999999998e-09
2817.0,0.7477039814477943,4.2e-05,0.257471756,9.132646188183098e-06,0.7476948488016061,0.0,0.0,0.0,0.0,0.0,0.0,0.0,0.0,0.0,1.1026772323377925,0.0,0.0,1.5749999999999998e-09
2818.0,0.7683014648307753,0.002749144,0.254394306,0.000597784749342058,0.7677036800814332,0.0,0.0,0.0,0.0,0.0,0.0,0.0,0.0,0.0,1.0605516933865329,0.0,0.0,1.5749999999999998e-09
2819.0,0.8183655639118922,0.02579197,0.250472664,0.0056083080120531625,0.8127572558998389,0.0,0.0,0.0,0.0,0.0,0.0,0.0,0.0,0.0,0.9873144558657394,0.0,0.0,1.5749999999999998e-09
2820.0,0.8711620492938649,0.098462266,0.235147175,0.021410024720589768,0.8497520245732751,0.0,0.0,0.0,0.0,0.0,0.0,0.0,0.0,0.0,0.840180006568814,0.0,0.0,1.5749999999999998e-09
2821.0,0.9043957114017112,0.23692083,0.227374373,0.05151700273811133,0.8528787086635998,0.0,0.0,0.0,0.0,0.0,0.0,0.0,0.0,0.0,0.7811925320117302,0.0,0.0,1.5749999999999998e-09
2822.0,0.9328432448182642,0.409489344,0.237975107,0.08904098325198088,0.8438022615662834,0.0,0.0,0.0,0.0,0.0,0.0,0.0,0.0,0.0,0.8664532664185456,0.0,0.0,1.5749999999999998e-09
2823.0,0.9637494821389953,0.570608432,0.244426846,0.12407535527261748,0.8396741268663778,0.0,0.0,0.0,0.0,0.0,0.0,0.0,0.0,0.0,0.9169481090862106,0.0,0.0,1.5749999999999998e-09
2824.0,0.9824000280910626,0.697714105,0.236166576,0.15171371574928172,0.8306863123417809,0.0,0.0,0.0,0.0,0.0,0.0,0.0,0.0,0.0,0.8665718472238295,0.0,0.0,1.5749999999999998e-09
2825.0,1.0027705535598594,0.779624326,0.226166187,0.16952459831092181,0.8332459552489377,0.0,0.0,0.0,0.0,0.0,0.0,0.0,0.0,0.0,0.7921424159810017,0.0,0.0,1.5749999999999998e-09
2826.0,1.0205088201900179,0.810851352,0.22027491,0.17631472640537885,0.8441940937846389,0.0,0.0,0.0,0.0,0.0,0.0,0.0,0.0,0.0,0.7388554413243448,0.0,0.0,1.5749999999999998e-09
2827.0,1.0351164115032612,0.790322659,0.21672981,0.17185088617026378,0.8632655253329973,0.0,0.0,0.0,0.0,0.0,0.0,0.0,0.0,0.0,0.6943064421904868,0.0,0.0,1.5749999999999998e-09
2828.0,1.0440923477780142,0.719916002,0.212709784,0.15654138408279325,0.8875509636952209,0.0,0.0,0.0,0.0,0.0,0.0,0.0,0.0,0.0,0.641130285904801,0.0,0.0,1.5749999999999998e-09
2829.0,1.0515285359678785,0.60534506,0.204597684,0.13162862511296353,0.9198999108549151,0.0,0.0,0.0,0.0,0.0,0.0,0.0,0.0,0.0,0.5504821155891079,0.0,0.0,1.5749999999999998e-09
2830.0,1.055028572478593,0.460483817,0.195092668,0.10012942323916794,0.9548991492394251,0.0,0.0,0.0,0.0,0.0,0.0,0.0,0.0,0.0,0.4471731856468828,0.0,0.0,1.5749999999999998e-09
2831.0,1.0492389373331403,0.297880426,0.185737197,0.06477229850102993,0.9844666388321105,0.0,0.0,0.0,0.0,0.0,0.0,0.0,0.0,0.0,0.35037073943895886,0.0,0.0,1.5749999999999998e-09
2832.0,1.0376062660623597,0.148450429,0.17764997,0.03227964867954751,1.0053266173828121,0.0,0.0,0.0,0.0,0.0,0.0,0.0,0.0,0.0,0.2713902925032246,0.0,0.0,1.5749999999999998e-09
2833.0,1.0338458961500299,0.046737576,0.185900904,0.010162803459555187,1.0236830926904747,0.0,0.0,0.0,0.0,0.0,0.0,0.0,0.0,0.0,0.3123307985581466,0.0,0.0,1.5749999999999998e-09
2834.0,1.0183171251849112,0.005152207,0.202146894,0.0011203162766495302,1.0171968089082617,0.0,0.0,0.0,0.0,0.0,0.0,0.0,0.0,0.0,0.43557212682947166,0.0,0.0,1.5749999999999998e-09
2835.0,0.9727610197336144,2e-05,0.217302426,4.348879137230047e-06,0.9727566708544771,0.0,0.0,0.0,0.0,0.0,0.0,0.0,0.0,0.0,0.5889305156587501,0.0,0.0,1.5749999999999998e-09
2836.0,0.9155299671941397,0.0,0.222318814,0.0,0.9155299671941396,0.0,0.0,0.0,0.0,0.0,0.0,0.0,0.0,0.0,0.6822084913015676,0.0,0.0,1.5749999999999998e-09
2837.0,0.8639172186982433,0.0,0.219502557,0.0,0.8639172186982433,0.0,0.0,0.0,0.0,0.0,0.0,0.0,0.0,0.0,0.7135816476687126,0.0,0.0,1.5749999999999998e-09
2838.0,0.8181119050078082,0.0,0.21596908,0.0,0.8181119050078083,0.0,0.0,0.0,0.0,0.0,0.0,0.0,0.0,0.0,0.7339929247792742,0.0,0.0,1.5749999999999998e-09
2839.0,0.7838769622782373,0.0,0.213769878,0.0,0.7838769622782373,0.0,0.0,0.0,0.0,0.0,0.0,0.0,0.0,0.0,0.7524228640987395,0.0,0.0,1.5749999999999998e-09
2840.0,0.7643252621667382,0.0,0.213265193,0.0,0.7643252621667382,0.0,0.0,0.0,0.0,0.0,0.0,0.0,0.0,0.0,0.7683475448886712,0.0,0.0,1.5749999999999998e-09
2841.0,0.7602578323704501,2.98e-05,0.208907825,6.479829914472769e-06,0.7602513525405357,0.0,0.0,0.0,0.0,0.0,0.0,0.0,0.0,0.0,0.7411063610859455,0.0,0.0,1.5749999999999998e-09
2842.0,0.7747007690791996,0.002358712,0.203474451,0.0005128876703767078,0.7741878814088229,0.0,0.0,0.0,0.0,0.0,0.0,0.0,0.0,0.0,0.6881218072529757,0.0,0.0,1.5749999999999998e-09
2843.0,0.8264670470171129,0.02503721,0.198795003,0.0054441900111723745,0.8210228570059406,0.0,0.0,0.0,0.0,0.0,0.0,0.0,0.0,0.0,0.6076570461257372,0.0,0.0,1.5749999999999998e-09
2844.0,0.8763019643514596,0.10680508,0.173582708,0.023224119208109302,0.9431957751171538,0.0,0.0,0.09011792997380343,0.0,0.0,0.0,0.0,0.0,0.0,0.30429094591865774,0.0,0.0,1.5749999999999998e-09
2845.0,0.9110019470719514,0.260636856,0.120195575,0.05667390927258159,0.863809451225775,0.0,0.0,0.009481413426405152,0.0,0.08110613697642308,0.0,0.0,0.0,0.0,0.0,0.0,0.0,1.575021454469746e-09
2846.0,0.9395651847780696,0.441197222,0.104914983,0.09593566970798266,0.7539924318394543,0.0,0.0,0.0,0.08963708323063257,0.08963830425672166,0.0,0.0,0.0,0.0,0.0,0.0,0.0,1.7500476769241584e-09
2847.0,0.9692320574004899,0.610541584,0.134580852,0.1327585778534493,0.8364734795470405,0.0,0.0,0.0,0.0,0.0,0.0,0.0,0.0,0.0,0.13071863140727089,0.0,0.0,1.5749999999999998e-09
2848.0,0.9901989019772705,0.746021373,0.137856596,0.16221783924837072,0.8279810627288998,0.0,0.0,0.0,0.0,0.0,0.0,0.0,0.0,0.0,0.16275283524208106,0.0,0.0,1.5749999999999998e-09
2849.0,1.0058278014045317,0.83416663,0.13849816,0.1813844927090248,0.8244433086955069,0.0,0.0,0.0,0.0,0.0,0.0,0.0,0.0,0.0,0.17090131680655177,0.0,0.0,1.5749999999999998e-09
2850.0,1.0197433958125945,0.867965442,0.143817761,0.18873384012752278,0.8310095556850717,0.0,0.0,0.0,0.0,0.0,0.0,0.0,0.0,0.0,0.20256544244551392,0.0,0.0,1.5749999999999998e-09
2851.0,1.028619203625205,0.844289462,0.152576727,0.183585641353749,0.8450335622714561,0.0,0.0,0.0,0.0,0.0,0.0,0.0,0.0,0.0,0.251489490425741,0.0,0.0,1.5749999999999998e-09
2852.0,1.0321081149734426,0.764662161,0.162516971,0.16627116595010713,0.8658369490233354,0.0,0.0,0.0,0.0,0.0,0.0,0.0,0.0,0.0,0.3021236479818806,0.0,0.0,1.5749999999999998e-09
2853.0,1.0318700328967059,0.638419978,0.169776004,0.13882056615575328,0.8930494667409525,0.0,0.0,0.0,0.0,0.0,0.0,0.0,0.0,0.0,0.32707961743327774,0.0,0.0,1.5749999999999998e-09
2854.0,1.0253706001861393,0.4811619,0.173334404,0.10462574742699848,0.9207448527591409,0.0,0.0,0.0,0.0,0.0,0.0,0.0,0.0,0.0,0.3249573821008928,0.0,0.0,1.5749999999999998e-09
2855.0,1.0102734927245858,0.308160767,0.174721833,0.06700769652595547,0.9432657961986304,0.0,0.0,0.0,0.0,0.0,0.0,0.0,0.0,0.0,0.3124074736442197,0.0,0.0,1.5749999999999998e-09
2856.0,0.991384864695782,0.150038262,0.189564839,0.03262491336990278,0.9587599513258791,0.0,0.0,0.0,0.0,0.0,0.0,0.0,0.0,0.0,0.40358553891610693,0.0,0.0,1.5749999999999998e-09
2857.0,0.9883965946583316,0.046289547,0.233611535,0.010065382261006485,0.9783312123973252,0.0,0.0,0.0,0.0,0.0,0.0,0.0,0.0,0.0,0.7005646358762986,0.0,0.0,1.5749999999999998e-09
2858.0,0.9765525413007895,0.005970835,0.285696379,0.0012983219881671482,0.9752542193126225,0.0,0.0,0.0,0.0,0.0,0.0,0.0,0.0,0.0,1.0779597393641513,0.0,0.0,1.5749999999999998e-09
2859.0,0.9409447289234097,2.38e-05,0.318401459,5.175166173303755e-06,0.9409395537572365,0.0,0.0,0.0,0.0,0.0,0.0,0.0,0.0,0.0,1.3473159795124048,0.0,0.0,1.5749999999999998e-09
2860.0,0.8947633785417191,0.0,0.334088712,0.0,0.8947633785417192,0.0,0.0,0.0,0.0,0.0,0.0,0.0,0.0,0.0,1.5062317244264727,0.0,0.0,1.5749999999999998e-09
2861.0,0.8484641000378778,0.0,0.339816429,0.0,0.8484641000378778,0.0,0.0,0.0,0.0,0.0,0.0,0.0,0.0,0.0,1.5936943825185101,0.0,0.0,1.5749999999999998e-09
2862.0,0.8060253189085839,0.0,0.339840495,0.0,0.8060253189085839,0.0,0.0,0.0,0.0,0.0,0.0,0.0,0.0,0.0,1.6363061187524595,0.0,0.0,1.5749999999999998e-09
2863.0,0.7732833987814829,0.0,0.33873294,0.0,0.7732833987814829,0.0,0.0,0.0,0.0,0.0,0.0,0.0,0.0,0.0,1.6610883741685063,0.0,0.0,1.5749999999999998e-09
2864.0,0.752405556504443,0.0,0.333737616,0.0,0.752405556504443,0.0,0.0,0.0,0.0,0.0,0.0,0.0,0.0,0.0,1.6460663250965102,0.0,0.0,1.5749999999999998e-09
2865.0,0.740287819750298,4.02e-05,0.313302425,8.741247065832394e-06,0.7402790785032322,0.0,0.0,0.0,0.0,0.0,0.0,0.0,0.0,0.0,1.5113312308359808,0.0,0.0,1.5749999999999998e-09
2866.0,0.7406304809541226,0.002412755,0.288895863,0.000524638994137374,0.7401058419599853,0.0,0.0,0.0,0.0,0.0,0.0,0.0,0.0,0.0,1.336101846047054,0.0,0.0,1.5749999999999998e-09
2867.0,0.7482914002258115,0.026556042,0.262719672,0.0057744508510602435,0.7425169493747512,0.0,0.0,0.0,0.0,0.0,0.0,0.0,0.0,0.0,1.1455703258559355,0.0,0.0,1.5749999999999998e-09
2868.0,0.7664991565119118,0.111874793,0.218269807,0.024326497662981502,0.7421726588489305,0.0,0.0,0.0,0.0,0.0,0.0,0.0,0.0,0.0,0.8264668039917427,0.0,0.0,1.5749999999999998e-09
2869.0,0.8009098810083031,0.265305256,0.174074121,0.057689024640793826,0.7432208563675092,0.0,0.0,0.0,0.0,0.0,0.0,0.0,0.0,0.0,0.5077975021171452,0.0,0.0,1.5749999999999998e-09
2870.0,0.8380218411506297,0.444384354,0.176578832,0.09662869230110258,0.7413931488495272,0.0,0.0,0.0,0.0,0.0,0.0,0.0,0.0,0.0,0.5276258143528063,0.0,0.0,1.5749999999999998e-09
2871.0,0.8678778445349331,0.611189904,0.230785487,0.13289955111956173,0.7349782934153714,0.0,0.0,0.0,0.0,0.0,0.0,0.0,0.0,0.0,0.923607597756939,0.0,0.0,1.5749999999999998e-09
2872.0,0.8907693762176736,0.740326308,0.247169143,0.16097948178018728,0.7297898944374863,0.0,0.0,0.0,0.0,0.0,0.0,0.0,0.0,0.0,1.046540405365773,0.0,0.0,1.5749999999999998e-09
2873.0,0.9041776538174933,0.821394177,0.250814839,0.1786071999898772,0.7255704538276161,0.0,0.0,0.0,0.0,0.0,0.0,0.0,0.0,0.0,1.076960366761005,0.0,0.0,1.5749999999999998e-09
2874.0,0.9118786250739941,0.85136077,0.252897096,0.1851232545454554,0.7267553705285388,0.0,0.0,0.0,0.0,0.0,0.0,0.0,0.0,0.0,1.0907400049239449,0.0,0.0,1.5749999999999998e-09
2875.0,0.9161730127844666,0.824541313,0.255070794,0.17929152569449847,0.736881487089968,0.0,0.0,0.0,0.0,0.0,0.0,0.0,0.0,0.0,1.0962356021944146,0.0,0.0,1.5749999999999998e-09
2876.0,0.9206721060843202,0.746591499,0.258509862,0.16234180970172032,0.7583302963825999,0.0,0.0,0.0,0.0,0.0,0.0,0.0,0.0,0.0,1.0995023403901834,0.0,0.0,1.5749999999999998e-09
2877.0,0.927988139319674,0.624145537,0.260193115,0.13571667522272718,0.7922714640969469,0.0,0.0,0.0,0.0,0.0,0.0,0.0,0.0,0.0,1.0776582057837867,0.0,0.0,1.5749999999999998e-09
2878.0,0.9313835987031499,0.472491644,0.257373041,0.1027404526553563,0.8286431460477935,0.0,0.0,0.0,0.0,0.0,0.0,0.0,0.0,0.0,1.021019500073072,0.0,0.0,1.5749999999999998e-09
2879.0,0.9285310574477833,0.303871045,0.254801857,0.06607492240043963,0.8624561350473438,0.0,0.0,0.0,0.0,0.0,0.0,0.0,0.0,0.0,0.9687281848952036,0.0,0.0,1.5749999999999998e-09
2880.0,0.9243902001792523,0.148630953,0.272614968,0.03231890253241598,0.8920712976468363,0.0,0.0,0.0,0.0,0.0,0.0,0.0,0.0,0.0,1.067130494133038,0.0,0.0,1.5749999999999998e-09
2881.0,0.9274118467040584,0.047340014,0.308625466,0.010293799962038915,0.9171180467420194,0.0,0.0,0.0,0.0,0.0,0.0,0.0,0.0,0.0,1.300880364761558,0.0,0.0,1.5749999999999998e-09
2882.0,0.9182668041599413,0.00640213,0.332574761,0.0013921044795417296,0.9168746996803996,0.0,0.0,0.0,0.0,0.0,0.0,0.0,0.0,0.0,1.473240092739815,0.0,0.0,1.5749999999999998e-09
2883.0,0.8931279516597092,3.14e-05,0.326356142,6.827740245451172e-06,0.8931211239194636,0.0,0.0,0.0,0.0,0.0,0.0,0.0,0.0,0.0,1.4523023238670387,0.0,0.0,1.5749999999999998e-09
2884.0,0.8571151757687391,0.0,0.307808821,0.0,0.8571151757687392,0.0,0.0,0.0,0.0,0.0,0.0,0.0,0.0,0.0,1.3550142537087007,0.0,0.0,1.5749999999999998e-09
2885.0,0.8135238084082894,0.0,0.28752768,0.0,0.8135238084082894,0.0,0.0,0.0,0.0,0.0,0.0,0.0,0.0,0.0,1.2528511598301026,0.0,0.0,1.5749999999999998e-09
2886.0,0.7741222506311489,0.0,0.266256448,0.0,0.7741222506311489,0.0,0.0,0.0,0.0,0.0,0.0,0.0,0.0,0.0,1.1393827701003056,0.0,0.0,1.5749999999999998e-09
2887.0,0.7450383461218002,0.0,0.247954223,0.0,0.7450383461218002,0.0,0.0,0.0,0.0,0.0,0.0,0.0,0.0,0.0,1.0369340875451085,0.0,0.0,1.5749999999999998e-09
2888.0,0.7262142452352726,0.0,0.23189384,0.0,0.7262142452352726,0.0,0.0,0.0,0.0,0.0,0.0,0.0,0.0,0.0,0.94033704563411,0.0,0.0,1.5749999999999998e-09
2889.0,0.7152980460271371,5.14e-05,0.212627952,1.117661938268122e-05,0.7152868694077544,0.0,0.0,0.0,0.0,0.0,0.0,0.0,0.0,0.0,0.8128062782175258,0.0,0.0,1.5749999999999998e-09
2890.0,0.7103072117464632,0.002165206,0.195071418,0.00047081096006026593,0.7098364007864029,0.0,0.0,0.0,0.0,0.0,0.0,0.0,0.0,0.0,0.692083216740397,0.0,0.0,1.5749999999999998e-09
2891.0,0.7189471633147723,0.025249217,0.176761335,0.0054902896521347114,0.7134568736626374,0.0,0.0,0.0,0.0,0.0,0.0,0.0,0.0,0.0,0.5568736837167452,0.0,0.0,1.5749999999999998e-09
2892.0,0.7317769224665412,0.108961771,0.143892346,0.023693078632876896,0.7080838438336643,0.0,0.0,0.0,0.0,0.0,0.0,0.0,0.0,0.0,0.32602717426204636,0.0,0.0,1.5749999999999998e-09
2893.0,0.7645989465632658,0.258268191,0.106520936,0.05615885738250224,0.731699965671353,0.0,0.0,0.02325987649058954,0.0,0.0,0.0,0.0,0.0,0.0,0.03383396742240613,0.0,0.0,1.5749999999999998e-09
2894.0,0.8066260886815133,0.43277875,0.096231571,0.09410512384557489,0.6915873611495615,0.0,0.0,0.0,0.020933603686376954,0.020933888841530586,0.0,0.0,0.0,0.0,0.0,0.0,0.0,1.7500238382997177e-09
2895.0,0.841951316332399,0.597885812,0.112521189,0.13000665671263228,0.7119446596197666,0.0,0.0,0.0,0.0,0.0,0.0,0.0,0.0,0.0,0.0967112873347008,0.0,0.0,1.5749999999999998e-09
2896.0,0.8683584603532766,0.729602857,0.11898366,0.15864773216353686,0.7097107281897398,0.0,0.0,0.0,0.0,0.0,0.0,0.0,0.0,0.0,0.14538905438906324,0.0,0.0,1.5749999999999998e-09
2897.0,0.8912677916960255,0.814586708,0.126166468,0.17712695699430517,0.7141408347017203,0.0,0.0,0.0,0.0,0.0,0.0,0.0,0.0,0.0,0.1925796288941676,0.0,0.0,1.5749999999999998e-09
2898.0,0.906520654432031,0.846023323,0.138907358,0.18396265895023683,0.7225579954817942,0.0,0.0,0.0,0.0,0.0,0.0,0.0,0.0,0.0,0.2757274129885449,0.0,0.0,1.5749999999999998e-09
2899.0,0.9169473374918564,0.819434182,0.156091424,0.17818101092164843,0.738766326570208,0.0,0.0,0.0,0.0,0.0,0.0,0.0,0.0,0.0,0.3830157964945537,0.0,0.0,1.5749999999999998e-09
2900.0,0.9218803201277104,0.739215516,0.174351818,0.16073794677245717,0.7611423733552531,0.0,0.0,0.0,0.0,0.0,0.0,0.0,0.0,0.0,0.4918717099568506,0.0,0.0,1.5749999999999998e-09
2901.0,0.9374758430676158,0.611782291,0.186382419,0.13302836209283506,0.8044474809747807,0.0,0.0,0.0,0.0,0.0,0.0,0.0,0.0,0.0,0.5350269137732995,0.0,0.0,1.5749999999999998e-09
2902.0,0.9444514409315803,0.457001433,0.19006383,0.09937219988289675,0.8450792410486836,0.0,0.0,0.0,0.0,0.0,0.0,0.0,0.0,0.0,0.5208523474492207,0.0,0.0,1.5749999999999998e-09
2903.0,0.9475554152585957,0.290186076,0.195318759,0.06309920859155263,0.884456206667043,0.0,0.0,0.0,0.0,0.0,0.0,0.0,0.0,0.0,0.5192409762441366,0.0,0.0,1.5749999999999998e-09
2904.0,0.9482941386461193,0.141988487,0.213951471,0.030874538442057984,0.9174196002040614,0.0,0.0,0.0,0.0,0.0,0.0,0.0,0.0,0.0,0.6201852804536279,0.0,0.0,1.5749999999999998e-09
2905.0,0.9569118388895498,0.046899835,0.257672291,0.010198085698551577,0.9467137531909982,0.0,0.0,0.0,0.0,0.0,0.0,0.0,0.0,0.0,0.9050995126867035,0.0,0.0,1.5749999999999998e-09
2906.0,0.9711656438364916,0.006652531,0.303275896,0.0014465526637838068,0.9697190911727077,0.0,0.0,0.0,0.0,0.0,0.0,0.0,0.0,0.0,1.209833569511891,0.0,0.0,1.5749999999999998e-09
2907.0,0.8944451934952836,4.38e-05,0.326369007,9.524045310533802e-06,0.894435669449973,0.0,0.0,0.0,0.0,0.0,0.0,0.0,0.0,0.0,1.45108023522265,0.0,0.0,1.5749999999999998e-09
2908.0,0.8662068163330571,0.0,0.335399833,0.0,0.8662068163330572,0.0,0.0,0.0,0.0,0.0,0.0,0.0,0.0,0.0,1.544210918969982,0.0,0.0,1.5749999999999998e-09
2909.0,0.8191309882893154,0.0,0.33603483,0.0,0.8191309882893154,0.0,0.0,0.0,0.0,0.0,0.0,0.0,0.0,0.0,1.595850279490689,0.0,0.0,1.5749999999999998e-09
2910.0,0.7777446659289597,0.0,0.329560731,0.0,0.7777446659289597,0.0,0.0,0.0,0.0,0.0,0.0,0.0,0.0,0.0,1.5907091992875866,0.0,0.0,1.5749999999999998e-09
2911.0,0.7497532721733611,0.0,0.31898063,0.0,0.7497532721733611,0.0,0.0,0.0,0.0,0.0,0.0,0.0,0.0,0.0,1.542664588899744,0.0,0.0,1.5749999999999998e-09
2912.0,0.7283503134280696,0.0,0.304358827,0.0,0.7283503134280696,0.0,0.0,0.0,0.0,0.0,0.0,0.0,0.0,0.0,1.4589850466847352,0.0,0.0,1.5749999999999998e-09
2913.0,0.727887498269659,7.06e-05,0.284936681,1.5351543354422063e-05,0.7278721467263047,0.0,0.0,0.0,0.0,0.0,0.0,0.0,0.0,0.0,1.3198820908877154,0.0,0.0,1.5749999999999998e-09
2914.0,0.7497710728332941,0.003266811,0.268774158,0.0007103483101586813,0.7490607245231355,0.0,0.0,0.0,0.0,0.0,0.0,0.0,0.0,0.0,1.1825383208298215,0.0,0.0,1.5749999999999998e-09
2915.0,0.8062500519902577,0.03057947,0.250620053,0.006649320955527604,0.7996007310347301,0.0,0.0,0.0,0.0,0.0,0.0,0.0,0.0,0.0,1.0015302211496966,0.0,0.0,1.5749999999999998e-09
2916.0,0.859366948251101,0.119331528,0.199385811,0.02594791962664916,0.8334190286244519,0.0,0.0,0.0,0.0,0.0,0.0,0.0,0.0,0.0,0.5995068339301064,0.0,0.0,1.5749999999999998e-09
2917.0,0.8966457888303567,0.275981279,0.131214204,0.060010461325458245,0.8366353275048984,0.0,0.0,0.0,0.0,0.0,0.0,0.0,0.0,0.0,0.10636169672221557,0.0,0.0,1.5749999999999998e-09
2918.0,0.9249108669824829,0.458646353,0.139664978,0.09972987779641737,0.8251809891860655,0.0,0.0,0.0,0.0,0.0,0.0,0.0,0.0,0.0,0.17854920638594238,0.0,0.0,1.5749999999999998e-09
2919.0,0.9530958421649103,0.626694603,0.211656711,0.13627095422006832,0.8168248879448419,0.0,0.0,0.0,0.0,0.0,0.0,0.0,0.0,0.0,0.7042882426938065,0.0,0.0,1.5749999999999998e-09
2920.0,0.9744387234329465,0.759318026,0.246854732,0.16510911608970508,0.8093296073432413,0.0,0.0,0.0,0.0,0.0,0.0,0.0,0.0,0.0,0.9647411151555343,0.0,0.0,1.5749999999999998e-09
2921.0,0.9858622384494005,0.842687905,0.269450594,0.18323739246252976,0.8026248459868708,0.0,0.0,0.0,0.0,0.0,0.0,0.0,0.0,0.0,1.133835541474141,0.0,0.0,1.5749999999999998e-09
2922.0,0.9970765962116032,0.873569633,0.294990618,0.18995243759357042,0.8071241586180327,0.0,0.0,0.0,0.0,0.0,0.0,0.0,0.0,0.0,1.3128847007042197,0.0,0.0,1.5749999999999998e-09
2923.0,1.0043548042945052,0.843355016,0.319605535,0.18338245171803558,0.8209723525764695,0.0,0.0,0.0,0.0,0.0,0.0,0.0,0.0,0.0,1.4759365128045583,0.0,0.0,1.5749999999999998e-09
2924.0,1.0047731168031582,0.757421401,0.33726758,0.16469670644502266,0.8400764103581355,0.0,0.0,0.0,0.0,0.0,0.0,0.0,0.0,0.0,1.5837642609481517,0.0,0.0,1.5749999999999998e-09
2925.0,1.0047575419756605,0.625128718,0.343521388,0.13593046198967826,0.8688270799859823,0.0,0.0,0.0,0.0,0.0,0.0,0.0,0.0,0.0,1.5999578287146625,0.0,0.0,1.5749999999999998e-09
2926.0,1.00357825375468,0.467360457,0.337410057,0.10162470705068001,0.901953546704,0.0,0.0,0.0,0.0,0.0,0.0,0.0,0.0,0.0,1.5229110639543164,0.0,0.0,1.5749999999999998e-09
2927.0,0.9987209244235042,0.297317998,0.323154006,0.06465000193126022,0.934070922492244,0.0,0.0,0.0,0.0,0.0,0.0,0.0,0.0,0.0,1.3883397368375259,0.0,0.0,1.5749999999999998e-09
2928.0,0.9947180207695674,0.147843426,0.334757926,0.03214765954540071,0.9625703612241666,0.0,0.0,0.0,0.0,0.0,0.0,0.0,0.0,0.0,1.4432341815099448,0.0,0.0,1.5749999999999998e-09
2929.0,0.9994974739634045,0.051330025,0.396807902,0.011161403741799835,0.9883360702216047,0.0,0.0,0.0,0.0,0.0,0.0,0.0,0.0,0.0,1.8634029897951316,0.0,0.0,1.5749999999999998e-09
2930.0,0.9889617621114701,0.008101411,0.442353591,0.0017616028640013003,0.9872001592474687,0.0,0.0,0.0,0.0,0.0,0.0,0.0,0.0,0.0,2.1918620707011875,0.0,0.0,1.5749999999999998e-09
2931.0,0.9447340246581495,6.94e-05,0.449718585,1.5090610606188261e-05,0.9447189340475434,0.0,0.0,0.0,0.0,0.0,0.0,0.0,0.0,0.0,2.287273292911578,0.0,0.0,1.5749999999999998e-09
2932.0,0.8876164505758046,0.0,0.437359542,0.0,0.8876164505758047,0.0,0.0,0.0,0.0,0.0,0.0,0.0,0.0,0.0,2.255555051065386,0.0,0.0,1.5749999999999998e-09
2933.0,0.8337474799325254,0.0,0.420994363,0.0,0.8337474799325254,0.0,0.0,0.0,0.0,0.0,0.0,0.0,0.0,0.0,2.1918124017201457,0.0,0.0,1.5749999999999998e-09
2934.0,0.7928261975630906,0.0,0.404699324,0.0,0.7928261975630906,0.0,0.0,0.0,0.0,0.0,0.0,0.0,0.0,0.0,2.115626139187927,0.0,0.0,1.5749999999999998e-09
2935.0,0.7604892399496553,0.0,0.3930026,0.0,0.7604892399496554,0.0,0.0,0.0,0.0,0.0,0.0,0.0,0.0,0.0,2.0639022589578775,0.0,0.0,1.5749999999999998e-09
2936.0,0.7483715031955104,0.0,0.378010581,0.0,0.7483715031955104,0.0,0.0,0.0,0.0,0.0,0.0,0.0,0.0,0.0,1.9682768636944223,0.0,0.0,1.5749999999999998e-09
2937.0,0.74492264283216,5.84e-05,0.344255775,1.2698727080711735e-05,0.7449099441050794,0.0,0.0,0.0,0.0,0.0,0.0,0.0,0.0,0.0,1.7291527831130724,0.0,0.0,1.5749999999999998e-09
2938.0,0.764696849192973,0.003349756,0.311489555,0.0007283841991605586,0.7639684649938125,0.0,0.0,0.0,0.0,0.0,0.0,0.0,0.0,0.0,1.4746132928380449,0.0,0.0,1.5749999999999998e-09
2939.0,0.8164831536232545,0.032882968,0.27849677,0.007150202675270161,0.8093329509479844,0.0,0.0,0.0,0.0,0.0,0.0,0.0,0.0,0.0,1.192139582977253,0.0,0.0,1.5749999999999998e-09
2940.0,0.8690371072634697,0.121387585,0.212302976,0.02639499679626195,0.8426421104672077,0.0,0.0,0.0,0.0,0.0,0.0,0.0,0.0,0.0,0.6831155323757913,0.0,0.0,1.5749999999999998e-09
2941.0,0.901712275415784,0.274840033,0.18521689,0.059762304279465876,0.8419499711363182,0.0,0.0,0.0,0.0,0.0,0.0,0.0,0.0,0.0,0.4891481171971727,0.0,0.0,1.5749999999999998e-09
2942.0,0.9245726554436793,0.455558465,0.249211746,0.09905843521135221,0.8255142202323271,0.0,0.0,0.0,0.0,0.0,0.0,0.0,0.0,0.0,0.9654956530619041,0.0,0.0,1.5749999999999998e-09
2943.0,0.9472416798771811,0.623282234,0.281350595,0.1355289552024368,0.8117127246747444,0.0,0.0,0.0,0.0,0.0,0.0,0.0,0.0,0.0,1.2102693912974558,0.0,0.0,1.5749999999999998e-09
2944.0,0.9642412231198159,0.7528131,0.285619758,0.16369465924117382,0.8005465638786421,0.0,0.0,0.0,0.0,0.0,0.0,0.0,0.0,0.0,1.252116742713291,0.0,0.0,1.5749999999999998e-09
2945.0,0.9769330276570659,0.830504384,0.289855424,0.18058815944778459,0.7963448682092814,0.0,0.0,0.0,0.0,0.0,0.0,0.0,0.0,0.0,1.2867588961369048,0.0,0.0,1.5749999999999998e-09
2946.0,0.9887993323394867,0.848618528,0.299318661,0.18452697059430362,0.8042723617451831,0.0,0.0,0.0,0.0,0.0,0.0,0.0,0.0,0.0,1.3468408410498764,0.0,0.0,1.5749999999999998e-09
2947.0,0.9995664507707016,0.809114506,0.310570355,0.17593705973867974,0.8236293910320219,0.0,0.0,0.0,0.0,0.0,0.0,0.0,0.0,0.0,1.4083463528299645,0.0,0.0,1.5749999999999998e-09
2948.0,1.006817957863704,0.719495104,0.319378689,0.15644986235623812,0.8503680955074658,0.0,0.0,0.0,0.0,0.0,0.0,0.0,0.0,0.0,1.4449104958907408,0.0,0.0,1.5749999999999998e-09
2949.0,1.0100131593229704,0.590431523,0.320058792,0.1283857666168831,0.8816273927060874,0.0,0.0,0.0,0.0,0.0,0.0,0.0,0.0,0.0,1.4185388944264004,0.0,0.0,1.5749999999999998e-09
2950.0,1.0152554266752933,0.439456275,0.316112886,0.09555711130361651,0.9196983153716769,0.0,0.0,0.0,0.0,0.0,0.0,0.0,0.0,0.0,1.3521099319873129,0.0,0.0,1.5749999999999998e-09
2951.0,1.010102162622636,0.27971828,0.326038594,0.060823049609693626,0.9492791130129425,0.0,0.0,0.0,0.0,0.0,0.0,0.0,0.0,0.0,1.3938622127934635,0.0,0.0,1.5749999999999998e-09
2952.0,1.0022231857667292,0.14089175,0.356500804,0.03063605960914157,0.9715871261575877,0.0,0.0,0.0,0.0,0.0,0.0,0.0,0.0,0.0,1.590476942047815,0.0,0.0,1.5749999999999998e-09
2953.0,1.0038875394710738,0.049958841,0.400890407,0.010863248067254652,0.9930242914038191,0.0,0.0,0.0,0.0,0.0,0.0,0.0,0.0,0.0,1.8880545043201302,0.0,0.0,1.5749999999999998e-09
2954.0,0.9970343203942056,0.008235172,0.435624028,0.001790688385115052,0.9952436320090905,0.0,0.0,0.0,0.0,0.0,0.0,0.0,0.0,0.0,2.13545525243355,0.0,0.0,1.5749999999999998e-09
2955.0,0.9535319553334964,8.02e-05,0.441186745,1.743900534029249e-05,0.9535145163281561,0.0,0.0,0.0,0.0,0.0,0.0,0.0,0.0,0.0,2.217161942322971,0.0,0.0,1.5749999999999998e-09
2956.0,0.8950036864508909,0.0,0.428990869,0.0,0.8950036864508909,0.0,0.0,0.0,0.0,0.0,0.0,0.0,0.0,0.0,2.1880246790422513,0.0,0.0,1.5749999999999998e-09
2957.0,0.8406652261516697,0.0,0.408028065,0.0,0.8406652261516697,0.0,0.0,0.0,0.0,0.0,0.0,0.0,0.0,0.0,2.0917097711172805,0.0,0.0,1.5749999999999998e-09
2958.0,0.7945039012624227,0.0,0.384277476,0.0,0.7945039012624227,0.0,0.0,0.0,0.0,0.0,0.0,0.0,0.0,0.0,1.9671827553552272,0.0,0.0,1.5749999999999998e-09
2959.0,0.7613325414643423,0.0,0.364050323,0.0,0.7613325414643423,0.0,0.0,0.0,0.0,0.0,0.0,0.0,0.0,0.0,1.8549876494345006,0.0,0.0,1.5749999999999998e-09
2960.0,0.741654012900726,0.0,0.340052702,0.0,0.741654012900726,0.0,0.0,0.0,0.0,0.0,0.0,0.0,0.0,0.0,1.7022024926525108,0.0,0.0,1.5749999999999998e-09
2961.0,0.7367076802698846,8.04e-05,0.304856321,1.7482494131664788e-05,0.736690197775753,0.0,0.0,0.0,0.0,0.0,0.0,0.0,0.0,0.0,1.4542205021041614,0.0,0.0,1.5749999999999998e-09
2962.0,0.7559256195075257,0.003712538,0.269623526,0.0008072689527186881,0.755118350554807,0.0,0.0,0.0,0.0,0.0,0.0,0.0,0.0,0.0,1.1825848471845317,0.0,0.0,1.5749999999999998e-09
2963.0,0.8086064015998582,0.031717068,0.240266023,0.006896684765965336,0.8017097168338928,0.0,0.0,0.0,0.0,0.0,0.0,0.0,0.0,0.0,0.9250099354979793,0.0,0.0,1.5749999999999998e-09
2964.0,0.8565255321582115,0.113377219,0.191298014,0.0246531911173131,0.8318723410408984,0.0,0.0,0.0,0.0,0.0,0.0,0.0,0.0,0.0,0.5429289567100434,0.0,0.0,1.5749999999999998e-09
2965.0,0.8855271088653508,0.254035397,0.190033833,0.05523846190656261,0.8302886469587882,0.0,0.0,0.0,0.0,0.0,0.0,0.0,0.0,0.0,0.5354273621210851,0.0,0.0,1.5749999999999998e-09
2966.0,0.9089482066813638,0.420485152,0.242335301,0.09143195525239024,0.8175162514289736,0.0,0.0,0.0,0.0,0.0,0.0,0.0,0.0,0.0,0.9240746795969235,0.0,0.0,1.5749999999999998e-09
2967.0,0.9293543334700267,0.575716174,0.259735212,0.12518600290372517,0.8041683305663015,0.0,0.0,0.0,0.0,0.0,0.0,0.0,0.0,0.0,1.0624705281581595,0.0,0.0,1.5749999999999998e-09
2968.0,0.9444581154291116,0.691102288,0.257248032,0.15027601609875754,0.794182099330354,0.0,0.0,0.0,0.0,0.0,0.0,0.0,0.0,0.0,1.0545821447013473,0.0,0.0,1.5749999999999998e-09
2969.0,0.9529534368854458,0.754050392,0.262481494,0.16396370090944692,0.7889897359759989,0.0,0.0,0.0,0.0,0.0,0.0,0.0,0.0,0.0,1.0973858255957274,0.0,0.0,1.5749999999999998e-09
2970.0,0.9605609551772603,0.757517572,0.278500781,0.164717618247798,0.7958433369294623,0.0,0.0,0.0,0.0,0.0,0.0,0.0,0.0,0.0,1.2056580228465508,0.0,0.0,1.5749999999999998e-09
2971.0,0.9668712571259438,0.708083175,0.299736319,0.15396840735905556,0.8129028497668883,0.0,0.0,0.0,0.0,0.0,0.0,0.0,0.0,0.0,1.3412119354722842,0.0,0.0,1.5749999999999998e-09
2972.0,0.9726119399566185,0.620336251,0.322435507,0.13488836900207007,0.8377235709545484,0.0,0.0,0.0,0.0,0.0,0.0,0.0,0.0,0.0,1.4795234521357323,0.0,0.0,1.5749999999999998e-09
2973.0,0.9803663131929184,0.501303845,0.341888334,0.10900549164668526,0.8713608215462332,0.0,0.0,0.0,0.0,0.0,0.0,0.0,0.0,0.0,1.5856878191631647,0.0,0.0,1.5749999999999998e-09
2974.0,0.989673785509019,0.370787425,0.3571093,0.08062548484648753,0.9090483006625314,0.0,0.0,0.0,0.0,0.0,0.0,0.0,0.0,0.0,1.657388845302457,0.0,0.0,1.5749999999999998e-09
2975.0,0.992561927084327,0.234696234,0.372754451,0.05103327778145306,0.941528649302874,0.0,0.0,0.0,0.0,0.0,0.0,0.0,0.0,0.0,1.7373454919479585,0.0,0.0,1.5749999999999998e-09
2976.0,0.9912758359036732,0.118445194,0.394383015,0.025755191654588276,0.965520644249085,0.0,0.0,0.0,0.0,0.0,0.0,0.0,0.0,0.0,1.8687914821325777,0.0,0.0,1.5749999999999998e-09
2977.0,0.9942084801287386,0.043680249,0.417623352,0.00949800617925568,0.9847104739494829,0.0,0.0,0.0,0.0,0.0,0.0,0.0,0.0,0.0,2.016622965407072,0.0,0.0,1.5749999999999998e-09
2978.0,0.9835058878398752,0.007424293,0.442291463,0.0016143676468191538,0.981891520193056,0.0,0.0,0.0,0.0,0.0,0.0,0.0,0.0,0.0,2.1967242145032935,0.0,0.0,1.5749999999999998e-09
2979.0,0.942600181297863,6.96e-05,0.457897431,1.513409939756056e-05,0.9425850471984655,0.0,0.0,0.0,0.0,0.0,0.0,0.0,0.0,0.0,2.3481860863461947,0.0,0.0,1.5749999999999998e-09
2980.0,0.8834956187997172,0.0,0.451607462,0.0,0.8834956187997172,0.0,0.0,0.0,0.0,0.0,0.0,0.0,0.0,0.0,2.3620713991182476,0.0,0.0,1.5749999999999998e-09
2981.0,0.830788135717485,0.0,0.433319884,0.0,0.830788135717485,0.0,0.0,0.0,0.0,0.0,0.0,0.0,0.0,0.0,2.2833515587201556,0.0,0.0,1.5749999999999998e-09
2982.0,0.7862511125477709,0.0,0.41195454,0.0,0.7862511125477709,0.0,0.0,0.0,0.0,0.0,0.0,0.0,0.0,0.0,2.174342279741143,0.0,0.0,1.5749999999999998e-09
2983.0,0.7531732067143014,0.0,0.389106426,0.0,0.7531732067143014,0.0,0.0,0.0,0.0,0.0,0.0,0.0,0.0,0.0,2.0432176613478767,0.0,0.0,1.5749999999999998e-09
2984.0,0.7349899255856656,0.0,0.36652333,0.0,0.7349899255856656,0.0,0.0,0.0,0.0,0.0,0.0,0.0,0.0,0.0,1.8991030229171695,0.0,0.0,1.5749999999999998e-09
2985.0,0.7307378146925152,0.000106188,0.334926023,2.3089938891209206e-05,0.7307147247536239,0.0,0.0,0.0,0.0,0.0,0.0,0.0,0.0,0.0,1.6762978805678395,0.0,0.0,1.5749999999999998e-09
2986.0,0.7521496737677732,0.003615676,0.303140973,0.0007862068961691693,0.751363466871604,0.0,0.0,0.0,0.0,0.0,0.0,0.0,0.0,0.0,1.427219542787258,0.0,0.0,1.5749999999999998e-09
2987.0,0.8026877131697775,0.03003085,0.275900421,0.006530026851914248,0.7961576863178632,0.0,0.0,0.0,0.0,0.0,0.0,0.0,0.0,0.0,1.1866556681419023,0.0,0.0,1.5749999999999998e-09
2988.0,0.8552327664800261,0.107387735,0.228027158,0.023350814016794442,0.8318819524632317,0.0,0.0,0.0,0.0,0.0,0.0,0.0,0.0,0.0,0.8068806576956955,0.0,0.0,1.5749999999999998e-09
2989.0,0.8853046016161121,0.236583125,0.218881859,0.05144357082665941,0.8338610307894527,0.0,0.0,0.0,0.0,0.0,0.0,0.0,0.0,0.0,0.7391770657134135,0.0,0.0,1.5749999999999998e-09
2990.0,0.9077310923080071,0.3916887,0.311764383,0.08517034078593792,0.8225607515220691,0.0,0.0,0.0,0.0,0.0,0.0,0.0,0.0,0.0,1.4179961124970295,0.0,0.0,1.5749999999999998e-09
2991.0,0.9281817207465026,0.53781651,0.384203827,0.11694494999984371,0.8112367707466589,0.0,0.0,0.0,0.0,0.0,0.0,0.0,0.0,0.0,1.9499205926563836,0.0,0.0,1.5749999999999998e-09
2992.0,0.9428894405218885,0.653527385,0.411740942,0.1421055805117504,0.8007838600101382,0.0,0.0,0.0,0.0,0.0,0.0,0.0,0.0,0.0,2.1582744676878964,0.0,0.0,1.5749999999999998e-09
2993.0,0.9526931034838304,0.72365138,0.434044251,0.1573536194554866,0.7953394840283439,0.0,0.0,0.0,0.0,0.0,0.0,0.0,0.0,0.0,2.3240060182001083,0.0,0.0,1.5749999999999998e-09
2994.0,0.961628989773621,0.74165741,0.456452079,0.16126892186605352,0.8003600679075674,0.0,0.0,0.0,0.0,0.0,0.0,0.0,0.0,0.0,2.4800237554724043,0.0,0.0,1.5749999999999998e-09
2995.0,0.9685378346628741,0.708788578,0.474096241,0.15412179297855755,0.8144160416843167,0.0,0.0,0.0,0.0,0.0,0.0,0.0,0.0,0.0,2.5927710678778517,0.0,0.0,1.5749999999999998e-09
2996.0,0.9766860452503627,0.629766717,0.482989659,0.13693896684415793,0.8397470784062049,0.0,0.0,0.0,0.0,0.0,0.0,0.0,0.0,0.0,2.631354351812955,0.0,0.0,1.5749999999999998e-09
2997.0,0.986576485679535,0.514552657,0.482444985,0.1118863657516794,0.8746901199278556,0.0,0.0,0.0,0.0,0.0,0.0,0.0,0.0,0.0,2.5924969020525896,0.0,0.0,1.5749999999999998e-09
2998.0,0.990379132409187,0.382208599,0.465620875,0.08310895011305124,0.9072701822961358,0.0,0.0,0.0,0.0,0.0,0.0,0.0,0.0,0.0,2.439007020612667,0.0,0.0,1.5749999999999998e-09
2999.0,0.9871572299600209,0.243339961,0.433028884,0.05291280398236366,0.9342444259776572,0.0,0.0,0.0,0.0,0.0,0.0,0.0,0.0,0.0,2.1778039389721324,0.0,0.0,1.5749999999999998e-09
3000.0,0.9790201445350093,0.121321749,0.410816119,0.026380681155918014,0.9526394633790913,0.0,0.0,0.0,0.0,0.0,0.0,0.0,0.0,0.0,1.9997724395390708,0.0,0.0,1.5749999999999998e-09
3001.0,0.9796031136480056,0.043187139,0.411627647,0.009390782389687704,0.9702123312583179,0.0,0.0,0.0,0.0,0.0,0.0,0.0,0.0,0.0,1.9880317793458124,0.0,0.0,1.5749999999999998e-09
3002.0,0.9743786469556159,0.007735787,0.424803932,0.0016821001347177703,0.9726965468208982,0.0,0.0,0.0,0.0,0.0,0.0,0.0,0.0,0.0,2.0802415615867655,0.0,0.0,1.5749999999999998e-09
3003.0,0.9333928374439049,7.84e-05,0.436092959,1.704760621794178e-05,0.933375789837687,0.0,0.0,0.0,0.0,0.0,0.0,0.0,0.0,0.0,2.2006931606807862,0.0,0.0,1.5749999999999998e-09
3004.0,0.8810858672103176,0.0,0.431618396,0.0,0.8810858672103175,0.0,0.0,0.0,0.0,0.0,0.0,0.0,0.0,0.0,2.220825744658167,0.0,0.0,1.5749999999999998e-09
3005.0,0.8304120980263048,0.0,0.426412359,0.0,0.8304120980263048,0.0,0.0,0.0,0.0,0.0,0.0,0.0,0.0,0.0,2.2340852915296603,0.0,0.0,1.5749999999999998e-09
3006.0,0.7895308676416818,0.0,0.41857886,0.0,0.7895308676416818,0.0,0.0,0.0,0.0,0.0,0.0,0.0,0.0,0.0,2.2186695203618747,0.0,0.0,1.5749999999999998e-09
3007.0,0.7566977183824803,0.0,0.412585862,0.0,0.7566977183824803,0.0,0.0,0.0,0.0,0.0,0.0,0.0,0.0,0.0,2.2084327952635787,0.0,0.0,1.5749999999999998e-09
3008.0,0.7392642868037699,0.0,0.399715355,0.0,0.7392642868037699,0.0,0.0,0.0,0.0,0.0,0.0,0.0,0.0,0.0,2.1333697635684326,0.0,0.0,1.5749999999999998e-09
3009.0,0.7350900540478079,0.000135323,0.371662958,2.9425168574369077e-05,0.7350606288792335,0.0,0.0,0.0,0.0,0.0,0.0,0.0,0.0,0.0,1.9359692804242354,0.0,0.0,1.5749999999999998e-09
3010.0,0.7527637935356901,0.00386974,0.344115538,0.00084145157762523,0.7519223419580648,0.0,0.0,0.0,0.0,0.0,0.0,0.0,0.0,0.0,1.7211325441144243,0.0,0.0,1.5749999999999998e-09
3011.0,0.8024896810780032,0.030294634,0.322789322,0.006587385088631001,0.7959022959893722,0.0,0.0,0.0,0.0,0.0,0.0,0.0,0.0,0.0,1.5238874891034653,0.0,0.0,1.5749999999999998e-09
3012.0,0.8472914873143537,0.101020643,0.292282851,0.021966328338613225,0.8253251589757403,0.0,0.0,0.0,0.0,0.0,0.0,0.0,0.0,0.0,1.275223793221668,0.0,0.0,1.5749999999999998e-09
3013.0,0.8756566929286974,0.222868424,0.301633023,0.04846139197404701,0.8271953009546504,0.0,0.0,0.0,0.0,0.0,0.0,0.0,0.0,0.0,1.3405505255385595,0.0,0.0,1.5749999999999998e-09
3014.0,0.8994226777809702,0.375082257,0.40305491,0.08155937011062292,0.8178633076703473,0.0,0.0,0.0,0.0,0.0,0.0,0.0,0.0,0.0,2.0787711201857046,0.0,0.0,1.5749999999999998e-09
3015.0,0.9220182737423046,0.524963826,0.471275997,0.11415021153459322,0.8078680622077113,0.0,0.0,0.0,0.0,0.0,0.0,0.0,0.0,0.0,2.579050801855712,0.0,0.0,1.5749999999999998e-09
3016.0,0.9351951447628437,0.644205035,0.505994201,0.14007849184050258,0.7951166529223412,0.0,0.0,0.0,0.0,0.0,0.0,0.0,0.0,0.0,2.841311502517113,0.0,0.0,1.5749999999999998e-09
3017.0,0.9430296199689179,0.718123393,0.538007645,0.1561515920887277,0.7868780278801902,0.0,0.0,0.0,0.0,0.0,0.0,0.0,0.0,0.0,3.079621122215157,0.0,0.0,1.5749999999999998e-09
3018.0,0.9544219843304512,0.738264442,0.573488776,0.16053114147862907,0.7938908428518221,0.0,0.0,0.0,0.0,0.0,0.0,0.0,0.0,0.0,3.327600525534256,0.0,0.0,1.5749999999999998e-09
3019.0,0.9622609092015463,0.704996552,0.606451643,0.15329723984059587,0.8089636693609504,0.0,0.0,0.0,0.0,0.0,0.0,0.0,0.0,0.0,3.549421911262959,0.0,0.0,1.5749999999999998e-09
3020.0,0.9687692422420794,0.626727609,0.625707467,0.13627813117530851,0.8324911110667709,0.0,0.0,0.0,0.0,0.0,0.0,0.0,0.0,0.0,3.664280285859778,0.0,0.0,1.5749999999999998e-09
3021.0,0.9751284955056166,0.510561691,0.622603916,0.11101855431293968,0.864109941192677,0.0,0.0,0.0,0.0,0.0,0.0,0.0,0.0,0.0,3.6103571680247675,0.0,0.0,1.5749999999999998e-09
3022.0,0.9786708088336533,0.381060953,0.603558398,0.08285940142573496,0.8958114074079183,0.0,0.0,0.0,0.0,0.0,0.0,0.0,0.0,0.0,3.4417812914837667,0.0,0.0,1.5749999999999998e-09
3023.0,0.9715639318526259,0.242494138,0.57595897,0.05272888488243919,0.9188350469701867,0.0,0.0,0.0,0.0,0.0,0.0,0.0,0.0,0.0,3.2204088628348346,0.0,0.0,1.5749999999999998e-09
3024.0,0.9549359756362258,0.121442302,0.567263044,0.026406894677249538,0.9285290809589763,0.0,0.0,0.0,0.0,0.0,0.0,0.0,0.0,0.0,3.1482198238014756,0.0,0.0,1.5749999999999998e-09
3025.0,0.6797747872844019,0.043579601,0.573892758,0.009476120879885485,0.6702986664045164,0.0,0.0,0.0,0.0,0.0,0.0,0.0,0.0,0.0,3.4540959991264444,0.0,0.0,1.5749999999999998e-09
3026.0,0.9418258565904732,0.007755952,0.576371842,0.0016864848921078828,0.9401393716983654,0.0,0.0,0.0,0.0,0.0,0.0,0.0,0.0,0.0,3.202071725008058,0.0,0.0,1.5749999999999998e-09
3027.0,0.9091573629356904,0.000123253,0.574994868,2.6800620015050746e-05,0.9091305623156755,0.0,0.0,0.0,0.0,0.0,0.0,0.0,0.0,0.0,3.2231846363488095,0.0,0.0,1.5749999999999998e-09
3028.0,0.8613561614994125,0.0,0.575286706,0.0,0.8613561614994125,0.0,0.0,0.0,0.0,0.0,0.0,0.0,0.0,0.0,3.273056389106912,0.0,0.0,1.5749999999999998e-09
3029.0,0.8129341647977617,0.0,0.573313943,0.0,0.8129341647977617,0.0,0.0,0.0,0.0,0.0,0.0,0.0,0.0,0.0,3.3073007313946756,0.0,0.0,1.5749999999999998e-09
3030.0,0.7706956405927524,0.0,0.552346137,0.0,0.7706956405927524,0.0,0.0,0.0,0.0,0.0,0.0,0.0,0.0,0.0,3.19884993950574,0.0,0.0,1.5749999999999998e-09
3031.0,0.7392220109863724,0.0,0.521834597,0.0,0.7392220109863724,0.0,0.0,0.0,0.0,0.0,0.0,0.0,0.0,0.0,3.0110463068380855,0.0,0.0,1.5749999999999998e-09
3032.0,0.7154916274539658,0.0,0.489326868,0.0,0.7154916274539658,0.0,0.0,0.0,0.0,0.0,0.0,0.0,0.0,0.0,2.8011534180654496,0.0,0.0,1.5749999999999998e-09
3033.0,0.7069851808351546,0.000137481,0.458127888,2.9894412633276203e-05,0.7069552864225214,0.0,0.0,0.0,0.0,0.0,0.0,0.0,0.0,0.0,2.585472072276027,0.0,0.0,1.5749999999999998e-09
3034.0,0.7096819668160692,0.004179022,0.437782004,0.0009087030794912692,0.708773263736578,0.0,0.0,0.0,0.0,0.0,0.0,0.0,0.0,0.0,2.437434345252023,0.0,0.0,1.5749999999999998e-09
3035.0,0.7187780580453328,0.032706676,0.409558639,0.007111869045227133,0.7116661890001056,0.0,0.0,0.0,0.0,0.0,0.0,0.0,0.0,0.0,2.2317085833188033,0.0,0.0,1.5749999999999998e-09
3036.0,0.7361536379792231,0.107900182,0.370450852,0.02346224252015625,0.7126913954590668,0.0,0.0,0.0,0.0,0.0,0.0,0.0,0.0,0.0,1.949627472537869,0.0,0.0,1.5749999999999998e-09
3037.0,0.7669641965028328,0.238334211,0.378488521,0.05182433389530419,0.7151398626075286,0.0,0.0,0.0,0.0,0.0,0.0,0.0,0.0,0.0,2.0049433153319693,0.0,0.0,1.5749999999999998e-09
3038.0,0.8005316184846123,0.394121215,0.457160373,0.08569927647266289,0.7148323420119495,0.0,0.0,0.0,0.0,0.0,0.0,0.0,0.0,0.0,2.5706417773414514,0.0,0.0,1.5749999999999998e-09
3039.0,0.8267540814086278,0.539471355,0.512819306,0.1173047860446362,0.7094492953639916,0.0,0.0,0.0,0.0,0.0,0.0,0.0,0.0,0.0,2.9760288372032253,0.0,0.0,1.5749999999999998e-09
3040.0,0.8470244784152823,0.651132248,0.522634664,0.14158477244524503,0.7054397059700372,0.0,0.0,0.0,0.0,0.0,0.0,0.0,0.0,0.0,3.050578452780045,0.0,0.0,1.5749999999999998e-09
3041.0,0.8601635232834449,0.720741985,0.521998718,0.15672098909461354,0.7034425341888314,0.0,0.0,0.0,0.0,0.0,0.0,0.0,0.0,0.0,3.0480052719066766,0.0,0.0,1.5749999999999998e-09
3042.0,0.8704211010738307,0.740987446,0.518803458,0.16112324224293878,0.7092978588308921,0.0,0.0,0.0,0.0,0.0,0.0,0.0,0.0,0.0,3.019186574552071,0.0,0.0,1.5749999999999998e-09
3043.0,0.8819358442224605,0.714377311,0.512219052,0.15533702919592005,0.7265988150265406,0.0,0.0,0.0,0.0,0.0,0.0,0.0,0.0,0.0,2.9545654725564816,0.0,0.0,1.5749999999999998e-09
3044.0,0.8938177237323793,0.640084981,0.497302397,0.13918261099625953,0.7546351127361197,0.0,0.0,0.0,0.0,0.0,0.0,0.0,0.0,0.0,2.8193276612331597,0.0,0.0,1.5749999999999998e-09
3045.0,0.9054526198356703,0.530044345,0.471398636,0.11525493968886324,0.790197680146807,0.0,0.0,0.0,0.0,0.0,0.0,0.0,0.0,0.0,2.597602553528508,0.0,0.0,1.5749999999999998e-09
3046.0,0.9155544423516041,0.399541157,0.444442936,0.08687781010710272,0.8286766322445015,0.0,0.0,0.0,0.0,0.0,0.0,0.0,0.0,0.0,2.3654010918924504,0.0,0.0,1.5749999999999998e-09
3047.0,0.9125572719841871,0.258265158,0.431556285,0.05615819787498108,0.856399074109206,0.0,0.0,0.0,0.0,0.0,0.0,0.0,0.0,0.0,2.2450661646808587,0.0,0.0,1.5749999999999998e-09
3048.0,0.9050031556721719,0.132390614,0.425938406,0.028787538959483803,0.8762156167126881,0.0,0.0,0.0,0.0,0.0,0.0,0.0,0.0,0.0,2.184875615163705,0.0,0.0,1.5749999999999998e-09
3049.0,0.9024487739707973,0.047249522,0.413030588,0.010274123023494605,0.8921746509473026,0.0,0.0,0.0,0.0,0.0,0.0,0.0,0.0,0.0,2.0761519747187354,0.0,0.0,1.5749999999999998e-09
3050.0,0.8983390673571867,0.008387362,0.396418811,0.0018237811809098039,0.896515286176277,0.0,0.0,0.0,0.0,0.0,0.0,0.0,0.0,0.0,1.9524274938344204,0.0,0.0,1.5749999999999998e-09
3051.0,0.8708394145824087,0.000165715,0.387833904,3.603372531130386e-05,0.8708033808570974,0.0,0.0,0.0,0.0,0.0,0.0,0.0,0.0,0.0,1.9164422542753934,0.0,0.0,1.5749999999999998e-09
3052.0,0.8290325538809646,0.0,0.371753063,0.0,0.8290325538809646,0.0,0.0,0.0,0.0,0.0,0.0,0.0,0.0,0.0,1.8426449129603146,0.0,0.0,1.5749999999999998e-09
3053.0,0.78693643495542,0.0,0.349473441,0.0,0.7869364349554201,0.0,0.0,0.0,0.0,0.0,0.0,0.0,0.0,0.0,1.7246240887010733,0.0,0.0,1.5749999999999998e-09
3054.0,0.7500069300775203,0.0,0.328240748,0.0,0.7500069300775203,0.0,0.0,0.0,0.0,0.0,0.0,0.0,0.0,0.0,1.6089606142752395,0.0,0.0,1.5749999999999998e-09
3055.0,0.724389686591455,0.0,0.305170866,0.0,0.724389686591455,0.0,0.0,0.0,0.0,0.0,0.0,0.0,0.0,0.0,1.468781553610645,0.0,0.0,1.5749999999999998e-09
3056.0,0.6963048398711701,0.0,0.284710826,0.0,0.6963048398711701,0.0,0.0,0.0,0.0,0.0,0.0,0.0,0.0,0.0,1.3498262457790058,0.0,0.0,1.5749999999999998e-09
3057.0,0.6857869286791688,0.000137202,0.262362901,2.9833745769311842e-05,0.6857570949333995,0.0,0.0,0.0,0.0,0.0,0.0,0.0,0.0,0.0,1.199766174411685,0.0,0.0,1.5749999999999998e-09
3058.0,0.6849013503471596,0.004581207,0.243308699,0.0009961557772816124,0.683905194569878,0.0,0.0,0.0,0.0,0.0,0.0,0.0,0.0,0.0,1.0646812551529783,0.0,0.0,1.5749999999999998e-09
3059.0,0.6880476014914972,0.03371175,0.223187013,0.007330416312725751,0.6807171851787714,0.0,0.0,0.0,0.0,0.0,0.0,0.0,0.0,0.0,0.9232607584372886,0.0,0.0,1.5749999999999998e-09
3060.0,0.7018474916099952,0.111555361,0.196140813,0.024257039104953318,0.6775904525050418,0.0,0.0,0.0,0.0,0.0,0.0,0.0,0.0,0.0,0.7320145852886321,0.0,0.0,1.5749999999999998e-09
3061.0,0.732994036839898,0.244284081,0.179731689,0.053118097170915736,0.6798759396689823,0.0,0.0,0.0,0.0,0.0,0.0,0.0,0.0,0.0,0.6118016586367095,0.0,0.0,1.5749999999999998e-09
3062.0,0.7712140825634726,0.402008109,0.203829404,0.08741423391137011,0.6837998486521024,0.0,0.0,0.0,0.0,0.0,0.0,0.0,0.0,0.0,0.7810607804760231,0.0,0.0,1.5749999999999998e-09
3063.0,0.8018911371375089,0.552329624,0.228930843,0.12010073893438579,0.6817903982031231,0.0,0.0,0.0,0.0,0.0,0.0,0.0,0.0,0.0,0.9634667242864865,0.0,0.0,1.5749999999999998e-09
3064.0,0.8229736860038546,0.673220605,0.236628292,0.1463877521918945,0.6765859338119601,0.0,0.0,0.0,0.0,0.0,0.0,0.0,0.0,0.0,1.0239904397942434,0.0,0.0,1.5749999999999998e-09
3065.0,0.8388829433252497,0.745758306,0.24463929,0.16216063691897106,0.6767223064062787,0.0,0.0,0.0,0.0,0.0,0.0,0.0,0.0,0.0,1.0814267006862308,0.0,0.0,1.5749999999999998e-09
3066.0,0.8544361904477576,0.766699976,0.257903053,0.16671427650705883,0.6877219139406988,0.0,0.0,0.0,0.0,0.0,0.0,0.0,0.0,0.0,1.1657497690341694,0.0,0.0,1.5749999999999998e-09
3067.0,0.8658263289768559,0.735964438,0.275619646,0.1600310195080718,0.7057953094687841,0.0,0.0,0.0,0.0,0.0,0.0,0.0,0.0,0.0,1.275000199503176,0.0,0.0,1.5749999999999998e-09
3068.0,0.8754742376642706,0.655422582,0.295557027,0.14251767964646248,0.7329565580178081,0.0,0.0,0.0,0.0,0.0,0.0,0.0,0.0,0.0,1.391122912451813,0.0,0.0,1.5749999999999998e-09
3069.0,0.8860833759885228,0.536175256,0.309245615,0.11658806923586898,0.7694953067526538,0.0,0.0,0.0,0.0,0.0,0.0,0.0,0.0,0.0,1.4529599291171134,0.0,0.0,1.5749999999999998e-09
3070.0,0.8953752734771254,0.399891344,0.317254175,0.08695395615402418,0.8084213173231012,0.0,0.0,0.0,0.0,0.0,0.0,0.0,0.0,0.0,1.4715890308601498,0.0,0.0,1.5749999999999998e-09
3071.0,0.8981499365953037,0.254938163,0.325531057,0.055434762917722646,0.8427151736775811,0.0,0.0,0.0,0.0,0.0,0.0,0.0,0.0,0.0,1.496778636340937,0.0,0.0,1.5749999999999998e-09
3072.0,0.8960183190674524,0.130706527,0.328512229,0.028421344418504788,0.8675969746489476,0.0,0.0,0.0,0.0,0.0,0.0,0.0,0.0,0.0,1.4933216220085928,0.0,0.0,1.5749999999999998e-09
3073.0,0.9051789364390674,0.04715368,0.318122019,0.010253282759781086,0.8949256536792862,0.0,0.0,0.0,0.0,0.0,0.0,0.0,0.0,0.0,1.391321628346076,0.0,0.0,1.5749999999999998e-09
3074.0,0.9103121749992814,0.009254472,0.319253154,0.002012329010343981,0.9082998459889374,0.0,0.0,0.0,0.0,0.0,0.0,0.0,0.0,0.0,1.3860765631162881,0.0,0.0,1.5749999999999998e-09
3075.0,0.8824498355282351,0.000195018,0.315491833,4.2405485579216455e-05,0.8824074300426559,0.0,0.0,0.0,0.0,0.0,0.0,0.0,0.0,0.0,1.3849374961740029,0.0,0.0,1.5749999999999998e-09
3076.0,0.8276463352380932,0.0,0.299564646,0.0,0.8276463352380932,0.0,0.0,0.0,0.0,0.0,0.0,0.0,0.0,0.0,1.3252346877771348,0.0,0.0,1.5749999999999998e-09
3077.0,0.7900025821301341,0.0,0.28486605,0.0,0.7900025821301341,0.0,0.0,0.0,0.0,0.0,0.0,0.0,0.0,0.0,1.257244051727678,0.0,0.0,1.5749999999999998e-09
3078.0,0.7514376503702245,0.0,0.272185082,0.0,0.7514376503702245,0.0,0.0,0.0,0.0,0.0,0.0,0.0,0.0,0.0,1.2046746800068515,0.0,0.0,1.5749999999999998e-09
3079.0,0.7243674362665011,0.0,0.2552963,0.0,0.7243674362665011,0.0,0.0,0.0,0.0,0.0,0.0,0.0,0.0,0.0,1.1103702968236797,0.0,0.0,1.5749999999999998e-09
3080.0,0.7005013239520107,0.0,0.241067006,0.0,0.7005013239520107,0.0,0.0,0.0,0.0,0.0,0.0,0.0,0.0,0.0,1.031974752322017,0.0,0.0,1.5749999999999998e-09
3081.0,0.7009619132779861,0.000105348,0.230083725,2.2907285967445544e-05,0.7009390059920186,0.0,0.0,0.0,0.0,0.0,0.0,0.0,0.0,0.0,0.9526035327265001,0.0,0.0,1.5749999999999998e-09
3082.0,0.72470564680538,0.003317007,0.224773195,0.0007212631270173012,0.7239843836783627,0.0,0.0,0.0,0.0,0.0,0.0,0.0,0.0,0.0,0.8913929729607162,0.0,0.0,1.5749999999999998e-09
3083.0,0.7782586572347342,0.029301677,0.216934778,0.006371472589557676,0.7718871846451766,0.0,0.0,0.0,0.0,0.0,0.0,0.0,0.0,0.0,0.7871578262544786,0.0,0.0,1.5749999999999998e-09
3084.0,0.8322255315076453,0.098829401,0.20497745,0.021489856007692112,0.8107356754999533,0.0,0.0,0.0,0.0,0.0,0.0,0.0,0.0,0.0,0.6623756149794071,0.0,0.0,1.5749999999999998e-09
3085.0,0.8676330869607404,0.221972906,0.217814977,0.04826666699668631,0.8193664199640541,0.0,0.0,0.0,0.0,0.0,0.0,0.0,0.0,0.0,0.7460043164472057,0.0,0.0,1.5749999999999998e-09
3086.0,0.8957246091784814,0.372189579,0.286208017,0.0809303747603767,0.8147942344181047,0.0,0.0,0.0,0.0,0.0,0.0,0.0,0.0,0.0,1.2420967127002671,0.0,0.0,1.5749999999999998e-09
3087.0,0.9240319631480051,0.514164051,0.343809215,0.11180186572537927,0.8122300974226258,0.0,0.0,0.0,0.0,0.0,0.0,0.0,0.0,0.0,1.6586233373690837,0.0,0.0,1.5749999999999998e-09
3088.0,0.9486123236925548,0.62727263,0.376831021,0.1363966426981211,0.8122156809944338,0.0,0.0,0.0,0.0,0.0,0.0,0.0,0.0,0.0,1.895955542903439,0.0,0.0,1.5749999999999998e-09
3089.0,0.9672294931572664,0.700583221,0.410130816,0.15233758768501635,0.81489190547225,0.0,0.0,0.0,0.0,0.0,0.0,0.0,0.0,0.0,2.1325949308754217,0.0,0.0,1.5749999999999998e-09
3090.0,0.9854884265906553,0.725916101,0.444120102,0.15784606935091397,0.8276423572397413,0.0,0.0,0.0,0.0,0.0,0.0,0.0,0.0,0.0,2.3641152560247676,0.0,0.0,1.5749999999999998e-09
3091.0,0.9973680812680636,0.704325289,0.477150885,0.15315127775778115,0.8442168035102825,0.0,0.0,0.0,0.0,0.0,0.0,0.0,0.0,0.0,2.584923113859745,0.0,0.0,1.5749999999999998e-09
3092.0,1.0051491544943385,0.635577623,0.505683971,0.13820251323774818,0.8669466412565904,0.0,0.0,0.0,0.0,0.0,0.0,0.0,0.0,0.0,2.767251984468032,0.0,0.0,1.5749999999999998e-09
3093.0,1.010373621186728,0.530307368,0.520626154,0.11531213245072884,0.8950614887359991,0.0,0.0,0.0,0.0,0.0,0.0,0.0,0.0,0.0,2.846522112661356,0.0,0.0,1.5749999999999998e-09
3094.0,1.0142096434038113,0.404116349,0.516945799,0.08787265795898382,0.9263369854448276,0.0,0.0,0.0,0.0,0.0,0.0,0.0,0.0,0.0,2.788797011357133,0.0,0.0,1.5749999999999998e-09
3095.0,1.0121536781807132,0.265905916,0.501401149,0.05781963452792226,0.9543340436527911,0.0,0.0,0.0,0.0,0.0,0.0,0.0,0.0,0.0,2.6490852283267565,0.0,0.0,1.5749999999999998e-09
3096.0,1.0064307950100466,0.140145574,0.478789644,0.03047380814718648,0.9759569868628601,0.0,0.0,0.0,0.0,0.0,0.0,0.0,0.0,0.0,2.464960198617756,0.0,0.0,1.5749999999999998e-09
3097.0,1.0089273250666015,0.053278102,0.456691371,0.01158500131295072,0.9973423237536508,0.0,0.0,0.0,0.0,0.0,0.0,0.0,0.0,0.0,2.2847612192682685,0.0,0.0,1.5749999999999998e-09
3098.0,0.9963356479915689,0.009892925,0.435942536,0.002151156756934078,0.9941844912346349,0.0,0.0,0.0,0.0,0.0,0.0,0.0,0.0,0.0,2.1388034144194017,0.0,0.0,1.5749999999999998e-09
3099.0,0.9496803572889909,0.000170193,0.422838928,3.700743935012966e-05,0.9496433498496408,0.0,0.0,0.0,0.0,0.0,0.0,0.0,0.0,0.0,2.0891728657437785,0.0,0.0,1.5749999999999998e-09
3100.0,0.8889781940612117,0.0,0.410830765,0.0,0.8889781940612117,0.0,0.0,0.0,0.0,0.0,0.0,0.0,0.0,0.0,2.0635389652544736,0.0,0.0,1.5749999999999998e-09
3101.0,0.8370895363362774,0.0,0.398268118,0.0,0.8370895363362774,0.0,0.0,0.0,0.0,0.0,0.0,0.0,0.0,0.0,2.0251436569431114,0.0,0.0,1.5749999999999998e-09
3102.0,0.7925680899939105,0.0,0.386005451,0.0,0.7925680899939105,0.0,0.0,0.0,0.0,0.0,0.0,0.0,0.0,0.0,1.9815370032964854,0.0,0.0,1.5749999999999998e-09
3103.0,0.7617041284905769,0.0,0.376936003,0.0,0.7617041284905769,0.0,0.0,0.0,0.0,0.0,0.0,0.0,0.0,0.0,1.9472215694701605,0.0,0.0,1.5749999999999998e-09
3104.0,0.7519449671784676,0.0,0.372127538,0.0,0.7519449671784677,0.0,0.0,0.0,0.0,0.0,0.0,0.0,0.0,0.0,1.9224237388723062,0.0,0.0,1.5749999999999998e-09
3105.0,0.7473657709089153,9.8779e-05,0.361547817,2.1478896614822335e-05,0.7473442920123005,0.0,0.0,0.0,0.0,0.0,0.0,0.0,0.0,0.0,1.8509911408407558,0.0,0.0,1.5749999999999998e-09
3106.0,0.764692399527952,0.003871228,0.353498086,0.0008417751342330398,0.763850624393719,0.0,0.0,0.0,0.0,0.0,0.0,0.0,0.0,0.0,1.7766338125501686,0.0,0.0,1.5749999999999998e-09
3107.0,0.8138041673023483,0.028905445,0.347568001,0.006285314335642528,0.8075188529667057,0.0,0.0,0.0,0.0,0.0,0.0,0.0,0.0,0.0,1.690347846430919,0.0,0.0,1.5749999999999998e-09
3108.0,0.8641775520998587,0.095281533,0.354858852,0.02071839355134981,0.8434591585485088,0.0,0.0,0.0,0.0,0.0,0.0,0.0,0.0,0.0,1.7068046944155337,0.0,0.0,1.5749999999999998e-09
3109.0,0.8972821589232277,0.218587478,0.378913108,0.04753052613669659,0.8497516327865311,0.0,0.0,0.0,0.0,0.0,0.0,0.0,0.0,0.0,1.873382924236328,0.0,0.0,1.5749999999999998e-09
3110.0,0.9305469716859943,0.366393795,0.423327733,0.07967011655430212,0.8508768551316921,0.0,0.0,0.0,0.0,0.0,0.0,0.0,0.0,0.0,2.1914522549988713,0.0,0.0,1.5749999999999998e-09
3111.0,0.9839687029982856,0.506179475,0.46165317,0.1100656679260779,0.8739030350722078,0.0,0.0,0.0,0.0,0.0,0.0,0.0,0.0,0.0,2.4438594652056884,0.0,0.0,1.5749999999999998e-09
3112.0,0.9906661668007019,0.617769744,0.474725247,0.13433029756467732,0.8563358692360246,0.0,0.0,0.0,0.0,0.0,0.0,0.0,0.0,0.0,2.555371717287777,0.0,0.0,1.5749999999999998e-09
3113.0,1.0116730623623695,0.690925803,0.484321151,0.15023764050203087,0.8614354218603386,0.0,0.0,0.0,0.0,0.0,0.0,0.0,0.0,0.0,2.6192350409445178,0.0,0.0,1.5749999999999998e-09
3114.0,1.0357883829159982,0.720670977,0.493048524,0.1567055488341247,0.8790828340818734,0.0,0.0,0.0,0.0,0.0,0.0,0.0,0.0,0.0,2.664308633899526,0.0,0.0,1.5749999999999998e-09
3115.0,1.0478393676953566,0.700933513,0.498530228,0.15241375656355324,0.8954256111318033,0.0,0.0,0.0,0.0,0.0,0.0,0.0,0.0,0.0,2.687361214990045,0.0,0.0,1.5749999999999998e-09
3116.0,1.0699654750006737,0.633251907,0.498146376,0.13769680034817208,0.9322686746525016,0.0,0.0,0.0,0.0,0.0,0.0,0.0,0.0,0.0,2.647759522580788,0.0,0.0,1.5749999999999998e-09
3117.0,1.0797847127901137,0.52967558,0.493026892,0.11517475396811122,0.9646099588220024,0.0,0.0,0.0,0.0,0.0,0.0,0.0,0.0,0.0,2.5786260464807675,0.0,0.0,1.5749999999999998e-09
3118.0,1.088638271277695,0.406004822,0.485535494,0.08828329500052992,1.000354976277165,0.0,0.0,0.0,0.0,0.0,0.0,0.0,0.0,0.0,2.4890426044804927,0.0,0.0,1.5749999999999998e-09
3119.0,1.0844951881767286,0.26868576,0.473590726,0.05842409480673997,1.0260710933699886,0.0,0.0,0.0,0.0,0.0,0.0,0.0,0.0,0.0,2.3774830319102174,0.0,0.0,1.5749999999999998e-09
3120.0,1.0722706484629103,0.142178947,0.458334765,0.030915952818081825,1.0413546956448285,0.0,0.0,0.0,0.0,0.0,0.0,0.0,0.0,0.0,2.2525594258388,0.0,0.0,1.5749999999999998e-09
3121.0,1.0676380502135585,0.051764933,0.438899982,0.011255971858190557,1.056382078355368,0.0,0.0,0.0,0.0,0.0,0.0,0.0,0.0,0.0,2.097860102310789,0.0,0.0,1.5749999999999998e-09
3122.0,1.0510301194896021,0.007950654,0.442401866,0.001728821665396731,1.0493012978242053,0.0,0.0,0.0,0.0,0.0,0.0,0.0,0.0,0.0,2.130107870031756,0.0,0.0,1.5749999999999998e-09
3123.0,1.0004164277828447,0.000124365,0.439544331,2.704241769508074e-05,1.0003893853651498,0.0,0.0,0.0,0.0,0.0,0.0,0.0,0.0,0.0,2.1584835377895546,0.0,0.0,1.5749999999999998e-09
3124.0,0.9359939456276227,0.0,0.435988286,0.0,0.9359939456276227,0.0,0.0,0.0,0.0,0.0,0.0,0.0,0.0,0.0,2.197322751518061,0.0,0.0,1.5749999999999998e-09
3125.0,0.8762441117067147,0.0,0.428215473,0.0,0.8762441117067147,0.0,0.0,0.0,0.0,0.0,0.0,0.0,0.0,0.0,2.2012117159185176,0.0,0.0,1.5749999999999998e-09
3126.0,0.8266962297638077,0.0,0.420991328,0.0,0.8266962297638077,0.0,0.0,0.0,0.0,0.0,0.0,0.0,0.0,0.0,2.198841840256576,0.0,0.0,1.5749999999999998e-09
3127.0,0.7888433204015222,0.0,0.415414687,0.0,0.7888433204015222,0.0,0.0,0.0,0.0,0.0,0.0,0.0,0.0,0.0,2.1966171078097254,0.0,0.0,1.5749999999999998e-09
3128.0,0.7668707435381465,0.0,0.410493838,0.0,0.7668707435381467,0.0,0.0,0.0,0.0,0.0,0.0,0.0,0.0,0.0,2.18322502275227,0.0,0.0,1.5749999999999998e-09
3129.0,0.7590674199869176,0.00014349,0.397394959,3.120103337005697e-05,0.7590362189535474,0.0,0.0,0.0,0.0,0.0,0.0,0.0,0.0,0.0,2.096921843177104,0.0,0.0,1.5749999999999998e-09
3130.0,0.7750990560954092,0.004116347,0.387981629,0.0008950747794949745,0.7742039813159142,0.0,0.0,0.0,0.0,0.0,0.0,0.0,0.0,0.0,2.01410330896638,0.0,0.0,1.5749999999999998e-09
3131.0,0.8214762127364389,0.028036946,0.377729878,0.00609646447655227,0.8153797482598866,0.0,0.0,0.0,0.0,0.0,0.0,0.0,0.0,0.0,1.899251290584588,0.0,0.0,1.5749999999999998e-09
3132.0,0.869675702188851,0.096169716,0.37148705,0.02091152357728693,0.8487641786115641,0.0,0.0,0.0,0.0,0.0,0.0,0.0,0.0,0.0,1.8210015327965479,0.0,0.0,1.5749999999999998e-09
3133.0,0.9037882671312504,0.220235986,0.414412327,0.04788898423913443,0.8558992828921159,0.0,0.0,0.0,0.0,0.0,0.0,0.0,0.0,0.0,2.122357485437887,0.0,0.0,1.5749999999999998e-09
3134.0,0.9356824350787187,0.366066997,0.455114249,0.0795990563040877,0.8560833787746311,0.0,0.0,0.0,0.0,0.0,0.0,0.0,0.0,0.0,2.414685862719665,0.0,0.0,1.5749999999999998e-09
3135.0,0.969479039807193,0.507218575,0.487937764,0.11029161394165268,0.8591874258655403,0.0,0.0,0.0,0.0,0.0,0.0,0.0,0.0,0.0,2.647474546949779,0.0,0.0,1.5749999999999998e-09
3136.0,1.0025969976254743,0.624073235,0.502063613,0.1357009535897582,0.8668960440357161,0.0,0.0,0.0,0.0,0.0,0.0,0.0,0.0,0.0,2.741284157489672,0.0,0.0,1.5749999999999998e-09
3137.0,1.0281563894667192,0.701172189,0.526204012,0.15246565521740116,0.875690734249318,0.0,0.0,0.0,0.0,0.0,0.0,0.0,0.0,0.0,2.905979255170186,0.0,0.0,1.5749999999999998e-09
3138.0,1.0855654476056,0.729031609,0.555545064,0.15852351773806764,0.9270419298675323,0.0,0.0,0.0,0.0,0.0,0.0,0.0,0.0,0.0,3.0654933765697314,0.0,0.0,1.5749999999999998e-09
3139.0,1.045182632699329,0.708132688,0.580932231,0.15397917366169167,0.8912034590376373,0.0,0.0,0.0,0.0,0.0,0.0,0.0,0.0,0.0,3.283781781970405,0.0,0.0,1.5749999999999998e-09
3140.0,1.0933620966592976,0.640973375,0.593249376,0.13937578690287156,0.9539863097564261,0.0,0.0,0.0,0.0,0.0,0.0,0.0,0.0,0.0,3.309518548243492,0.0,0.0,1.5749999999999998e-09
3141.0,1.1085882584054034,0.534265387,0.588026953,0.11617277976342184,0.9924154786419814,0.0,0.0,0.0,0.0,0.0,0.0,0.0,0.0,0.0,3.233557395791163,0.0,0.0,1.5749999999999998e-09
3142.0,1.1170635533693694,0.405376457,0.563128405,0.08814666082857665,1.0289168925407928,0.0,0.0,0.0,0.0,0.0,0.0,0.0,0.0,0.0,3.0181176051326535,0.0,0.0,1.5749999999999998e-09
3143.0,1.1128804202834408,0.264179472,0.521108128,0.05744422971326247,1.0554361905701786,0.0,0.0,0.0,0.0,0.0,0.0,0.0,0.0,0.0,2.6896112130216006,0.0,0.0,1.5749999999999998e-09
3144.0,1.0991606321347172,0.135628831,0.461292594,0.029491669677139988,1.0696689624575773,0.0,0.0,0.0,0.0,0.0,0.0,0.0,0.0,0.0,2.245502186543992,0.0,0.0,1.5749999999999998e-09
3145.0,1.0893302681828754,0.046333836,0.420265622,0.010075012636411924,1.0792552555464634,0.0,0.0,0.0,0.0,0.0,0.0,0.0,0.0,0.0,1.9410673836927852,0.0,0.0,1.5749999999999998e-09
3146.0,1.0722817736253871,0.007140259,0.421125793,0.0015526061699759539,1.0707291674554111,0.0,0.0,0.0,0.0,0.0,0.0,0.0,0.0,0.0,1.9557752620824433,0.0,0.0,1.5749999999999998e-09
3147.0,1.0207847284191311,0.00012609,0.432578136,2.741750852066683e-05,1.0207573109106105,0.0,0.0,0.0,0.0,0.0,0.0,0.0,0.0,0.0,2.0880516637161906,0.0,0.0,1.5749999999999998e-09
3148.0,0.9533450494041239,0.0,0.441169388,0.0,0.9533450494041239,0.0,0.0,0.0,0.0,0.0,0.0,0.0,0.0,0.0,2.2172066697077573,0.0,0.0,1.5749999999999998e-09
3149.0,0.8905223928110458,0.0,0.440656477,0.0,0.890522392811046,0.0,0.0,0.0,0.0,0.0,0.0,0.0,0.0,0.0,2.276343189191065,0.0,0.0,1.5749999999999998e-09
3150.0,0.8397395958348489,0.0,0.437690433,0.0,0.8397395958348489,0.0,0.0,0.0,0.0,0.0,0.0,0.0,0.0,0.0,2.3058099199148105,0.0,0.0,1.5749999999999998e-09
3151.0,0.7990163455571884,0.0,0.432666131,0.0,0.7990163455571884,0.0,0.0,0.0,0.0,0.0,0.0,0.0,0.0,0.0,2.310425022671961,0.0,0.0,1.5749999999999998e-09
3152.0,0.7725847263788462,0.0,0.423626438,0.0,0.7725847263788462,0.0,0.0,0.0,0.0,0.0,0.0,0.0,0.0,0.0,2.271891086757451,0.0,0.0,1.5749999999999998e-09
3153.0,0.7640671545975581,8.84e-05,0.404326618,1.9222045786556804e-05,0.7640479325517716,0.0,0.0,0.0,0.0,0.0,0.0,0.0,0.0,0.0,2.1417258782607616,0.0,0.0,1.5749999999999998e-09
3154.0,0.7803791506000334,0.003416985,0.389920397,0.0007430027389364006,0.7796361478610969,0.0,0.0,0.0,0.0,0.0,0.0,0.0,0.0,0.0,2.0226044849933684,0.0,0.0,1.5749999999999998e-09
3155.0,0.8243243033268599,0.030716639,0.368664234,0.00667914752564634,0.8176451558012136,0.0,0.0,0.0,0.0,0.0,0.0,0.0,0.0,0.0,1.831833825917629,0.0,0.0,1.5749999999999998e-09
3156.0,0.8746287103171484,0.108129559,0.368335105,0.02351211916264927,0.8511165911544991,0.0,0.0,0.0,0.0,0.0,0.0,0.0,0.0,0.0,1.7959970394199898,0.0,0.0,1.5749999999999998e-09
3157.0,0.9121345088105884,0.238683083,0.382013182,0.05190019400342238,0.8602343148071662,0.0,0.0,0.0,0.0,0.0,0.0,0.0,0.0,0.0,1.885179541771432,0.0,0.0,1.5749999999999998e-09
3158.0,0.9454482728882088,0.388246398,0.44492681,0.08442183301834566,0.861026439869863,0.0,0.0,0.0,0.0,0.0,0.0,0.0,0.0,0.0,2.336528741190128,0.0,0.0,1.5749999999999998e-09
3159.0,0.9804219400052281,0.533214218,0.53580501,0.11594420941673171,0.8644777305884963,0.0,0.0,0.0,0.0,0.0,0.0,0.0,0.0,0.0,2.9861917441581483,0.0,0.0,1.5749999999999998e-09
3160.0,1.0124006605874163,0.647892982,0.576611711,0.14088041362887813,0.8715202469585381,0.0,0.0,0.0,0.0,0.0,0.0,0.0,0.0,0.0,3.272414716115312,0.0,0.0,1.5749999999999998e-09
3161.0,1.037067798599196,0.721989489,0.604958605,0.15699225130057412,0.8800755472986219,0.0,0.0,0.0,0.0,0.0,0.0,0.0,0.0,0.0,3.4675800182191634,0.0,0.0,1.5749999999999998e-09
3162.0,1.0608938599287994,0.747498252,0.633547501,0.16253897766193637,0.8983548822668629,0.0,0.0,0.0,0.0,0.0,0.0,0.0,0.0,0.0,3.6547604812918304,0.0,0.0,1.5749999999999998e-09
3163.0,1.0805968636498802,0.721429166,0.66030732,0.1568704124503336,0.9237264511995465,0.0,0.0,0.0,0.0,0.0,0.0,0.0,0.0,0.0,3.821703684057615,0.0,0.0,1.5749999999999998e-09
3164.0,1.0911147748418812,0.646543123,0.677601041,0.140586894946713,0.9505278798951682,0.0,0.0,0.0,0.0,0.0,0.0,0.0,0.0,0.0,3.9191870274649725,0.0,0.0,1.5749999999999998e-09
3165.0,1.100555751107555,0.531755306,0.673370985,0.11562697781873897,0.9849287732888159,0.0,0.0,0.0,0.0,0.0,0.0,0.0,0.0,0.0,3.854385993699983,0.0,0.0,1.5749999999999998e-09
3166.0,1.1049992185950237,0.397885871,0.649751415,0.08651787816952529,1.0184813404254984,0.0,0.0,0.0,0.0,0.0,0.0,0.0,0.0,0.0,3.6510866800637816,0.0,0.0,1.5749999999999998e-09
3167.0,1.0979546439237622,0.254126684,0.616680572,0.05525831171305263,1.0426963322107097,0.0,0.0,0.0,0.0,0.0,0.0,0.0,0.0,0.0,3.389201485000258,0.0,0.0,1.5749999999999998e-09
3168.0,1.081687148571195,0.126062199,0.575585217,0.027411463361222122,1.0542756852099728,0.0,0.0,0.0,0.0,0.0,0.0,0.0,0.0,0.0,3.0822821741824273,0.0,0.0,1.5749999999999998e-09
3169.0,1.074600297082611,0.042376674,0.555793399,0.009214551673189948,1.065385745409421,0.0,0.0,0.0,0.0,0.0,0.0,0.0,0.0,0.0,2.9289342699912977,0.0,0.0,1.5749999999999998e-09
3170.0,1.0566439738681594,0.007131233,0.539059971,0.0015506435208213218,1.0550933303473382,0.0,0.0,0.0,0.0,0.0,0.0,0.0,0.0,0.0,2.8189685702450276,0.0,0.0,1.5749999999999998e-09
3171.0,1.006157111613444,0.000127078,0.520381888,2.7632343150045995e-05,1.006129479270294,0.0,0.0,0.0,0.0,0.0,0.0,0.0,0.0,0.0,2.733698655842939,0.0,0.0,1.5749999999999998e-09
3172.0,0.9417235032958204,0.0,0.497462228,0.0,0.9417235032958204,0.0,0.0,0.0,0.0,0.0,0.0,0.0,0.0,0.0,2.6333879280046366,0.0,0.0,1.5749999999999998e-09
3173.0,0.8792457327390774,0.0,0.475344321,0.0,0.8792457327390774,0.0,0.0,0.0,0.0,0.0,0.0,0.0,0.0,0.0,2.536910952449197,0.0,0.0,1.5749999999999998e-09
3174.0,0.828093574569081,0.0,0.459172493,0.0,0.828093574569081,0.0,0.0,0.0,0.0,0.0,0.0,0.0,0.0,0.0,2.471841046121415,0.0,0.0,1.5749999999999998e-09
3175.0,0.7995681630153395,0.0,0.439812051,0.0,0.7995681630153395,0.0,0.0,0.0,0.0,0.0,0.0,0.0,0.0,0.0,2.361228783268187,0.0,0.0,1.5749999999999998e-09
3176.0,0.7644320661263367,0.0,0.416816688,0.0,0.7644320661263367,0.0,0.0,0.0,0.0,0.0,0.0,0.0,0.0,0.0,2.2311041216495036,0.0,0.0,1.5749999999999998e-09
3177.0,0.7553493258919853,0.00020927,0.388958919,4.550449685240659e-05,0.755303821395133,0.0,0.0,0.0,0.0,0.0,0.0,0.0,0.0,0.0,2.040026958217683,0.0,0.0,1.5749999999999998e-09
3178.0,0.7697299602909692,0.004844277,0.365650927,0.0010533587590131678,0.768676601531956,0.0,0.0,0.0,0.0,0.0,0.0,0.0,0.0,0.0,1.859146648966791,0.0,0.0,1.5749999999999998e-09
3179.0,0.8113988663778943,0.037477195,0.343844981,0.00814918957287011,0.8032496768050241,0.0,0.0,0.0,0.0,0.0,0.0,0.0,0.0,0.0,1.6678607974728108,0.0,0.0,1.5749999999999998e-09
3180.0,0.8584168427768156,0.122039057,0.305362456,0.026536655445726424,0.8318801873310893,0.0,0.0,0.0,0.0,0.0,0.0,0.0,0.0,0.0,1.3626679525843355,0.0,0.0,1.5749999999999998e-09
3181.0,0.8968193447647419,0.248572399,0.331863255,0.054050566005116145,0.8427687787596259,0.0,0.0,0.0,0.0,0.0,0.0,0.0,0.0,0.0,1.542232634009101,0.0,0.0,1.5749999999999998e-09
3182.0,0.9340247578717549,0.392907284,0.420634953,0.08543531451266605,0.8485894433590888,0.0,0.0,0.0,0.0,0.0,0.0,0.0,0.0,0.0,2.1743874667086045,0.0,0.0,1.5749999999999998e-09
3183.0,0.9702511396820724,0.530220145,0.453342266,0.11529316633647951,0.8549579733455929,0.0,0.0,0.0,0.0,0.0,0.0,0.0,0.0,0.0,2.40307655921444,0.0,0.0,1.5749999999999998e-09
3184.0,0.9998379093347939,0.638608142,0.455028193,0.13886148128045214,0.8609764280543417,0.0,0.0,0.0,0.0,0.0,0.0,0.0,0.0,0.0,2.409174354847492,0.0,0.0,1.5749999999999998e-09
3185.0,1.0219150643253327,0.705921731,0.458884457,0.15349841442316103,0.8684166499021717,0.0,0.0,0.0,0.0,0.0,0.0,0.0,0.0,0.0,2.4294479426771125,0.0,0.0,1.5749999999999998e-09
3186.0,1.0424791712209585,0.728084703,0.466662545,0.15831761875065173,0.8841615524703068,0.0,0.0,0.0,0.0,0.0,0.0,0.0,0.0,0.0,2.4696018194680827,0.0,0.0,1.5749999999999998e-09
3187.0,1.058266050755182,0.702611908,0.472286074,0.1527787134135298,0.9054873373416522,0.0,0.0,0.0,0.0,0.0,0.0,0.0,0.0,0.0,2.48869064636129,0.0,0.0,1.5749999999999998e-09
3188.0,1.0691889244608486,0.629770148,0.471219863,0.13693971289437393,0.9322492115664746,0.0,0.0,0.0,0.0,0.0,0.0,0.0,0.0,0.0,2.4542662343200727,0.0,0.0,1.5749999999999998e-09
3189.0,1.0796423085105737,0.518094306,0.457283984,0.11265647592405396,0.9669858325865198,0.0,0.0,0.0,0.0,0.0,0.0,0.0,0.0,0.0,2.319376641850464,0.0,0.0,1.5749999999999998e-09
3190.0,1.0830511178890372,0.386081461,0.432768268,0.0839510805507098,0.9991000373383274,0.0,0.0,0.0,0.0,0.0,0.0,0.0,0.0,0.0,2.1110753587942606,0.0,0.0,1.5749999999999998e-09
3191.0,1.0692200761156938,0.24526904,0.40524154,0.05333227055322209,1.0158878055624718,0.0,0.0,0.0,0.0,0.0,0.0,0.0,0.0,0.0,1.8964612745204517,0.0,0.0,1.5749999999999998e-09
3192.0,1.0454896925832873,0.122154852,0.399367059,0.0265618343687112,1.018927858214576,0.0,0.0,0.0,0.0,0.0,0.0,0.0,0.0,0.0,1.8512030935483468,0.0,0.0,1.5749999999999998e-09
3193.0,1.0282965689137489,0.043613239,0.407232957,0.00948343525970639,1.0188131336540425,0.0,0.0,0.0,0.0,0.0,0.0,0.0,0.0,0.0,1.9078476615309687,0.0,0.0,1.5749999999999998e-09
3194.0,1.0114372051181435,0.007485753,0.399794282,0.0016277317524078618,1.0098094733657357,0.0,0.0,0.0,0.0,0.0,0.0,0.0,0.0,0.0,1.863391801619826,0.0,0.0,1.5749999999999998e-09
3195.0,0.9670514875578603,0.000177182,0.390858125,3.852715516463471e-05,0.9670129604026957,0.0,0.0,0.0,0.0,0.0,0.0,0.0,0.0,0.0,1.8419668415857333,0.0,0.0,1.5749999999999998e-09
3196.0,0.9109018186098091,0.0,0.384298836,0.0,0.9109018186098091,0.0,0.0,0.0,0.0,0.0,0.0,0.0,0.0,0.0,1.850938345904268,0.0,0.0,1.5749999999999998e-09
3197.0,0.8562874500814749,0.0,0.374151564,0.0,0.8562874500814749,0.0,0.0,0.0,0.0,0.0,0.0,0.0,0.0,0.0,1.8326273221479144,0.0,0.0,1.5749999999999998e-09
3198.0,0.808054584141707,0.0,0.35894628,0.0,0.808054584141707,0.0,0.0,0.0,0.0,0.0,0.0,0.0,0.0,0.0,1.7715843846500596,0.0,0.0,1.5749999999999998e-09
3199.0,0.7614882967387943,0.0,0.343587056,0.0,0.7614882967387943,0.0,0.0,0.0,0.0,0.0,0.0,0.0,0.0,0.0,1.7077685481295766,0.0,0.0,1.5749999999999998e-09
3200.0,0.7461086055506715,0.0,0.325839892,0.0,0.7461086055506715,0.0,0.0,0.0,0.0,0.0,0.0,0.0,0.0,0.0,1.5956047087371954,0.0,0.0,1.5749999999999998e-09
3201.0,0.7314275867651854,0.000339018,0.302579783,7.371741536727279e-05,0.7313538693498182,0.0,0.0,0.0,0.0,0.0,0.0,0.0,0.0,0.0,1.4431960365451708,0.0,0.0,1.5749999999999998e-09
3202.0,0.7305753849205319,0.006861765,0.28415701,0.0014920493326537664,0.7290833355878781,0.0,0.0,0.0,0.0,0.0,0.0,0.0,0.0,0.0,1.3130676410188487,0.0,0.0,1.5749999999999998e-09
3203.0,0.7364540223657254,0.037148411,0.268695977,0.008077697478957358,0.7283763248867681,0.0,0.0,0.0,0.0,0.0,0.0,0.0,0.0,0.0,1.2026608571304855,0.0,0.0,1.5749999999999998e-09
3204.0,0.7541566876760177,0.104614928,0.244226074,0.02274788389110117,0.7314088037849165,0.0,0.0,0.0,0.0,0.0,0.0,0.0,0.0,0.0,1.0237705441816416,0.0,0.0,1.5749999999999998e-09
3205.0,0.7871900928595792,0.215230146,0.222771427,0.04680049458211885,0.7403895982774603,0.0,0.0,0.0,0.0,0.0,0.0,0.0,0.0,0.0,0.8606016537353763,0.0,0.0,1.5749999999999998e-09
3206.0,0.8278732921523527,0.349757109,0.251692533,0.07605256972139976,0.751820722430953,0.0,0.0,0.0,0.0,0.0,0.0,0.0,0.0,0.0,1.0570178209875987,0.0,0.0,1.5749999999999998e-09
3207.0,0.864833947685173,0.482763092,0.30672587,0.10497391695117347,0.7598600307339995,0.0,0.0,0.0,0.0,0.0,0.0,0.0,0.0,0.0,1.444486555581249,0.0,0.0,1.5749999999999998e-09
3208.0,0.8941069829564047,0.589098131,0.342743202,0.12809582858435564,0.766011154372049,0.0,0.0,0.0,0.0,0.0,0.0,0.0,0.0,0.0,1.6971811655697209,0.0,0.0,1.5749999999999998e-09
3209.0,0.9151539295029594,0.656373913,0.365168558,0.14272454082338748,0.7724293886795719,0.0,0.0,0.0,0.0,0.0,0.0,0.0,0.0,0.0,1.8519272208785391,0.0,0.0,1.5749999999999998e-09
3210.0,0.9293988351198594,0.6750428,0.384938139,0.14678397748286773,0.7826148576369917,0.0,0.0,0.0,0.0,0.0,0.0,0.0,0.0,0.0,1.983819785281112,0.0,0.0,1.5749999999999998e-09
3211.0,0.9383858965570894,0.643270892,0.402343997,0.1398753680903081,0.7985105284667813,0.0,0.0,0.0,0.0,0.0,0.0,0.0,0.0,0.0,2.0930147814504507,0.0,0.0,1.5749999999999998e-09
3212.0,0.9448185772928693,0.566097861,0.412797535,0.12309455886667274,0.8217240184261967,0.0,0.0,0.0,0.0,0.0,0.0,0.0,0.0,0.0,2.144927725414645,0.0,0.0,1.5749999999999998e-09
3213.0,0.9493844235674341,0.455035802,0.411697887,0.09894478530052711,0.8504396382669069,0.0,0.0,0.0,0.0,0.0,0.0,0.0,0.0,0.0,2.108309266094016,0.0,0.0,1.5749999999999998e-09
3214.0,0.9503189532142968,0.331326803,0.40147663,0.07204501105859147,0.8782739421557054,0.0,0.0,0.0,0.0,0.0,0.0,0.0,0.0,0.0,2.007017861974967,0.0,0.0,1.5749999999999998e-09
3215.0,0.9459911900163934,0.20710109,0.393599346,0.04503288047993011,0.9009583095364634,0.0,0.0,0.0,0.0,0.0,0.0,0.0,0.0,0.0,1.9277218234142213,0.0,0.0,1.5749999999999998e-09
3216.0,0.9327853931734441,0.102678716,0.404723177,0.022326866292498446,0.9104585268809456,0.0,0.0,0.0,0.0,0.0,0.0,0.0,0.0,0.0,1.9981652342077818,0.0,0.0,1.5749999999999998e-09
3217.0,0.9258476214618562,0.036250969,0.420584205,0.007882554139423658,0.9179650673224325,0.0,0.0,0.0,0.0,0.0,0.0,0.0,0.0,0.0,2.104647132130658,0.0,0.0,1.5749999999999998e-09
3218.0,0.9205608524597008,0.006804625,0.420621128,0.0014796245849587,0.9190812278747421,0.0,0.0,0.0,0.0,0.0,0.0,0.0,0.0,0.0,2.10379632607553,0.0,0.0,1.5749999999999998e-09
3219.0,0.8920621418958589,0.000261755,0.411000036,5.691704292828254e-05,0.8920052248529307,0.0,0.0,0.0,0.0,0.0,0.0,0.0,0.0,0.0,2.0617284342350497,0.0,0.0,1.5749999999999998e-09
3220.0,0.8487444589319365,0.0,0.393604237,0.0,0.8487444589319365,0.0,0.0,0.0,0.0,0.0,0.0,0.0,0.0,0.0,1.9799708241648823,0.0,0.0,1.5749999999999998e-09
3221.0,0.804033880827762,0.0,0.373741236,0.0,0.804033880827762,0.0,0.0,0.0,0.0,0.0,0.0,0.0,0.0,0.0,1.8819319874631701,0.0,0.0,1.5749999999999998e-09
3222.0,0.767907626479662,0.0,0.348859034,0.0,0.767907626479662,0.0,0.0,0.0,0.0,0.0,0.0,0.0,0.0,0.0,1.739237338837855,0.0,0.0,1.5749999999999998e-09
3223.0,0.7386991193506313,0.0,0.327928214,0.0,0.7386991193506313,0.0,0.0,0.0,0.0,0.0,0.0,0.0,0.0,0.0,1.6180223371321762,0.0,0.0,1.5749999999999998e-09
3224.0,0.7186022772784373,0.0,0.310373822,0.0,0.7186022772784373,0.0,0.0,0.0,0.0,0.0,0.0,0.0,0.0,0.0,1.5119610430157282,0.0,0.0,1.5749999999999998e-09
3225.0,0.7086250583821101,0.000338514,0.284829759,7.36078236130146e-05,0.7085514505584971,0.0,0.0,0.0,0.0,0.0,0.0,0.0,0.0,0.0,1.3384343707960729,0.0,0.0,1.5749999999999998e-09
3226.0,0.7071787622619833,0.004911372,0.256806806,0.0010679481612987903,0.7061108141006844,0.0,0.0,0.0,0.0,0.0,0.0,0.0,0.0,0.0,1.139482471358486,0.0,0.0,1.5749999999999998e-09
3227.0,0.7075013979733643,0.027312579,0.228956975,0.005938955249852374,0.7015624427235119,0.0,0.0,0.0,0.0,0.0,0.0,0.0,0.0,0.0,0.9438824825914469,0.0,0.0,1.5749999999999998e-09
3228.0,0.7181706127749473,0.084689502,0.193673192,0.018415220419510114,0.6997553923554372,0.0,0.0,0.0,0.0,0.0,0.0,0.0,0.0,0.0,0.6921155953965177,0.0,0.0,1.5749999999999998e-09
3229.0,0.7486073604397365,0.184662265,0.184395211,0.040153693584607304,0.7084536668551292,0.0,0.0,0.0,0.0,0.0,0.0,0.0,0.0,0.0,0.6167392616080941,0.0,0.0,1.5749999999999998e-09
3230.0,0.781525061333733,0.307095377,0.238129197,0.06677603390875479,0.7147490274249783,0.0,0.0,0.0,0.0,0.0,0.0,0.0,0.0,0.0,0.9966138990505137,0.0,0.0,1.5749999999999998e-09
3231.0,0.8072824842668276,0.426327281,0.296858009,0.09270229089864558,0.714580193368182,0.0,0.0,0.0,0.0,0.0,0.0,0.0,0.0,0.0,1.418849043492378,0.0,0.0,1.5749999999999998e-09
3232.0,0.8284406854379264,0.518315771,0.337947568,0.11270463214996032,0.7157360532879661,0.0,0.0,0.0,0.0,0.0,0.0,0.0,0.0,0.0,1.7129914872821863,0.0,0.0,1.5749999999999998e-09
3233.0,0.8470400542427049,0.578986291,0.371116261,0.12589707008360523,0.7211429841590997,0.0,0.0,0.0,0.0,0.0,0.0,0.0,0.0,0.0,1.9459579782130303,0.0,0.0,1.5749999999999998e-09
3234.0,0.8602614269130768,0.599407212,0.399919268,0.13033747594860137,0.7299239509644754,0.0,0.0,0.0,0.0,0.0,0.0,0.0,0.0,0.0,2.144175560816168,0.0,0.0,1.5749999999999998e-09
3235.0,0.8702564454694122,0.576446438,0.425511139,0.12534479439743865,0.7449116510719734,0.0,0.0,0.0,0.0,0.0,0.0,0.0,0.0,0.0,2.3131089413670116,0.0,0.0,1.5749999999999998e-09
3236.0,0.8782088497975618,0.51393692,0.44754412,0.11175247746201336,0.7664563723355483,0.0,0.0,0.0,0.0,0.0,0.0,0.0,0.0,0.0,2.449908628593333,0.0,0.0,1.5749999999999998e-09
3237.0,0.8879657862771606,0.422893011,0.455920669,0.09195552964091483,0.7960102566362458,0.0,0.0,0.0,0.0,0.0,0.0,0.0,0.0,0.0,2.4805544828841417,0.0,0.0,1.5749999999999998e-09
3238.0,0.8998788174419246,0.316146261,0.452619107,0.06874409393880924,0.8311347235031153,0.0,0.0,0.0,0.0,0.0,0.0,0.0,0.0,0.0,2.4217026827988257,0.0,0.0,1.5749999999999998e-09
3239.0,0.9071904010122576,0.201122638,0.438758781,0.043732902221143545,0.863457498791114,0.0,0.0,0.0,0.0,0.0,0.0,0.0,0.0,0.0,2.289769912751283,0.0,0.0,1.5749999999999998e-09
3240.0,0.9091996397530125,0.102793533,0.420416345,0.022351832555293414,0.8868478071977192,0.0,0.0,0.0,0.0,0.0,0.0,0.0,0.0,0.0,2.134558032915747,0.0,0.0,1.5749999999999998e-09
3241.0,0.9197665022598674,0.037106397,0.406933916,0.008068561788553778,0.9116979404713136,0.0,0.0,0.0,0.0,0.0,0.0,0.0,0.0,0.0,2.012813736977009,0.0,0.0,1.5749999999999998e-09
3242.0,0.9242433452347668,0.007190713,0.392487069,0.001563577087375444,0.9226797681473914,0.0,0.0,0.0,0.0,0.0,0.0,0.0,0.0,0.0,1.8980067644982814,0.0,0.0,1.5749999999999998e-09
3243.0,0.8943695411905305,0.000235526,0.382861061,5.1213705383762196e-05,0.8943183274851467,0.0,0.0,0.0,0.0,0.0,0.0,0.0,0.0,0.0,1.8571889804846184,0.0,0.0,1.5749999999999998e-09
3244.0,0.8483773215707228,0.0,0.361677192,0.0,0.8483773215707228,0.0,0.0,0.0,0.0,0.0,0.0,0.0,0.0,0.0,1.750887890500514,0.0,0.0,1.5749999999999998e-09
3245.0,0.80522874387624,0.0,0.341094301,0.0,0.80522874387624,0.0,0.0,0.0,0.0,0.0,0.0,0.0,0.0,0.0,1.6461134204509353,0.0,0.0,1.5749999999999998e-09
3246.0,0.7678809264896872,0.0,0.332944855,0.0,0.7678809264896873,0.0,0.0,0.0,0.0,0.0,0.0,0.0,0.0,0.0,1.624893620210516,0.0,0.0,1.5749999999999998e-09
3247.0,0.7338551390145182,0.0,0.327660079,0.0,0.7338551390145182,0.0,0.0,0.0,0.0,0.0,0.0,0.0,0.0,0.0,1.620939311859269,0.0,0.0,1.5749999999999998e-09
3248.0,0.7296653304311335,0.0,0.325953637,0.0,0.7296653304311335,0.0,0.0,0.0,0.0,0.0,0.0,0.0,0.0,0.0,1.612865434965309,0.0,0.0,1.5749999999999998e-09
3249.0,0.7320617320255457,0.000192145,0.32059302,4.178076909115337e-05,0.7320199512564545,0.0,0.0,0.0,0.0,0.0,0.0,0.0,0.0,0.0,1.5719856718541625,0.0,0.0,1.5749999999999998e-09
3250.0,0.7558788930251825,0.004220748,0.310052841,0.0009177761460352721,0.7549611168791472,0.0,0.0,0.0,0.0,0.0,0.0,0.0,0.0,0.0,1.4732954094963249,0.0,0.0,1.5749999999999998e-09
3251.0,0.8082926672183683,0.02884413,0.29714961,0.0062719817594275645,0.8020206854589407,0.0,0.0,0.0,0.0,0.0,0.0,0.0,0.0,0.0,1.3335042000957322,0.0,0.0,1.5749999999999998e-09
3252.0,0.8604127315225831,0.094169546,0.265944736,0.02047659869809126,0.8399361328244919,0.0,0.0,0.0,0.0,0.0,0.0,0.0,0.0,0.0,1.0713287075038118,0.0,0.0,1.5749999999999998e-09
3253.0,0.8924582050794826,0.207527586,0.262724496,0.045125619457755714,0.8473325856217268,0.0,0.0,0.0,0.0,0.0,0.0,0.0,0.0,0.0,1.0407893582462426,0.0,0.0,1.5749999999999998e-09
3254.0,0.9174457529702084,0.346419998,0.368856586,0.07532693510107372,0.8421188178691347,0.0,0.0,0.0,0.0,0.0,0.0,0.0,0.0,0.0,1.808742539827876,0.0,0.0,1.5749999999999998e-09
3255.0,0.9411850358326568,0.480381064,0.440966964,0.1044559593574986,0.8367290764751582,0.0,0.0,0.0,0.0,0.0,0.0,0.0,0.0,0.0,2.332367882223497,0.0,0.0,1.5749999999999998e-09
3256.0,0.9579620718260529,0.582305783,0.486876654,0.12661887355885534,0.8313431982671975,0.0,0.0,0.0,0.0,0.0,0.0,0.0,0.0,0.0,2.667692896084708,0.0,0.0,1.5749999999999998e-09
3257.0,0.9698751029908169,0.646072883,0.528826265,0.14048464410043845,0.8293904588903784,0.0,0.0,0.0,0.0,0.0,0.0,0.0,0.0,0.0,2.9711248742525123,0.0,0.0,1.5749999999999998e-09
3258.0,0.980960406468467,0.66464485,0.566463491,0.14452300609161967,0.8364374003768474,0.0,0.0,0.0,0.0,0.0,0.0,0.0,0.0,0.0,3.234565357421406,0.0,0.0,1.5749999999999998e-09
3259.0,0.9893889759500145,0.639028383,0.592543326,0.13895286014632757,0.850436115803687,0.0,0.0,0.0,0.0,0.0,0.0,0.0,0.0,0.0,3.407994573175966,0.0,0.0,1.5749999999999998e-09
3260.0,0.9928689869682854,0.573201598,0.601844974,0.1246392235484562,0.8682297634198293,0.0,0.0,0.0,0.0,0.0,0.0,0.0,0.0,0.0,3.457049072460202,0.0,0.0,1.5749999999999998e-09
3261.0,0.9979109983962482,0.474945253,0.584344313,0.10327397510490731,0.8946370232913409,0.0,0.0,0.0,0.0,0.0,0.0,0.0,0.0,0.0,3.3048698249385757,0.0,0.0,1.5749999999999998e-09
3262.0,1.0015823650089126,0.364243865,0.548700918,0.07920262726812688,0.9223797377407857,0.0,0.0,0.0,0.0,0.0,0.0,0.0,0.0,0.0,3.0209687496278965,0.0,0.0,1.5749999999999998e-09
3263.0,0.9996688040653544,0.243376434,0.511539866,0.05292073481580227,0.9467480692495521,0.0,0.0,0.0,0.0,0.0,0.0,0.0,0.0,0.0,2.7295351128024206,0.0,0.0,1.5749999999999998e-09
3264.0,0.9958617076706815,0.131232696,0.49272959,0.02853575668784265,0.9673259509828389,0.0,0.0,0.0,0.0,0.0,0.0,0.0,0.0,0.0,2.5737734342532743,0.0,0.0,1.5749999999999998e-09
3265.0,1.0021786841168965,0.049314698,0.479570911,0.010723183064550015,0.9914555010523465,0.0,0.0,0.0,0.0,0.0,0.0,0.0,0.0,0.0,2.4550764154075986,0.0,0.0,1.5749999999999998e-09
3266.0,0.9954411693295933,0.009166809,0.469647305,0.001993267220753631,0.9934479021088396,0.0,0.0,0.0,0.0,0.0,0.0,0.0,0.0,0.0,2.3817660423455567,0.0,0.0,1.5749999999999998e-09
3267.0,0.9524817223969935,0.00027761,0.460393161,6.036461686432166e-05,0.952421357780129,0.0,0.0,0.0,0.0,0.0,0.0,0.0,0.0,0.0,2.3562858367360575,0.0,0.0,1.5749999999999998e-09
3268.0,0.8936263671380612,0.0,0.4464419,0.0,0.8936263671380612,0.0,0.0,0.0,0.0,0.0,0.0,0.0,0.0,0.0,2.314817310120377,0.0,0.0,1.5749999999999998e-09
3269.0,0.8438693279409029,0.0,0.435151158,0.0,0.8438693279409029,0.0,0.0,0.0,0.0,0.0,0.0,0.0,0.0,0.0,2.2834311820174755,0.0,0.0,1.5749999999999998e-09
3270.0,0.8029346955764806,0.0,0.425956367,0.0,0.8029346955764806,0.0,0.0,0.0,0.0,0.0,0.0,0.0,0.0,0.0,2.2582856166055185,0.0,0.0,1.5749999999999998e-09
3271.0,0.7700614953323921,0.0,0.4226941,0.0,0.7700614953323921,0.0,0.0,0.0,0.0,0.0,0.0,0.0,0.0,0.0,2.2677138849790124,0.0,0.0,1.5749999999999998e-09
3272.0,0.7527014912259243,0.0,0.414081053,0.0,0.7527014912259243,0.0,0.0,0.0,0.0,0.0,0.0,0.0,0.0,0.0,2.2231745104897884,0.0,0.0,1.5749999999999998e-09
3273.0,0.7503918670987423,0.00022058,0.397434368,4.7963788004510176e-05,0.7503439033107377,0.0,0.0,0.0,0.0,0.0,0.0,0.0,0.0,0.0,2.105897379451483,0.0,0.0,1.5749999999999998e-09
3274.0,0.770199449946911,0.004754663,0.38281944,0.0010338727362629813,0.769165577210648,0.0,0.0,0.0,0.0,0.0,0.0,0.0,0.0,0.0,1.9820426131487603,0.0,0.0,1.5749999999999998e-09
3275.0,0.8210823753852503,0.029670423,0.372458322,0.0064516541788745265,0.8146307212063758,0.0,0.0,0.0,0.0,0.0,0.0,0.0,0.0,0.0,1.8621152299760455,0.0,0.0,1.5749999999999998e-09
3276.0,0.8723925136622092,0.095729456,0.354350465,0.020815791700839085,0.85157672196137,0.0,0.0,0.0,0.0,0.0,0.0,0.0,0.0,0.0,1.6950335065204043,0.0,0.0,1.5749999999999998e-09
3277.0,0.9065162037670855,0.211015745,0.373401756,0.045884098552877776,0.8606321052142077,0.0,0.0,0.0,0.0,0.0,0.0,0.0,0.0,0.0,1.822894022408217,0.0,0.0,1.5749999999999998e-09
3278.0,0.9330880023924569,0.350185757,0.456763629,0.07614577663862053,0.8569422257538364,0.0,0.0,0.0,0.0,0.0,0.0,0.0,0.0,0.0,2.4256806137840043,0.0,0.0,1.5749999999999998e-09
3279.0,0.9586229180763128,0.490511052,0.519953709,0.10665866403117812,0.8519642540451348,0.0,0.0,0.0,0.0,0.0,0.0,0.0,0.0,0.0,2.8847866873609562,0.0,0.0,1.5749999999999998e-09
3280.0,0.9788287889406158,0.605576072,0.57351773,0.13167885727632603,0.8471499316642896,0.0,0.0,0.0,0.0,0.0,0.0,0.0,0.0,0.0,3.2745495204124797,0.0,0.0,1.5749999999999998e-09
3281.0,0.992889012460729,0.678682952,0.625592916,0.14757550653732504,0.8453135059234039,0.0,0.0,0.0,0.0,0.0,0.0,0.0,0.0,0.0,3.6506346474149565,0.0,0.0,1.5749999999999998e-09
3282.0,1.0039186901259942,0.702109575,0.66639134,0.15266948413834774,0.8512492059876465,0.0,0.0,0.0,0.0,0.0,0.0,0.0,0.0,0.0,3.9379049513680537,0.0,0.0,1.5749999999999998e-09
3283.0,1.0101488891049792,0.679757455,0.689944073,0.1478091507213046,0.8623397383836747,0.0,0.0,0.0,0.0,0.0,0.0,0.0,0.0,0.0,4.09608082805237,0.0,0.0,1.5749999999999998e-09
3284.0,1.015546911731754,0.615913943,0.693431546,0.1339267648520898,0.8816201468796641,0.0,0.0,0.0,0.0,0.0,0.0,0.0,0.0,0.0,4.101863839222992,0.0,0.0,1.5749999999999998e-09
3285.0,1.0161476805047587,0.513574337,0.675387243,0.11167363597980266,0.9044740445249561,0.0,0.0,0.0,0.0,0.0,0.0,0.0,0.0,0.0,3.9493309623625206,0.0,0.0,1.5749999999999998e-09
3286.0,1.019625466690519,0.388903267,0.631215908,0.08456466521284532,0.9350608014776736,0.0,0.0,0.0,0.0,0.0,0.0,0.0,0.0,0.0,3.6012981043677312,0.0,0.0,1.5749999999999998e-09
3287.0,1.0175094239901656,0.254346497,0.580982888,0.05530610872154223,0.9622033152686235,0.0,0.0,0.0,0.0,0.0,0.0,0.0,0.0,0.0,3.2131459823643875,0.0,0.0,1.5749999999999998e-09
3288.0,1.01050045063877,0.133077266,0.551436568,0.02893684728735067,0.9815636033514193,0.0,0.0,0.0,0.0,0.0,0.0,0.0,0.0,0.0,2.9814451778778794,0.0,0.0,1.5749999999999998e-09
3289.0,1.0287015314274144,0.047578488,0.536940068,0.010345654692207506,1.018355876735207,0.0,0.0,0.0,0.0,0.0,0.0,0.0,0.0,0.0,2.8404709185125414,0.0,0.0,1.5749999999999998e-09
3290.0,1.0041901486900866,0.008532532,0.53160808,0.0018553475201273882,1.002334801169959,0.0,0.0,0.0,0.0,0.0,0.0,0.0,0.0,0.0,2.818172599805393,0.0,0.0,1.5749999999999998e-09
3291.0,0.963954188728301,0.000319295,0.546931661,6.942876820609338e-05,0.9638847599600949,0.0,0.0,0.0,0.0,0.0,0.0,0.0,0.0,0.0,2.966748609416537,0.0,0.0,1.5749999999999998e-09
3292.0,0.9062536455329596,0.0,0.556586785,0.0,0.9062536455329596,0.0,0.0,0.0,0.0,0.0,0.0,0.0,0.0,0.0,3.093768196455554,0.0,0.0,1.5749999999999998e-09
3293.0,0.8537063673902006,0.0,0.550357983,0.0,0.8537063673902006,0.0,0.0,0.0,0.0,0.0,0.0,0.0,0.0,0.0,3.1015509478059244,0.0,0.0,1.5749999999999998e-09
3294.0,0.8095720829015661,0.0,0.53085146,0.0,0.8095720829015661,0.0,0.0,0.0,0.0,0.0,0.0,0.0,0.0,0.0,3.0054977176713877,0.0,0.0,1.5749999999999998e-09
3295.0,0.7677518722051347,0.0,0.508405326,0.0,0.7677518722051347,0.0,0.0,0.0,0.0,0.0,0.0,0.0,0.0,0.0,2.886004313514026,0.0,0.0,1.5749999999999998e-09
3296.0,0.7529462488001171,0.0,0.490137124,0.0,0.7529462488001171,0.0,0.0,0.0,0.0,0.0,0.0,0.0,0.0,0.0,2.7695218629237934,0.0,0.0,1.5749999999999998e-09
3297.0,0.7487875908716529,0.000256356,0.465937138,5.574306300518729e-05,0.7487318478086479,0.0,0.0,0.0,0.0,0.0,0.0,0.0,0.0,0.0,2.599818242171688,0.0,0.0,1.5749999999999998e-09
3298.0,0.773312324603893,0.005420494,0.441794728,0.001178653663504032,0.7721336709403889,0.0,0.0,0.0,0.0,0.0,0.0,0.0,0.0,0.0,2.402912178693598,0.0,0.0,1.5749999999999998e-09
3299.0,0.8217966226153848,0.035007898,0.417435303,0.0076122558625238744,0.8141843667528609,0.0,0.0,0.0,0.0,0.0,0.0,0.0,0.0,0.0,2.1857976209924876,0.0,0.0,1.5749999999999998e-09
3300.0,0.8712332519335972,0.114516235,0.419581367,0.024900863263281663,0.8463323886703157,0.0,0.0,0.0,0.0,0.0,0.0,0.0,0.0,0.0,2.169072715659278,0.0,0.0,1.5749999999999998e-09
3301.0,0.9008533980736744,0.246382929,0.432686926,0.05357447898488659,0.8472789190887877,0.0,0.0,0.0,0.0,0.0,0.0,0.0,0.0,0.0,2.2623118965517017,0.0,0.0,1.5749999999999998e-09
3302.0,0.9229906305414686,0.396411454,0.431209918,0.08619727510298142,0.8367933554384872,0.0,0.0,0.0,0.0,0.0,0.0,0.0,0.0,0.0,2.2621826478851914,0.0,0.0,1.5749999999999998e-09
3303.0,0.9467098879114735,0.536474271,0.42429579,0.11665308824062989,0.8300567996708437,0.0,0.0,0.0,0.0,0.0,0.0,0.0,0.0,0.0,2.219229444995873,0.0,0.0,1.5749999999999998e-09
3304.0,0.9657542712147295,0.647240119,0.419745022,0.14073845251486963,0.8250158186998598,0.0,0.0,0.0,0.0,0.0,0.0,0.0,0.0,0.0,2.1915654248989243,0.0,0.0,1.5749999999999998e-09
3305.0,0.9816212527187271,0.717762884,0.427395421,0.15607320158528348,0.8255480511334438,0.0,0.0,0.0,0.0,0.0,0.0,0.0,0.0,0.0,2.246014309381235,0.0,0.0,1.5749999999999998e-09
3306.0,0.9945044138502953,0.742931478,0.440950705,0.1615459602532842,0.8329584535970112,0.0,0.0,0.0,0.0,0.0,0.0,0.0,0.0,0.0,2.3360216565581973,0.0,0.0,1.5749999999999998e-09
3307.0,1.006063658648758,0.719913936,0.452356567,0.15654093484357834,0.8495227238051796,0.0,0.0,0.0,0.0,0.0,0.0,0.0,0.0,0.0,2.4014278864701617,0.0,0.0,1.5749999999999998e-09
3308.0,1.0133351912342037,0.647309075,0.454476624,0.140753446580359,0.8725817446538447,0.0,0.0,0.0,0.0,0.0,0.0,0.0,0.0,0.0,2.393605077717802,0.0,0.0,1.5749999999999998e-09
3309.0,1.0199837027218415,0.536354127,0.450774443,0.11662696365387673,0.9033567390679648,0.0,0.0,0.0,0.0,0.0,0.0,0.0,0.0,0.0,2.3362236218099994,0.0,0.0,1.5749999999999998e-09
3310.0,1.0236773206593845,0.406069444,0.444484194,0.08829734666391023,0.9353799739954742,0.0,0.0,0.0,0.0,0.0,0.0,0.0,0.0,0.0,2.258994258979999,0.0,0.0,1.5749999999999998e-09
3311.0,1.0209493840235495,0.265620504,0.432777253,0.05775757341330651,0.9631918106102431,0.0,0.0,0.0,0.0,0.0,0.0,0.0,0.0,0.0,2.147048158015294,0.0,0.0,1.5749999999999998e-09
3312.0,1.0129992055278354,0.137666809,0.411472704,0.02993481567745668,0.9830643898503788,0.0,0.0,0.0,0.0,0.0,0.0,0.0,0.0,0.0,1.9740661920086104,0.0,0.0,1.5749999999999998e-09
3313.0,1.013003655192856,0.0490529,0.39194833,0.010666256671531588,1.0023373985213244,0.0,0.0,0.0,0.0,0.0,0.0,0.0,0.0,0.0,1.814477378945808,0.0,0.0,1.5749999999999998e-09
3314.0,1.005749923267343,0.009261499,0.397056514,0.0020138569890288467,1.0037360662783141,0.0,0.0,0.0,0.0,0.0,0.0,0.0,0.0,0.0,1.8497896934175755,0.0,0.0,1.5749999999999998e-09
3315.0,0.9665552969120188,0.000358736,0.393029602,7.80049753086679e-05,0.9664772919367101,0.0,0.0,0.0,0.0,0.0,0.0,0.0,0.0,0.0,1.8581082622245375,0.0,0.0,1.5749999999999998e-09
3316.0,0.9081894578013966,0.0,0.37528535,0.0,0.9081894578013966,0.0,0.0,0.0,0.0,0.0,0.0,0.0,0.0,0.0,1.7888734934476236,0.0,0.0,1.5749999999999998e-09
3317.0,0.8521399173154878,0.0,0.360184751,0.0,0.8521399173154878,0.0,0.0,0.0,0.0,0.0,0.0,0.0,0.0,0.0,1.7363995701090904,0.0,0.0,1.5749999999999998e-09
3318.0,0.8072402084494301,0.0,0.346584709,0.0,0.8072402084494302,0.0,0.0,0.0,0.0,0.0,0.0,0.0,0.0,0.0,1.6835598670486485,0.0,0.0,1.5749999999999998e-09
3319.0,0.7738485662346215,0.0,0.331381333,0.0,0.7738485662346215,0.0,0.0,0.0,0.0,0.0,0.0,0.0,0.0,0.0,1.607689418048043,0.0,0.0,1.5749999999999998e-09
3320.0,0.7461152810481275,0.0,0.32020558,0.0,0.7461152810481275,0.0,0.0,0.0,0.0,0.0,0.0,0.0,0.0,0.0,1.5551059272969467,0.0,0.0,1.5749999999999998e-09
3321.0,0.7423971869531953,0.000116141,0.314249667,2.525415859385174e-05,0.7423719327946015,0.0,0.0,0.0,0.0,0.0,0.0,0.0,0.0,0.0,1.5160459199354395,0.0,0.0,1.5749999999999998e-09
3322.0,0.7624384022130796,0.003905182,0.30490373,0.0008491582263443154,0.7615892439867352,0.0,0.0,0.0,0.0,0.0,0.0,0.0,0.0,0.0,1.429662170118916,0.0,0.0,1.5749999999999998e-09
3323.0,0.811505669337568,0.036985122,0.287474454,0.008042191272685401,0.8034634780648826,0.0,0.0,0.0,0.0,0.0,0.0,0.0,0.0,0.0,1.2625289709181131,0.0,0.0,1.5749999999999998e-09
3324.0,0.8606686142592529,0.121742863,0.28518634,0.026472249850367786,0.8341963644088851,0.0,0.0,0.0,0.0,0.0,0.0,0.0,0.0,0.0,1.2153520973584244,0.0,0.0,1.5749999999999998e-09
3325.0,0.8921978716778673,0.255443629,0.282519024,0.0555446734448216,0.8366531982330456,0.0,0.0,0.0,0.0,0.0,0.0,0.0,0.0,0.0,1.1937260655816297,0.0,0.0,1.5749999999999998e-09
3326.0,0.9189120745827788,0.407947802,0.298410868,0.0887057842598327,0.830206290322946,0.0,0.0,0.0,0.0,0.0,0.0,0.0,0.0,0.0,1.3143828771808261,0.0,0.0,1.5749999999999998e-09
3327.0,0.9441488307126428,0.551286648,0.316152962,0.11987395010603423,0.8242748806066087,0.0,0.0,0.0,0.0,0.0,0.0,0.0,0.0,0.0,1.4478213809123641,0.0,0.0,1.5749999999999998e-09
3328.0,0.9646461856334816,0.665586761,0.326516328,0.14472781894647108,0.8199183666870105,0.0,0.0,0.0,0.0,0.0,0.0,0.0,0.0,0.0,1.5266562897089109,0.0,0.0,1.5749999999999998e-09
3329.0,0.9801393552787341,0.738861985,0.330456782,0.16066107359294396,0.8194782816857902,0.0,0.0,0.0,0.0,0.0,0.0,0.0,0.0,0.0,1.5554152325992041,0.0,0.0,1.5749999999999998e-09
3330.0,0.9928000101609884,0.763975968,0.327726497,0.16612195742901648,0.8266780527319719,0.0,0.0,0.0,0.0,0.0,0.0,0.0,0.0,0.0,1.5285937243339944,0.0,0.0,1.5749999999999998e-09
3331.0,1.0015334136940592,0.739256856,0.319101874,0.16074693590563385,0.8407864777884253,0.0,0.0,0.0,0.0,0.0,0.0,0.0,0.0,0.0,1.4525027274510889,0.0,0.0,1.5749999999999998e-09
3332.0,1.0062616897406074,0.665774955,0.302431186,0.14476874059448866,0.8614929491461187,0.0,0.0,0.0,0.0,0.0,0.0,0.0,0.0,0.0,1.3119890347973027,0.0,0.0,1.5749999999999998e-09
3333.0,1.0092544104430035,0.551654191,0.280521594,0.11995387011027096,0.8893005403327324,0.0,0.0,0.0,0.0,0.0,0.0,0.0,0.0,0.0,1.1267237947571382,0.0,0.0,1.5749999999999998e-09
3334.0,1.011497281595474,0.417754297,0.25991381,0.09083814733557523,0.9206591342598986,0.0,0.0,0.0,0.0,0.0,0.0,0.0,0.0,0.0,0.9472632545809583,0.0,0.0,1.5749999999999998e-09
3335.0,1.004450482091702,0.271727445,0.243158445,0.059085490828666244,0.9453649912630356,0.0,0.0,0.0,0.0,0.0,0.0,0.0,0.0,0.0,0.8021416281475611,0.0,0.0,1.5749999999999998e-09
3336.0,0.9940594003517426,0.140620828,0.236940245,0.030577149257460738,0.9634822510942819,0.0,0.0,0.0,0.0,0.0,0.0,0.0,0.0,0.0,0.7393360349095973,0.0,0.0,1.5749999999999998e-09
3337.0,0.9940171235344204,0.052219975,0.239842478,0.01135491799120873,0.9826622055432117,0.0,0.0,0.0,0.0,0.0,0.0,0.0,0.0,0.0,0.7410135562459392,0.0,0.0,1.5749999999999998e-09
3338.0,0.9846762757308889,0.010148333,0.246243813,0.0022066936830681607,0.9824695820478208,0.0,0.0,0.0,0.0,0.0,0.0,0.0,0.0,0.0,0.7872106493190358,0.0,0.0,1.5749999999999998e-09
3339.0,0.9456663294725018,0.000415464,0.253218057,9.03401360935072e-05,0.9455759893364083,0.0,0.0,0.0,0.0,0.0,0.0,0.0,0.0,0.0,0.8742260363007835,0.0,0.0,1.5749999999999998e-09
3340.0,0.8863058832377616,0.0,0.254057402,0.0,0.8863058832377616,0.0,0.0,0.0,0.0,0.0,0.0,0.0,0.0,0.0,0.9395282624990189,0.0,0.0,1.5749999999999998e-09
3341.0,0.8305433771433676,0.0,0.25046797,0.0,0.8305433771433676,0.0,0.0,0.0,0.0,0.0,0.0,0.0,0.0,0.0,0.9694946002558327,0.0,0.0,1.5749999999999998e-09
3342.0,0.793649473585334,0.0,0.237841776,0.0,0.793649473585334,0.0,0.0,0.0,0.0,0.0,0.0,0.0,0.0,0.0,0.9156478445989978,0.0,0.0,1.5749999999999998e-09
3343.0,0.7608764018033879,0.0,0.220768287,0.0,0.7608764018033879,0.0,0.0,0.0,0.0,0.0,0.0,0.0,0.0,0.0,0.8257188854318072,0.0,0.0,1.5749999999999998e-09
3344.0,0.7451540504113652,0.0,0.206461602,0.0,0.7451540504113653,0.0,0.0,0.0,0.0,0.0,0.0,0.0,0.0,0.0,0.7386233941643969,0.0,0.0,1.5749999999999998e-09
3345.0,0.740523676994524,0.000385546,0.188306568,8.383464779212478e-05,0.7404398423467319,0.0,0.0,0.0,0.0,0.0,0.0,0.0,0.0,0.0,0.6128628326168772,0.0,0.0,1.5749999999999998e-09
3346.0,0.7593655785409847,0.007548147,0.169070049,0.0016412989506522783,0.7577242795903325,0.0,0.0,0.0,0.0,0.0,0.0,0.0,0.0,0.0,0.45733131830006324,0.0,0.0,1.5749999999999998e-09
3347.0,0.8050907892617211,0.043915206,0.153745706,0.009549096159027987,0.7955416931026931,0.0,0.0,0.0,0.0,0.0,0.0,0.0,0.0,0.0,0.3093824601215779,0.0,0.0,1.5749999999999998e-09
3348.0,0.8536774415677905,0.127251019,0.144150817,0.02766996508601821,0.8260074764817722,0.0,0.0,0.0,0.0,0.0,0.0,0.0,0.0,0.0,0.2099610949612041,0.0,0.0,1.5749999999999998e-09
3349.0,0.8888602649391363,0.259192211,0.13724362,0.05635977994752141,0.8325004849916149,0.0,0.0,0.0,0.0,0.0,0.0,0.0,0.0,0.0,0.15382813880704677,0.0,0.0,1.5749999999999998e-09
3350.0,0.9203850716928053,0.407824981,0.133623768,0.088679077575607,0.8317059941171983,0.0,0.0,0.0,0.0,0.0,0.0,0.0,0.0,0.0,0.12860784195206043,0.0,0.0,1.5749999999999998e-09
3351.0,0.9494445000447648,0.547129646,0.136227257,0.11897003514247304,0.8304744649022917,0.0,0.0,0.0,0.0,0.0,0.0,0.0,0.0,0.0,0.1485498636652335,0.0,0.0,1.5749999999999998e-09
3352.0,0.9695413421169589,0.65980814,0.137786788,0.14347129273102807,0.8260700493859308,0.0,0.0,0.0,0.0,0.0,0.0,0.0,0.0,0.0,0.16416215948234253,0.0,0.0,1.5749999999999998e-09
3353.0,0.9827604889548955,0.734291669,0.143630584,0.15966728599779653,0.823093202957099,0.0,0.0,0.0,0.0,0.0,0.0,0.0,0.0,0.0,0.2091366103640453,0.0,0.0,1.5749999999999998e-09
3354.0,0.9922637675303351,0.758965297,0.152427884,0.1650324173002453,0.8272313502300899,0.0,0.0,0.0,0.0,0.0,0.0,0.0,0.0,0.0,0.26822201258751904,0.0,0.0,1.5749999999999998e-09
3355.0,0.9997511318675637,0.733242429,0.162135482,0.15943913510049917,0.8403119967670646,0.0,0.0,0.0,0.0,0.0,0.0,0.0,0.0,0.0,0.32490695351997007,0.0,0.0,1.5749999999999998e-09
3356.0,1.0050178753772756,0.660309386,0.170742685,0.1435802856446291,0.8614375897326465,0.0,0.0,0.0,0.0,0.0,0.0,0.0,0.0,0.0,0.3656387400795398,0.0,0.0,1.5749999999999998e-09
3357.0,1.0101867152573556,0.547957617,0.175393788,0.1191500724328796,0.8910366428244759,0.0,0.0,0.0,0.0,0.0,0.0,0.0,0.0,0.0,0.3694657655269957,0.0,0.0,1.5749999999999998e-09
3358.0,1.0108653621675487,0.41488766,0.176953691,0.09021481444340963,0.920650547724139,0.0,0.0,0.0,0.0,0.0,0.0,0.0,0.0,0.0,0.35106241438020935,0.0,0.0,1.5749999999999998e-09
3359.0,1.000458704600167,0.271948276,0.176591907,0.05913350919510393,0.9413251954050631,0.0,0.0,0.0,0.0,0.0,0.0,0.0,0.0,0.0,0.3277877338902384,0.0,0.0,1.5749999999999998e-09
3360.0,0.9828939939043935,0.144329079,0.181871431,0.03138348602793636,0.9515105078764571,0.0,0.0,0.0,0.0,0.0,0.0,0.0,0.0,0.0,0.3555447727006892,0.0,0.0,1.5749999999999998e-09
3361.0,0.9761498026197095,0.054152475,0.193049551,0.011775128437843582,0.9643746741818658,0.0,0.0,0.0,0.0,0.0,0.0,0.0,0.0,0.0,0.42301439325004503,0.0,0.0,1.5749999999999998e-09
3362.0,0.9645193561814396,0.010392711,0.217253875,0.0022598322023580607,0.9622595239790815,0.0,0.0,0.0,0.0,0.0,0.0,0.0,0.0,0.0,0.5990787410978413,0.0,0.0,1.5749999999999998e-09
3363.0,0.9235847238170173,0.000413747,0.240271365,8.9966784819576e-05,0.9234947570321977,0.0,0.0,0.0,0.0,0.0,0.0,0.0,0.0,0.0,0.8032632866471797,0.0,0.0,1.5749999999999998e-09
3364.0,0.8825076871730552,0.0,0.253294077,0.0,0.8825076871730552,0.0,0.0,0.0,0.0,0.0,0.0,0.0,0.0,0.0,0.9378406713427155,0.0,0.0,1.5749999999999998e-09
3365.0,0.8336139759829521,0.0,0.259785027,0.0,0.8336139759829521,0.0,0.0,0.0,0.0,0.0,0.0,0.0,0.0,0.0,1.0333828881656921,0.0,0.0,1.5749999999999998e-09
3366.0,0.7923522572422032,0.0,0.260803722,0.0,0.7923522572422032,0.0,0.0,0.0,0.0,0.0,0.0,0.0,0.0,0.0,1.0819656615202773,0.0,0.0,1.5749999999999998e-09
3367.0,0.757276236830531,0.0,0.257163632,0.0,0.757276236830531,0.0,0.0,0.0,0.0,0.0,0.0,0.0,0.0,0.0,1.0908814497827004,0.0,0.0,1.5749999999999998e-09
3368.0,0.7367210302648721,8.84e-10,0.251730266,1.9222045786556806e-10,0.7367210300726517,0.0,0.0,0.0,0.0,0.0,0.0,0.0,0.0,0.0,1.0723886890694911,0.0,0.0,1.5749999999999998e-09
3369.0,0.725824857549105,0.000442633,0.240074994,9.624787095747736e-05,0.7257286096781475,0.0,0.0,0.0,0.0,0.0,0.0,0.0,0.0,0.0,0.9996181746786914,0.0,0.0,1.5749999999999998e-09
3370.0,0.7255890003048788,0.006182072,0.228284814,0.0013442541972827015,0.724244746107596,0.0,0.0,0.0,0.0,0.0,0.0,0.0,0.0,0.0,0.9163695602386911,0.0,0.0,1.5749999999999998e-09
3371.0,0.7355506433737832,0.039766475,0.207796532,0.008646979674434011,0.7269036636993492,0.0,0.0,0.0,0.0,0.0,0.0,0.0,0.0,0.0,0.766467521334203,0.0,0.0,1.5749999999999998e-09
3372.0,0.7524990094691292,0.126950952,0.182981495,0.02760471733021465,0.7248942921389145,0.0,0.0,0.0,0.0,0.0,0.0,0.0,0.0,0.0,0.5901386845777566,0.0,0.0,1.5749999999999998e-09
3373.0,0.7915890586972151,0.262709043,0.177393688,0.05712449381321855,0.7344645648839966,0.0,0.0,0.0,0.0,0.0,0.0,0.0,0.0,0.0,0.5404105233394788,0.0,0.0,1.5749999999999998e-09
3374.0,0.8354986111041003,0.413074704,0.189331149,0.08982059811715384,0.7456780129869466,0.0,0.0,0.0,0.0,0.0,0.0,0.0,0.0,0.0,0.6149880175024077,0.0,0.0,1.5749999999999998e-09
3375.0,0.8770584883989163,0.552845121,0.201110349,0.12021283064181604,0.7568456577571002,0.0,0.0,0.0,0.0,0.0,0.0,0.0,0.0,0.0,0.6884739407848104,0.0,0.0,1.5749999999999998e-09
3376.0,0.9093665201899416,0.664663251,0.205063059,0.1445270072778699,0.7648395129120716,0.0,0.0,0.0,0.0,0.0,0.0,0.0,0.0,0.0,0.7088870237051769,0.0,0.0,1.5749999999999998e-09
3377.0,0.9307383272803879,0.736967624,0.214435646,0.1602491562413799,0.7704891710390079,0.0,0.0,0.0,0.0,0.0,0.0,0.0,0.0,0.0,0.770595329738201,0.0,0.0,1.5749999999999998e-09
3378.0,0.9450366338771624,0.760967924,0.226270047,0.165467876439243,0.7795687574379194,0.0,0.0,0.0,0.0,0.0,0.0,0.0,0.0,0.0,0.8465660243783025,0.0,0.0,1.5749999999999998e-09
3379.0,0.9562977191216329,0.733618243,0.240330793,0.15952085358370313,0.7967768655379297,0.0,0.0,0.0,0.0,0.0,0.0,0.0,0.0,0.0,0.9304082693057226,0.0,0.0,1.5749999999999998e-09
3380.0,0.9649665955124274,0.659586977,0.253318752,0.1434232021731967,0.8215433933392308,0.0,0.0,0.0,0.0,0.0,0.0,0.0,0.0,0.0,0.998982296981051,0.0,0.0,1.5749999999999998e-09
3381.0,0.9729879766478741,0.54549362,0.261545343,0.11861429117550475,0.8543736854723692,0.0,0.0,0.0,0.0,0.0,0.0,0.0,0.0,0.0,1.0252740403901437,0.0,0.0,1.5749999999999998e-09
3382.0,0.9788421389356032,0.4105071,0.260034549,0.08926228814374042,0.8895798507918627,0.0,0.0,0.0,0.0,0.0,0.0,0.0,0.0,0.0,0.9792102529322713,0.0,0.0,1.5749999999999998e-09
3383.0,0.9727743707285266,0.266456645,0.246789376,0.05793938722084064,0.914834983507686,0.0,0.0,0.0,0.0,0.0,0.0,0.0,0.0,0.0,0.8587660450735364,0.0,0.0,1.5749999999999998e-09
3384.0,0.9609458921984823,0.136563853,0.245332866,0.029694984560572547,0.9312509076379097,0.0,0.0,0.0,0.0,0.0,0.0,0.0,0.0,0.0,0.8318826215881588,0.0,0.0,1.5749999999999998e-09
3385.0,0.9506126621033432,0.04970188,0.249953344,0.010807373450655564,0.9398052886526876,0.0,0.0,0.0,0.0,0.0,0.0,0.0,0.0,0.0,0.8565342264474928,0.0,0.0,1.5749999999999998e-09
3386.0,0.9411583358426818,0.009805643,0.268455851,0.002132177813491292,0.9390261580291905,0.0,0.0,0.0,0.0,0.0,0.0,0.0,0.0,0.0,0.9902853106389237,0.0,0.0,1.5749999999999998e-09
3387.0,0.9094265966672722,0.000404875,0.293219718,8.803762203430076e-05,0.9093385590452379,0.0,0.0,0.0,0.0,0.0,0.0,0.0,0.0,0.0,1.197943374538062,0.0,0.0,1.5749999999999998e-09
3388.0,0.8885109292377804,0.0,0.300721033,0.0,0.8885109292377804,0.0,0.0,0.0,0.0,0.0,0.0,0.0,0.0,0.0,1.2726806993873017,0.0,0.0,1.5749999999999998e-09
3389.0,0.8274082521614317,0.0,0.29151889,0.0,0.8274082521614317,0.0,0.0,0.0,0.0,0.0,0.0,0.0,0.0,0.0,1.2676503420742302,0.0,0.0,1.5749999999999998e-09
3390.0,0.7843331019391917,0.0,0.273851025,0.0,0.7843331019391917,0.0,0.0,0.0,0.0,0.0,0.0,0.0,0.0,0.0,1.1837518597814543,0.0,0.0,1.5749999999999998e-09
3391.0,0.7571805590333343,0.0,0.251806934,0.0,0.7571805590333343,0.0,0.0,0.0,0.0,0.0,0.0,0.0,0.0,0.0,1.0524801499685152,0.0,0.0,1.5749999999999998e-09
3392.0,0.7271532255470811,4.1e-10,0.227468319,8.915202231321595e-11,0.727153225457929,0.0,0.0,0.0,0.0,0.0,0.0,0.0,0.0,0.0,0.9075931768671112,0.0,0.0,1.5749999999999998e-09
3393.0,0.7146194001168688,0.000284111,0.198629226,6.177822002787827e-05,0.7145576218968409,0.0,0.0,0.0,0.0,0.0,0.0,0.0,0.0,0.0,0.7129308917897939,0.0,0.0,1.5749999999999998e-09
3394.0,0.710928007011836,0.007395118,0.174893762,0.0016080237193777194,0.7093199832924584,0.0,0.0,0.0,0.0,0.0,0.0,0.0,0.0,0.0,0.5475888885693495,0.0,0.0,1.5749999999999998e-09
3395.0,0.7106164974628567,0.050225658,0.15392532,0.010921265811492569,0.6996952316513642,0.0,0.0,0.0,0.0,0.0,0.0,0.0,0.0,0.0,0.40651975337576207,0.0,0.0,1.5749999999999998e-09
3396.0,0.7214503678688582,0.146084847,0.133686733,0.031765267169187164,0.689685100699671,0.0,0.0,0.0,0.0,0.0,0.0,0.0,0.0,0.0,0.271081245889184,0.0,0.0,1.5749999999999998e-09
3397.0,0.7571182577234933,0.283265532,0.125627598,0.0615943781205585,0.6955238796029348,0.0,0.0,0.0,0.0,0.0,0.0,0.0,0.0,0.0,0.20732388735680798,0.0,0.0,1.5749999999999998e-09
3398.0,0.798778262480527,0.435451587,0.151553679,0.09468631609890071,0.7040919463816262,0.0,0.0,0.0,0.0,0.0,0.0,0.0,0.0,0.0,0.3850787679998081,0.0,0.0,1.5749999999999998e-09
3399.0,0.8360370775673391,0.577267309,0.186398552,0.12552328783575153,0.7105137897315876,0.0,0.0,0.0,0.0,0.0,0.0,0.0,0.0,0.0,0.629076548035831,0.0,0.0,1.5749999999999998e-09
3400.0,0.8661200388658269,0.687736126,0.205894608,0.1495440645140407,0.7165759743517861,0.0,0.0,0.0,0.0,0.0,0.0,0.0,0.0,0.0,0.7631266548575344,0.0,0.0,1.5749999999999998e-09
3401.0,0.8930122473701442,0.758065722,0.223849992,0.16483681015275162,0.7281754372173925,0.0,0.0,0.0,0.0,0.0,0.0,0.0,0.0,0.0,0.8805671370946331,0.0,0.0,1.5749999999999998e-09
3402.0,0.9142461008459963,0.778749833,0.242658897,0.16933444509275414,0.7449116557532421,0.0,0.0,0.0,0.0,0.0,0.0,0.0,0.0,0.0,0.9990048624099421,0.0,0.0,1.5749999999999998e-09
3403.0,0.9328788461381304,0.745515176,0.262647769,0.16210776976973928,0.7707710763683913,0.0,0.0,0.0,0.0,0.0,0.0,0.0,0.0,0.0,1.1167994536246146,0.0,0.0,1.5749999999999998e-09
3404.0,0.9488971322516345,0.663219265,0.280730257,0.14421302124837726,0.8046841110032573,0.0,0.0,0.0,0.0,0.0,0.0,0.0,0.0,0.0,1.2128398223165906,0.0,0.0,1.5749999999999998e-09
3405.0,0.9670225617354502,0.543512473,0.293940493,0.11818350273270045,0.8488390590027498,0.0,0.0,0.0,0.0,0.0,0.0,0.0,0.0,0.0,1.2636228677475803,0.0,0.0,1.5749999999999998e-09
3406.0,0.9817436315058234,0.404216537,0.301772293,0.08789444323413385,0.8938491882716897,0.0,0.0,0.0,0.0,0.0,0.0,0.0,0.0,0.0,1.2748975298289877,0.0,0.0,1.5749999999999998e-09
3407.0,0.9882475148813357,0.257756014,0.306938942,0.05604748758900878,0.9322000272923269,0.0,0.0,0.0,0.0,0.0,0.0,0.0,0.0,0.0,1.2736778434099847,0.0,0.0,1.5749999999999998e-09
3408.0,0.9845805969337674,0.128918215,0.30830712,0.028032486781121885,0.9565481101526456,0.0,0.0,0.0,0.0,0.0,0.0,0.0,0.0,0.0,1.2591624443848168,0.0,0.0,1.5749999999999998e-09
3409.0,0.9805509932898558,0.046399935,0.311638904,0.010089385464516511,0.9704616078253393,0.0,0.0,0.0,0.0,0.0,0.0,0.0,0.0,0.0,1.2691934763559376,0.0,0.0,1.5749999999999998e-09
3410.0,0.9735709457608703,0.009485489,0.324255998,0.0020625622609262546,0.9715083834999441,0.0,0.0,0.0,0.0,0.0,0.0,0.0,0.0,0.0,1.3588219609328358,0.0,0.0,1.5749999999999998e-09
3411.0,0.9385550018265288,0.000429985,0.329255633,9.349763979109309e-05,0.9384615041867377,0.0,0.0,0.0,0.0,0.0,0.0,0.0,0.0,0.0,1.4277997134556353,0.0,0.0,1.5749999999999998e-09
3412.0,0.8841987408673747,0.0,0.330196581,0.0,0.8841987408673747,0.0,0.0,0.0,0.0,0.0,0.0,0.0,0.0,0.0,1.488824787080615,0.0,0.0,1.5749999999999998e-09
3413.0,0.8299337080403965,0.0,0.322134921,0.0,0.8299337080403965,0.0,0.0,0.0,0.0,0.0,0.0,0.0,0.0,0.0,1.4851530938628217,0.0,0.0,1.5749999999999998e-09
3414.0,0.7848203922550666,0.0,0.308566021,0.0,0.7848203922550666,0.0,0.0,0.0,0.0,0.0,0.0,0.0,0.0,0.0,1.4327508059103484,0.0,0.0,1.5749999999999998e-09
3415.0,0.7513441974055382,0.0,0.297365575,0.0,0.7513441974055383,0.0,0.0,0.0,0.0,0.0,0.0,0.0,0.0,0.0,1.3857327636571886,0.0,0.0,1.5749999999999998e-09
3416.0,0.7320617320255457,7.76e-09,0.290930058,1.6873651052452578e-09,0.7320617303381806,0.0,0.0,0.0,0.0,0.0,0.0,0.0,0.0,0.0,1.3587651053923604,0.0,0.0,1.5749999999999998e-09
3417.0,0.7269017924754323,0.000596704,0.273592812,0.00012974967883508587,0.7267720427965971,0.0,0.0,0.0,0.0,0.0,0.0,0.0,0.0,0.0,1.239457219745195,0.0,0.0,1.5749999999999998e-09
3418.0,0.7486874634094354,0.00961411,0.256248109,0.002090530120101738,0.7465969332893337,0.0,0.0,0.0,0.0,0.0,0.0,0.0,0.0,0.0,1.0949811648472458,0.0,0.0,1.5749999999999998e-09
3419.0,0.7969203283492785,0.051267554,0.239402094,0.011147819800370742,0.7857725085489078,0.0,0.0,0.0,0.0,0.0,0.0,0.0,0.0,0.0,0.9347383458684985,0.0,0.0,1.5749999999999998e-09
3420.0,0.8489558400187736,0.135530793,0.211689624,0.029470351906497202,0.8194854881122764,0.0,0.0,0.0,0.0,0.0,0.0,0.0,0.0,0.0,0.7018641783594773,0.0,0.0,1.5749999999999998e-09
3421.0,0.8896190138191036,0.259875056,0.199567519,0.0565082604662445,0.8331107533528591,0.0,0.0,0.0,0.0,0.0,0.0,0.0,0.0,0.0,0.6011209899528279,0.0,0.0,1.5749999999999998e-09
3422.0,0.926771025946242,0.399572046,0.239912808,0.08688452673348622,0.8398864992127558,0.0,0.0,0.0,0.0,0.0,0.0,0.0,0.0,0.0,0.884294703136122,0.0,0.0,1.5749999999999998e-09
3423.0,0.96193827449009,0.531335021,0.284407677,0.11553558938532942,0.8464026851047605,0.0,0.0,0.0,0.0,0.0,0.0,0.0,0.0,0.0,1.1975497598481215,0.0,0.0,1.5749999999999998e-09
3424.0,0.9929513147704947,0.632381671,0.307796098,0.13750757278892875,0.855443741981566,0.0,0.0,0.0,0.0,0.0,0.0,0.0,0.0,0.0,1.3565942511210498,0.0,0.0,1.5749999999999998e-09
3425.0,1.0184573046319407,0.693230422,0.321536172,0.15073876597644903,0.8677185386554916,0.0,0.0,0.0,0.0,0.0,0.0,0.0,0.0,0.0,1.4430652342459356,0.0,0.0,1.5749999999999998e-09
3426.0,1.043620633289562,0.710724454,0.327946275,0.1545427375159908,0.889077895773571,0.0,0.0,0.0,0.0,0.0,0.0,0.0,0.0,0.0,1.4677733596847693,0.0,0.0,1.5749999999999998e-09
3427.0,1.0640935120530115,0.680991236,0.327966524,0.14807742894384515,0.9160160831091663,0.0,0.0,0.0,0.0,0.0,0.0,0.0,0.0,0.0,1.4409806958227116,0.0,0.0,1.5749999999999998e-09
3428.0,1.081615946931387,0.606558835,0.324459864,0.1318925531517031,0.949723393779684,0.0,0.0,0.0,0.0,0.0,0.0,0.0,0.0,0.0,1.3820720742866703,0.0,0.0,1.5749999999999998e-09
3429.0,1.0924030908550457,0.50158693,0.316817762,0.10906704676921337,0.9833360440858324,0.0,0.0,0.0,0.0,0.0,0.0,0.0,0.0,0.0,1.293537935108478,0.0,0.0,1.5749999999999998e-09
3430.0,1.0972359460286818,0.380264796,0.303217241,0.08268628189737198,1.0145496641313099,0.0,0.0,0.0,0.0,0.0,0.0,0.0,0.0,0.0,1.1645814607075506,0.0,0.0,1.5749999999999998e-09
3431.0,1.0916821681274549,0.248455112,0.296926763,0.054025062655747726,1.0376571054717072,0.0,0.0,0.0,0.0,0.0,0.0,0.0,0.0,0.0,1.0962662457105288,0.0,0.0,1.5749999999999998e-09
3432.0,1.0766940894580104,0.13049257,0.312977651,0.028374820761826573,1.0483192686961837,0.0,0.0,0.0,0.0,0.0,0.0,0.0,0.0,0.0,1.2009569875740007,0.0,0.0,1.5749999999999998e-09
3433.0,1.0630877797664164,0.052687626,0.340222738,0.011456605875078968,1.0516311738913373,0.0,0.0,0.0,0.0,0.0,0.0,0.0,0.0,0.0,1.3934473292591376,0.0,0.0,1.5749999999999998e-09
3434.0,1.0477748405530802,0.012147825,0.357293304,0.0026414711352610795,1.045133369417819,0.0,0.0,0.0,0.0,0.0,0.0,0.0,0.0,0.0,1.5226261579598235,0.0,0.0,1.5749999999999998e-09
3435.0,0.9987476244134791,0.000580014,0.365226387,0.0001261205391950674,0.9986215038742841,0.0,0.0,0.0,0.0,0.0,0.0,0.0,0.0,0.0,1.6261507053159674,0.0,0.0,1.5749999999999998e-09
3436.0,0.9348458090614878,0.0,0.359638433,0.0,0.9348458090614878,0.0,0.0,0.0,0.0,0.0,0.0,0.0,0.0,0.0,1.6497674551907748,0.0,0.0,1.5749999999999998e-09
3437.0,0.8730644850749462,0.0,0.347957629,0.0,0.8730644850749462,0.0,0.0,0.0,0.0,0.0,0.0,0.0,0.0,0.0,1.627602353586226,0.0,0.0,1.5749999999999998e-09
3438.0,0.8240061182804245,0.0,0.328456633,0.0,0.8240061182804245,0.0,0.0,0.0,0.0,0.0,0.0,0.0,0.0,0.0,1.5365129266444477,0.0,0.0,1.5749999999999998e-09
3439.0,0.7869164094629765,0.0,0.309831668,0.0,0.7869164094629765,0.0,0.0,0.0,0.0,0.0,0.0,0.0,0.0,0.0,1.4397506130746383,0.0,0.0,1.5749999999999998e-09
3440.0,0.7656358295047814,2.14e-09,0.296575303,4.65330067683615e-10,0.7656358290394513,0.0,0.0,0.0,0.0,0.0,0.0,0.0,0.0,0.0,1.3657616848170113,0.0,0.0,1.5749999999999998e-09
3441.0,0.7596526129324996,0.000357837,0.27930402,7.78094931914494e-05,0.7595748034393083,0.0,0.0,0.0,0.0,0.0,0.0,0.0,0.0,0.0,1.247699193472416,0.0,0.0,1.5749999999999998e-09
3442.0,0.7752993130196939,0.007819409,0.261017394,0.001700283233278443,0.7735990297864154,0.0,0.0,0.0,0.0,0.0,0.0,0.0,0.0,0.0,1.102254485382691,0.0,0.0,1.5749999999999998e-09
3443.0,0.8160136629673879,0.041880189,0.231241123,0.009106594010267564,0.8069070689571203,0.0,0.0,0.0,0.0,0.0,0.0,0.0,0.0,0.0,0.8549533411242155,0.0,0.0,1.5749999999999998e-09
3444.0,0.8674484058638783,0.11391108,0.203357143,0.024769275965567137,0.8426791298983112,0.0,0.0,0.0,0.0,0.0,0.0,0.0,0.0,0.0,0.6187875014454091,0.0,0.0,1.5749999999999998e-09
3445.0,0.9094688734845944,0.231783288,0.183150172,0.050399875277089175,0.8590689982075052,0.0,0.0,0.0,0.0,0.0,0.0,0.0,0.0,0.0,0.45717620938209474,0.0,0.0,1.5749999999999998e-09
3446.0,0.9502321757470668,0.370096663,0.209449939,0.08047528282395797,0.8697568929231088,0.0,0.0,0.0,0.0,0.0,0.0,0.0,0.0,0.0,0.6354968309919528,0.0,0.0,1.5749999999999998e-09
3447.0,0.9914916676554557,0.501752712,0.247112946,0.1091030950632698,0.882388572592186,0.0,0.0,0.0,0.0,0.0,0.0,0.0,0.0,0.0,0.893537856272143,0.0,0.0,1.5749999999999998e-09
3448.0,1.0290352923012724,0.605247489,0.268880281,0.1316074088886486,0.8974278834126239,0.0,0.0,0.0,0.0,0.0,0.0,0.0,0.0,0.0,1.0349338360270661,0.0,0.0,1.5749999999999998e-09
3449.0,1.060281964993393,0.670333055,0.287056007,0.14575987189425907,0.9145220930991339,0.0,0.0,0.0,0.0,0.0,0.0,0.0,0.0,0.0,1.148463103134024,0.0,0.0,1.5749999999999998e-09
3450.0,1.0814423909970021,0.691875794,0.301135455,0.15044421030405364,0.9309981806929485,0.0,0.0,0.0,0.0,0.0,0.0,0.0,0.0,0.0,1.2331717742174055,0.0,0.0,1.5749999999999998e-09
3451.0,1.114725004419702,0.668565727,0.307000575,0.14537557710086693,0.969349427318835,0.0,0.0,0.0,0.0,0.0,0.0,0.0,0.0,0.0,1.2369713812196441,0.0,0.0,1.5749999999999998e-09
3452.0,1.1345615130902806,0.603760782,0.304775216,0.13128413343587492,1.0032773796544057,0.0,0.0,0.0,0.0,0.0,0.0,0.0,0.0,0.0,1.1870504429811373,0.0,0.0,1.5749999999999998e-09
3453.0,1.1189415139929861,0.502414663,0.288590457,0.10924703230795824,1.0096944816850277,0.0,0.0,0.0,0.0,0.0,0.0,0.0,0.0,0.0,1.0643183452444631,0.0,0.0,1.5749999999999998e-09
3454.0,1.1266313590870851,0.381789381,0.268679908,0.08301779369234367,1.0436135653947416,0.0,0.0,0.0,0.0,0.0,0.0,0.0,0.0,0.0,0.8873081335519274,0.0,0.0,1.5749999999999998e-09
3455.0,1.122029912492579,0.252598159,0.263030961,0.0549259431888909,1.0671039693036883,0.0,0.0,0.0,0.0,0.0,0.0,0.0,0.0,0.0,0.8232204463563579,0.0,0.0,1.5749999999999998e-09
3456.0,1.1347306183597203,0.136758239,0.281238023,0.029737252621571026,1.1049933657381492,0.0,0.0,0.0,0.0,0.0,0.0,0.0,0.0,0.0,0.9161797291237199,0.0,0.0,1.5749999999999998e-09
3457.0,1.1164627845963646,0.05588901,0.308565666,0.012152727479472072,1.1043100571168922,0.0,0.0,0.0,0.0,0.0,0.0,0.0,0.0,0.0,1.1132585897702816,0.0,0.0,1.5749999999999998e-09
3458.0,1.0987378689611185,0.012837502,0.330640367,0.0027914372310974497,1.095946431730021,0.0,0.0,0.0,0.0,0.0,0.0,0.0,0.0,0.0,1.2802664527406333,0.0,0.0,1.5749999999999998e-09
3459.0,1.0456966240051035,0.000580513,0.345228043,0.00012622904372954128,1.045570394961374,0.0,0.0,0.0,0.0,0.0,0.0,0.0,0.0,0.0,1.4354797299835604,0.0,0.0,1.5749999999999998e-09
3460.0,0.9787753869608166,0.0,0.351262588,0.0,0.9787753869608166,0.0,0.0,0.0,0.0,0.0,0.0,0.0,0.0,0.0,1.5456431981362266,0.0,0.0,1.5749999999999998e-09
3461.0,0.9172388215483923,0.0,0.348803939,0.0,0.9172388215483923,0.0,0.0,0.0,0.0,0.0,0.0,0.0,0.0,0.0,1.5895101925727908,0.0,0.0,1.5749999999999998e-09
3462.0,0.8635322806770964,0.0,0.343966695,0.0,0.8635322806770964,0.0,0.0,0.0,0.0,0.0,0.0,0.0,0.0,0.0,1.6084529155158045,0.0,0.0,1.5749999999999998e-09
3463.0,0.8218121984428074,0.0,0.339847528,0.0,0.8218121984428074,0.0,0.0,0.0,0.0,0.0,0.0,0.0,0.0,0.0,1.6205697832742088,0.0,0.0,1.5749999999999998e-09
3464.0,0.795429530579319,5.1e-08,0.337498539,1.1089641799936618e-08,0.7954295194896771,0.0,0.0,0.0,0.0,0.0,0.0,0.0,0.0,0.0,1.6300709846935326,0.0,0.0,1.5749999999999998e-09
3465.0,0.7862199618928504,0.000340675,0.317658612,7.407772000379231e-05,0.7861458841728466,0.0,0.0,0.0,0.0,0.0,0.0,0.0,0.0,0.0,1.4967710311034557,0.0,0.0,1.5749999999999998e-09
3466.0,0.8023584019609402,0.005359777,0.296694627,0.001165451118775272,0.8011929508421649,0.0,0.0,0.0,0.0,0.0,0.0,0.0,0.0,0.0,1.331062108718106,0.0,0.0,1.5749999999999998e-09
3467.0,0.872352462677322,0.032072412,0.274680394,0.00697395217137233,0.8653785105059497,0.0,0.0,0.0,0.0,0.0,0.0,0.0,0.0,0.0,1.1086668768023573,0.0,0.0,1.5749999999999998e-09
3468.0,0.8906781480854978,0.100666093,0.249659851,0.021889233583707982,0.8687889145017897,0.0,0.0,0.0,0.0,0.0,0.0,0.0,0.0,0.0,0.925441354669257,0.0,0.0,1.5749999999999998e-09
3469.0,0.9357647628809279,0.219407637,0.258983452,0.04770886475491216,0.8880558981260157,0.0,0.0,0.0,0.0,0.0,0.0,0.0,0.0,0.0,0.9731802875545043,0.0,0.0,1.5749999999999998e-09
3470.0,0.9812674663524256,0.361544318,0.312008401,0.07861562708671327,0.9026518392657122,0.0,0.0,0.0,0.0,0.0,0.0,0.0,0.0,0.0,1.3396587087360883,0.0,0.0,1.5749999999999998e-09
3471.0,1.0283099189087364,0.497593616,0.351625621,0.10819872477206295,0.9201111941366733,0.0,0.0,0.0,0.0,0.0,0.0,0.0,0.0,0.0,1.6069163999568061,0.0,0.0,1.5749999999999998e-09
3472.0,1.0717544313247005,0.598577088,0.378284572,0.13015697050135566,0.9415974608233447,0.0,0.0,0.0,0.0,0.0,0.0,0.0,0.0,0.0,1.7770199969865386,0.0,0.0,1.5749999999999998e-09
3473.0,1.108234472039102,0.660752995,0.399950344,0.14367674574088846,0.9645577262982136,0.0,0.0,0.0,0.0,0.0,0.0,0.0,0.0,0.0,1.9097651193489744,0.0,0.0,1.5749999999999998e-09
3474.0,1.1426229452106145,0.680804839,0.416786612,0.14803689804261805,0.9945860471679965,0.0,0.0,0.0,0.0,0.0,0.0,0.0,0.0,0.0,2.00073399344057,0.0,0.0,1.5749999999999998e-09
3475.0,1.1726146783769265,0.657962579,0.423251216,0.1430699866445588,1.0295446917323676,0.0,0.0,0.0,0.0,0.0,0.0,0.0,0.0,0.0,2.0122345137300797,0.0,0.0,1.5749999999999998e-09
3476.0,1.3351783702785804,0.59044961,0.415290792,0.12838969952573087,1.2067886707528495,0.0,0.0,0.0,0.0,0.0,0.0,0.0,0.0,0.0,1.777781361352222,0.0,0.0,1.5749999999999998e-09
3477.0,1.2118360057221504,0.488881308,0.384555722,0.10630428604714684,1.1055317196750036,0.0,0.0,0.0,0.0,0.0,0.0,0.0,0.0,0.0,1.658154607267995,0.0,0.0,1.5749999999999998e-09
3478.0,1.2187448516113282,0.375829018,0.336515824,0.08172174877729278,1.1370231028340354,0.0,0.0,0.0,0.0,0.0,0.0,0.0,0.0,0.0,1.281414924175108,0.0,0.0,1.5749999999999998e-09
3479.0,1.207332461757351,0.255293755,0.298344386,0.055512084249230945,1.1518203775081202,0.0,0.0,0.0,0.0,0.0,0.0,0.0,0.0,0.0,0.9922910038547197,0.0,0.0,1.5749999999999998e-09
3480.0,1.1831147889089944,0.142546113,0.285744835,0.030995790845946836,1.1521189980630475,0.0,0.0,0.0,0.0,0.0,0.0,0.0,0.0,0.0,0.9014431993135998,0.0,0.0,1.5749999999999998e-09
3481.0,1.1617073794987574,0.058344459,0.283696937,0.01268665002590369,1.1490207294728536,0.0,0.0,0.0,0.0,0.0,0.0,0.0,0.0,0.0,0.8898238408401824,0.0,0.0,1.5749999999999998e-09
3482.0,1.140364498230721,0.013395126,0.29290379,0.0029126892000983884,1.1374518090306225,0.0,0.0,0.0,0.0,0.0,0.0,0.0,0.0,0.0,0.9675596450253997,0.0,0.0,1.5749999999999998e-09
3483.0,1.087301002949752,0.000695011,0.300038196,0.00015112594190226961,1.0871498770078498,0.0,0.0,0.0,0.0,0.0,0.0,0.0,0.0,0.0,1.0691344074471438,0.0,0.0,1.5749999999999998e-09
3484.0,1.0149127664713935,2.12e-11,0.300343772,4.609811885463849e-12,1.0149127664667836,0.0,0.0,0.0,0.0,0.0,0.0,0.0,0.0,0.0,1.1435676008046347,0.0,0.0,1.5749999999999998e-09
3485.0,0.9474953377813404,0.0,0.295701963,0.0,0.9474953377813404,0.0,0.0,0.0,0.0,0.0,0.0,0.0,0.0,0.0,1.177625744133817,0.0,0.0,1.5749999999999998e-09
3486.0,0.8916638548796494,0.0,0.287298175,0.0,0.8916638548796494,0.0,0.0,0.0,0.0,0.0,0.0,0.0,0.0,0.0,1.1730617299425596,0.0,0.0,1.5749999999999998e-09
3487.0,0.8477098008229313,0.0,0.274300011,0.0,0.8477098008229313,0.0,0.0,0.0,0.0,0.0,0.0,0.0,0.0,0.0,1.1236018882565881,0.0,0.0,1.5749999999999998e-09
3488.0,0.8172886289855649,3.42e-09,0.262634956,7.436583324663379e-10,0.8172886282419065,0.0,0.0,0.0,0.0,0.0,0.0,0.0,0.0,0.0,1.0701898185733407,0.0,0.0,1.5749999999999998e-09
3489.0,0.8057471858469603,0.00029297,0.246537678,6.370455604171434e-05,0.8056834812909185,0.0,0.0,0.0,0.0,0.0,0.0,0.0,0.0,0.0,0.9661086694572006,0.0,0.0,1.5749999999999998e-09
3490.0,0.8189196062025538,0.006350014,0.229054983,0.001380772170285936,0.8175388340322679,0.0,0.0,0.0,0.0,0.0,0.0,0.0,0.0,0.0,0.8286104453048395,0.0,0.0,1.5749999999999998e-09
3491.0,0.8620570587345595,0.03621255,0.205790243,0.007874200160044996,0.8541828585745145,0.0,0.0,0.0,0.0,0.0,0.0,0.0,0.0,0.0,0.6247697307653918,0.0,0.0,1.5749999999999998e-09
3492.0,0.914486408755168,0.114209075,0.178447756,0.02483407317749208,0.8896523355776759,0.0,0.0,0.0,0.0,0.0,0.0,0.0,0.0,0.0,0.39279802237294764,0.0,0.0,1.5749999999999998e-09
3493.0,0.9631998895133547,0.247807135,0.184351183,0.053884163972912485,0.9093157255404422,0.0,0.0,0.0,0.0,0.0,0.0,0.0,0.0,0.0,0.4155607869272793,0.0,0.0,1.5749999999999998e-09
3494.0,1.009993133830527,0.40234735,0.228635741,0.08748799981673977,0.9225051340137872,0.0,0.0,0.0,0.0,0.0,0.0,0.0,0.0,0.0,0.7206311791475621,0.0,0.0,1.5749999999999998e-09
3495.0,1.0602841898259034,0.544808611,0.260966444,0.118465340108059,0.9418188497178445,0.0,0.0,0.0,0.0,0.0,0.0,0.0,0.0,0.0,0.933668503123406,0.0,0.0,1.5749999999999998e-09
3496.0,1.106679147126866,0.654570084,0.277759713,0.14233230910812594,0.96434683801874,0.0,0.0,0.0,0.0,0.0,0.0,0.0,0.0,0.0,1.0318286889019375,0.0,0.0,1.5749999999999998e-09
3497.0,1.1451662017495121,0.718619658,0.287247731,0.15625950191397955,0.9889066998355327,0.0,0.0,0.0,0.0,0.0,0.0,0.0,0.0,0.0,1.075456359128652,0.0,0.0,1.5749999999999998e-09
3498.0,1.1799396119422467,0.735019919,0.294292139,0.15982563955938092,1.020113972382866,0.0,0.0,0.0,0.0,0.0,0.0,0.0,0.0,0.0,1.094875128419302,0.0,0.0,1.5749999999999998e-09
3499.0,1.2039347785412895,0.705185518,0.296636474,0.15333832935534814,1.0505964491859414,0.0,0.0,0.0,0.0,0.0,0.0,0.0,0.0,0.0,1.081240682251625,0.0,0.0,1.5749999999999998e-09
3500.0,1.2245300360918354,0.63296064,0.290040341,0.13763346609918892,1.0868965699926465,0.0,0.0,0.0,0.0,0.0,0.0,0.0,0.0,0.0,0.9975361372226287,0.0,0.0,1.5749999999999998e-09
3501.0,1.234950043654205,0.526804663,0.272492112,0.11455049041581025,1.1203995532383946,0.0,0.0,0.0,0.0,0.0,0.0,0.0,0.0,0.0,0.8379193094158459,0.0,0.0,1.5749999999999998e-09
3502.0,1.232671571181868,0.40600988,0.251886138,0.08828439483206374,1.1443871763498044,0.0,0.0,0.0,0.0,0.0,0.0,0.0,0.0,0.0,0.6658427479811023,0.0,0.0,1.5749999999999998e-09
3503.0,1.21639962616428,0.274522225,0.235504478,0.05969319885042364,1.1567064273138565,0.0,0.0,0.0,0.0,0.0,0.0,0.0,0.0,0.0,0.5357934330378462,0.0,0.0,1.5749999999999998e-09
3504.0,1.1883948824136936,0.151915759,0.239186754,0.03303316374657839,1.1553617186671152,0.0,0.0,0.0,0.0,0.0,0.0,0.0,0.0,0.0,0.5636015519292813,0.0,0.0,1.5749999999999998e-09
3505.0,1.1651095133797646,0.06153193,0.263502528,0.013379746332524981,1.1517297670472397,0.0,0.0,0.0,0.0,0.0,0.0,0.0,0.0,0.0,0.741983658827918,0.0,0.0,1.5749999999999998e-09
3506.0,1.1456690678928096,0.014734642,0.286784893,0.00320395885941768,1.142465109033392,0.0,0.0,0.0,0.0,0.0,0.0,0.0,0.0,0.0,0.9185716724136175,0.0,0.0,1.5749999999999998e-09
3507.0,1.090389401449345,0.00083382,0.302770117,0.00018130912011025786,1.0902080923292348,0.0,0.0,0.0,0.0,0.0,0.0,0.0,0.0,0.0,1.0857096867847944,0.0,0.0,1.5749999999999998e-09
3508.0,1.0228251188147313,4.48e-10,0.303280937,9.741489267395304e-11,1.0228251187173163,0.0,0.0,0.0,0.0,0.0,0.0,0.0,0.0,0.0,1.156763770118307,0.0,0.0,1.5749999999999998e-09
3509.0,0.9544286588279827,0.0,0.296643222,0.0,0.9544286588279827,0.0,0.0,0.0,0.0,0.0,0.0,0.0,0.0,0.0,1.1774569684562644,0.0,0.0,1.5749999999999998e-09
3510.0,0.8954932015992763,0.0,0.286745875,0.0,0.8954932015992763,0.0,0.0,0.0,0.0,0.0,0.0,0.0,0.0,0.0,1.1652631692155786,0.0,0.0,1.5749999999999998e-09
3511.0,0.8500171991176784,0.0,0.273108483,0.0,0.8500171991176784,0.0,0.0,0.0,0.0,0.0,0.0,0.0,0.0,0.0,1.1127313365529063,0.0,0.0,1.5749999999999998e-09
3512.0,0.8208376178110577,1.47e-07,0.260651694,3.1964261658640844e-08,0.820837585846796,0.0,0.0,0.0,0.0,0.0,0.0,0.0,0.0,0.0,1.0523877533989179,0.0,0.0,1.5749999999999998e-09
3513.0,0.810215128491893,0.000511034,0.242001786,0.00011112125505076098,0.8101040072368423,0.0,0.0,0.0,0.0,0.0,0.0,0.0,0.0,0.0,0.9290900517816985,0.0,0.0,1.5749999999999998e-09
3514.0,0.8212715061471333,0.007286805,0.223891463,0.0015844717120781797,0.8196870344350552,0.0,0.0,0.0,0.0,0.0,0.0,0.0,0.0,0.0,0.7893535794824368,0.0,0.0,1.5749999999999998e-09
3515.0,0.8552105151551475,0.040683835,0.198420646,0.008846454062700477,0.846364061092447,0.0,0.0,0.0,0.0,0.0,0.0,0.0,0.0,0.0,0.57962545086025,0.0,0.0,1.5749999999999998e-09
3516.0,0.9018302045378594,0.123156271,0.166688767,0.02677958687854749,0.875050617659312,0.0,0.0,0.0,0.0,0.0,0.0,0.0,0.0,0.0,0.32289142261772047,0.0,0.0,1.5749999999999998e-09
3517.0,0.9552563855151718,0.255540395,0.153196255,0.05556571462675126,0.8996906708884206,0.0,0.0,0.0,0.0,0.0,0.0,0.0,0.0,0.0,0.20128474323471937,0.0,0.0,1.5749999999999998e-09
3518.0,1.0067912568738044,0.405507596,0.168163247,0.08817517621163551,0.9186160806621689,0.0,0.0,0.0,0.0,0.0,0.0,0.0,0.0,0.0,0.28992260395591674,0.0,0.0,1.5749999999999998e-09
3519.0,1.0591805549096012,0.545366262,0.183092016,0.11858659794804678,0.9405939569615545,0.0,0.0,0.0,0.0,0.0,0.0,0.0,0.0,0.0,0.37523330094524315,0.0,0.0,1.5749999999999998e-09
3520.0,1.1056867658351832,0.65229298,0.191907795,0.14183716660418078,0.9638495992310023,0.0,0.0,0.0,0.0,0.0,0.0,0.0,0.0,0.0,0.41533401118808777,0.0,0.0,1.5749999999999998e-09
3521.0,1.1469151070886519,0.714678151,0.202182628,0.15540244503590225,0.9915126620527497,0.0,0.0,0.0,0.0,0.0,0.0,0.0,0.0,0.0,0.46151308319673257,0.0,0.0,1.5749999999999998e-09
3522.0,1.1740075725172539,0.732009483,0.210270693,0.15917103844366262,1.0148365340735912,0.0,0.0,0.0,0.0,0.0,0.0,0.0,0.0,0.0,0.4963157020149124,0.0,0.0,1.5749999999999998e-09
3523.0,1.1965252913413247,0.701814482,0.215050911,0.1526053179487856,1.043919973392539,0.0,0.0,0.0,0.0,0.0,0.0,0.0,0.0,0.0,0.5015862519116207,0.0,0.0,1.5749999999999998e-09
3524.0,1.2103741337746008,0.630912616,0.21607045,0.1371881356568816,1.0731859981177192,0.0,0.0,0.0,0.0,0.0,0.0,0.0,0.0,0.0,0.4796473473744612,0.0,0.0,1.5749999999999998e-09
3525.0,1.216893591977611,0.524485382,0.213229586,0.11404617677809657,1.1028474151995142,0.0,0.0,0.0,0.0,0.0,0.0,0.0,0.0,0.0,0.4295694950549541,0.0,0.0,1.5749999999999998e-09
3526.0,1.2133668544769969,0.403817563,0.208266846,0.08780768874888899,1.1255591657281079,0.0,0.0,0.0,0.0,0.0,0.0,0.0,0.0,0.0,0.3711920245863694,0.0,0.0,1.5749999999999998e-09
3527.0,1.1918214914521656,0.272827303,0.207025222,0.05932464830417203,1.1324968431479934,0.0,0.0,0.0,0.0,0.0,0.0,0.0,0.0,0.0,0.35533116887087063,0.0,0.0,1.5749999999999998e-09
3528.0,1.1586812833089302,0.151824985,0.216692598,0.03301342548883823,1.125667857820092,0.0,0.0,0.0,0.0,0.0,0.0,0.0,0.0,0.0,0.43163667825012086,0.0,0.0,1.5749999999999998e-09
3529.0,1.130845643827859,0.063557762,0.242901958,0.013820251258541631,1.1170253925693172,0.0,0.0,0.0,0.0,0.0,0.0,0.0,0.0,0.0,0.6286379319053672,0.0,0.0,1.5749999999999998e-09
3530.0,1.109309181132994,0.016330592,0.265097299,0.003550988542370795,1.1057581925906232,0.0,0.0,0.0,0.0,0.0,0.0,0.0,0.0,0.0,0.799416372867591,0.0,0.0,1.5749999999999998e-09
3531.0,1.0620664726523235,0.000999052,0.273294407,0.00021723781999039764,1.0618492348323332,0.0,0.0,0.0,0.0,0.0,0.0,0.0,0.0,0.0,0.9022354807135065,0.0,0.0,1.5749999999999998e-09
3532.0,0.9968718896222974,2.28e-09,0.272221433,4.957722216442253e-10,0.9968718891265252,0.0,0.0,0.0,0.0,0.0,0.0,0.0,0.0,0.0,0.9595016849557494,0.0,0.0,1.5749999999999998e-09
3533.0,0.9306582253106137,0.0,0.268980193,0.0,0.9306582253106136,0.0,0.0,0.0,0.0,0.0,0.0,0.0,0.0,0.0,1.002421531626637,0.0,0.0,1.5749999999999998e-09
3534.0,0.877459001247561,0.0,0.263014619,0.0,0.877459001247561,0.0,0.0,0.0,0.0,0.0,0.0,0.0,0.0,0.0,1.012747969372999,0.0,0.0,1.5749999999999998e-09
3535.0,0.8354007074744684,0.0,0.257954587,0.0,0.8354007074744684,0.0,0.0,0.0,0.0,0.0,0.0,0.0,0.0,0.0,1.0184413348606298,0.0,0.0,1.5749999999999998e-09
3536.0,0.8033018319377696,2.4e-07,0.249871386,5.218654964676056e-08,0.80330177975122,0.0,0.0,0.0,0.0,0.0,0.0,0.0,0.0,0.0,0.9924487278501108,0.0,0.0,1.5749999999999998e-09
3537.0,0.7838480364558272,0.000617647,0.229842892,0.00013430360762363633,0.7837137328482036,0.0,0.0,0.0,0.0,0.0,0.0,0.0,0.0,0.0,0.8680980115247908,0.0,0.0,1.5749999999999998e-09
3538.0,0.7749544269833588,0.007816606,0.205902139,0.0016996737378673604,0.7732547532454914,0.0,0.0,0.0,0.0,0.0,0.0,0.0,0.0,0.0,0.7065019989960388,0.0,0.0,1.5749999999999998e-09
3539.0,0.7776267368068843,0.043517672,0.18273764,0.009462654793081006,0.7681640820138033,0.0,0.0,0.0,0.0,0.0,0.0,0.0,0.0,0.0,0.5451163821521468,0.0,0.0,1.5749999999999998e-09
3540.0,0.796275057926441,0.128562802,0.148137839,0.027955204372081863,0.7683198535543592,0.0,0.0,0.0,0.0,0.0,0.0,0.0,0.0,0.0,0.2963022459893406,0.0,0.0,1.5749999999999998e-09
3541.0,0.8410657390003146,0.266316396,0.131123494,0.05790889092333477,0.7831568480769798,0.0,0.0,0.0,0.0,0.0,0.0,0.0,0.0,0.0,0.15918827065926489,0.0,0.0,1.5749999999999998e-09
3542.0,0.9011270814702772,0.419598209,0.150402084,0.09123909485695963,0.8098879866133176,0.0,0.0,0.0,0.0,0.0,0.0,0.0,0.0,0.0,0.2710065608211692,0.0,0.0,1.5749999999999998e-09
3543.0,0.9615711371288762,0.555332185,0.178939533,0.12075362767894383,0.8408175094499324,0.0,0.0,0.0,0.0,0.0,0.0,0.0,0.0,0.0,0.44516710190806885,0.0,0.0,1.5749999999999998e-09
3544.0,1.0172223895986507,0.654489547,0.197124185,0.14231479682417217,0.8749075927744785,0.0,0.0,0.0,0.0,0.0,0.0,0.0,0.0,0.0,0.5417646438546834,0.0,0.0,1.5749999999999998e-09
3545.0,1.062925349994433,0.710388659,0.212603139,0.1544697209224965,0.9084556290719367,0.0,0.0,0.0,0.0,0.0,0.0,0.0,0.0,0.0,0.6194591949843331,0.0,0.0,1.5749999999999998e-09
3546.0,1.09647719614879,0.719442574,0.225767693,0.1564384400251842,0.9400387561236059,0.0,0.0,0.0,0.0,0.0,0.0,0.0,0.0,0.0,0.6824857585670494,0.0,0.0,1.5749999999999998e-09
3547.0,1.1229421918144877,0.684450212,0.234491687,0.14882956237197412,0.9741126294425136,0.0,0.0,0.0,0.0,0.0,0.0,0.0,0.0,0.0,0.7111086065678489,0.0,0.0,1.5749999999999998e-09
3548.0,1.1451016746072358,0.612663751,0.238852821,0.1332200302430502,1.0118816443641856,0.0,0.0,0.0,0.0,0.0,0.0,0.0,0.0,0.0,0.7046817501845595,0.0,0.0,1.5749999999999998e-09
3549.0,1.1641571830729687,0.509079843,0.238720391,0.11069633542035237,1.0534608476526164,0.0,0.0,0.0,0.0,0.0,0.0,0.0,0.0,0.0,0.6621508123116749,0.0,0.0,1.5749999999999998e-09
3550.0,1.1728527604536627,0.393030402,0.23637977,0.08546208577774692,1.0873906746759157,0.0,0.0,0.0,0.0,0.0,0.0,0.0,0.0,0.0,0.6113996460540689,0.0,0.0,1.5749999999999998e-09
3551.0,1.1668762193788373,0.267177933,0.235925134,0.05809622693759735,1.10877999244124,0.0,0.0,0.0,0.0,0.0,0.0,0.0,0.0,0.0,0.5867429960789903,0.0,0.0,1.5749999999999998e-09
3552.0,1.1427297481702883,0.149928941,0.249373343,0.03260114217909473,1.1101286059911937,0.0,0.0,0.0,0.0,0.0,0.0,0.0,0.0,0.0,0.6820426163451276,0.0,0.0,1.5749999999999998e-09
3553.0,1.1159821697779457,0.063961003,0.279036956,0.013907933577150422,1.1020742362007954,0.0,0.0,0.0,0.0,0.0,0.0,0.0,0.0,0.0,0.9032804520568276,0.0,0.0,1.5749999999999998e-09
3554.0,1.094187598513976,0.015053145,0.316595768,0.003273215412009939,1.090914383101966,0.0,0.0,0.0,0.0,0.0,0.0,0.0,0.0,0.0,1.184364191974386,0.0,0.0,1.5749999999999998e-09
3555.0,1.051875646836724,0.000856338,0.328340289,0.00018620552313086517,1.0516894413135933,0.0,0.0,0.0,0.0,0.0,0.0,0.0,0.0,0.0,1.3079934742712973,0.0,0.0,1.5749999999999998e-09
3556.0,0.9897360868188599,4.26e-09,0.322427134,9.263112562299998e-10,0.9897360858925487,0.0,0.0,0.0,0.0,0.0,0.0,0.0,0.0,0.0,1.3274507629647359,0.0,0.0,1.5749999999999998e-09
3557.0,0.9310008865144384,0.0,0.313989825,0.0,0.9310008865144384,0.0,0.0,0.0,0.0,0.0,0.0,0.0,0.0,0.0,1.3255495599036362,0.0,0.0,1.5749999999999998e-09
3558.0,0.8772453943282889,0.0,0.300467865,0.0,0.8772453943282889,0.0,0.0,0.0,0.0,0.0,0.0,0.0,0.0,0.0,1.2821267920157615,0.0,0.0,1.5749999999999998e-09
3559.0,0.8321454285379465,0.0,0.284710431,0.0,0.8321454285379465,0.0,0.0,0.0,0.0,0.0,0.0,0.0,0.0,0.0,1.213982818366017,0.0,0.0,1.5749999999999998e-09
3560.0,0.7991342746792638,3.5e-07,0.271177791,7.61053849015258e-08,0.7991341985738789,0.0,0.0,0.0,0.0,0.0,0.0,0.0,0.0,0.0,1.1497390343078469,0.0,0.0,1.5749999999999998e-09
3561.0,0.7777068397765831,0.000739516,0.256352909,0.00016080328520239073,0.7775460364913807,0.0,0.0,0.0,0.0,0.0,0.0,0.0,0.0,0.0,1.0647852277287961,0.0,0.0,1.5749999999999998e-09
3562.0,0.7670109229851759,0.009426751,0.244637339,0.002049790037788124,0.7649611329473878,0.0,0.0,0.0,0.0,0.0,0.0,0.0,0.0,0.0,0.9931738528948442,0.0,0.0,1.5749999999999998e-09
3563.0,0.7621357929940669,0.046572013,0.232186693,0.010126802785725326,0.7520089902083416,0.0,0.0,0.0,0.0,0.0,0.0,0.0,0.0,0.0,0.9166469471026412,0.0,0.0,1.5749999999999998e-09
3564.0,0.773690586127659,0.128642478,0.218702802,0.02797252943678876,0.7457180566908701,0.0,0.0,0.0,0.0,0.0,0.0,0.0,0.0,0.0,0.8260332110006348,0.0,0.0,1.5749999999999998e-09
3565.0,0.8114522673577687,0.261742743,0.22030371,0.05691437771770329,0.7545378896400654,0.0,0.0,0.0,0.0,0.0,0.0,0.0,0.0,0.0,0.8287186224079224,0.0,0.0,1.5749999999999998e-09
3566.0,0.8696579015289179,0.418944009,0.233957685,0.09109684302038085,0.778561058508537,0.0,0.0,0.0,0.0,0.0,0.0,0.0,0.0,0.0,0.9028224657177313,0.0,0.0,1.5749999999999998e-09
3567.0,0.9300997323550064,0.564284012,0.242718239,0.12270014836296346,0.8073995839920429,0.0,0.0,0.0,0.0,0.0,0.0,0.0,0.0,0.0,0.936943407279279,0.0,0.0,1.5749999999999998e-09
3568.0,0.9857220590023711,0.676475928,0.244910002,0.14709560250587675,0.8386264564964944,0.0,0.0,0.0,0.0,0.0,0.0,0.0,0.0,0.0,0.9214680763290567,0.0,0.0,1.5749999999999998e-09
3569.0,1.0330493201177615,0.747193947,0.245792544,0.16247280837864364,0.8705765117391178,0.0,0.0,0.0,0.0,0.0,0.0,0.0,0.0,0.0,0.8958605850344296,0.0,0.0,1.5749999999999998e-09
3570.0,1.0692089499532924,0.769057262,0.244903565,0.16722685410235308,0.9019820958509392,0.0,0.0,0.0,0.0,0.0,0.0,0.0,0.0,0.0,0.8580661761914046,0.0,0.0,1.5749999999999998e-09
3571.0,1.0953958115574416,0.741674784,0.241817889,0.16127269973736005,0.9341231118200816,0.0,0.0,0.0,0.0,0.0,0.0,0.0,0.0,0.0,0.8037493347626267,0.0,0.0,1.5749999999999998e-09
3572.0,1.1142555137638352,0.669423105,0.239473949,0.14556200876571296,0.9686935049981223,0.0,0.0,0.0,0.0,0.0,0.0,0.0,0.0,0.0,0.7523337496953989,0.0,0.0,1.5749999999999998e-09
3573.0,1.1268160401839473,0.558816611,0.234396694,0.12151129505577493,1.0053047451281725,0.0,0.0,0.0,0.0,0.0,0.0,0.0,0.0,0.0,0.6792338047583433,0.0,0.0,1.5749999999999998e-09
3574.0,1.1316132940377173,0.430057119,0.229217781,0.09351332163181797,1.0380999724058992,0.0,0.0,0.0,0.0,0.0,0.0,0.0,0.0,0.0,0.6092192871991227,0.0,0.0,1.5749999999999998e-09
3575.0,1.1238833969588067,0.290041712,0.230236724,0.06306781751216428,1.0608155794466423,0.0,0.0,0.0,0.0,0.0,0.0,0.0,0.0,0.0,0.593826517073635,0.0,0.0,1.5749999999999998e-09
3576.0,1.1009785152810785,0.160668515,0.242345261,0.034936397644661644,1.0660421176364168,0.0,0.0,0.0,0.0,0.0,0.0,0.0,0.0,0.0,0.675620392914219,0.0,0.0,1.5749999999999998e-09
3577.0,1.075594904206729,0.066420253,0.260455541,0.01444268262806207,1.061152221578667,0.0,0.0,0.0,0.0,0.0,0.0,0.0,0.0,0.0,0.8106634250449495,0.0,0.0,1.5749999999999998e-09
3578.0,1.0528435529709426,0.013939164,0.27892798,0.003030986975501406,1.0498125659954411,0.0,0.0,0.0,0.0,0.0,0.0,0.0,0.0,0.0,0.9547589445224294,0.0,0.0,1.5749999999999998e-09
3579.0,1.0155914123816618,0.000692301,0.293255369,0.0001505366687791749,1.0154408757128828,0.0,0.0,0.0,0.0,0.0,0.0,0.0,0.0,0.0,1.092097270886126,0.0,0.0,1.5749999999999998e-09
3580.0,0.959519621570799,8e-09,0.296954883,1.7395516548920187e-09,0.9595196198312473,0.0,0.0,0.0,0.0,0.0,0.0,0.0,0.0,0.0,1.1746058213344883,0.0,0.0,1.5749999999999998e-09
3581.0,0.9004328597325861,0.0,0.296961387,0.0,0.9004328597325861,0.0,0.0,0.0,0.0,0.0,0.0,0.0,0.0,0.0,1.2337393237252077,0.0,0.0,1.5749999999999998e-09
3582.0,0.8468798493032319,0.0,0.294400767,0.0,0.8468798493032319,0.0,0.0,0.0,0.0,0.0,0.0,0.0,0.0,0.0,1.2688899282673423,0.0,0.0,1.5749999999999998e-09
3583.0,0.8077809007451042,0.0,0.290164742,0.0,0.8077809007451042,0.0,0.0,0.0,0.0,0.0,0.0,0.0,0.0,0.0,1.2775458390461782,0.0,0.0,1.5749999999999998e-09
3584.0,0.7731343190044869,5.2e-07,0.285570646,1.130708575679812e-07,0.7731342059336294,0.0,0.0,0.0,0.0,0.0,0.0,0.0,0.0,0.0,1.2791761474837078,0.0,0.0,1.5749999999999998e-09
3585.0,0.7569847527739952,0.000712706,0.275392366,0.00015497361271893387,0.7568297791612763,0.0,0.0,0.0,0.0,0.0,0.0,0.0,0.0,0.0,1.222332336800379,0.0,0.0,1.5749999999999998e-09
3586.0,0.7521229727778737,0.009152717,0.262724721,0.0019902030005135387,0.7501327697773601,0.0,0.0,0.0,0.0,0.0,0.0,0.0,0.0,0.0,1.1379907910979457,0.0,0.0,1.5749999999999998e-09
3587.0,0.7531976818717658,0.048478403,0.248333016,0.010541335770646525,0.7426563461011194,0.0,0.0,0.0,0.0,0.0,0.0,0.0,0.0,0.0,1.042038358942736,0.0,0.0,1.5749999999999998e-09
3588.0,0.7666015098065646,0.136431282,0.260584509,0.029666157797767455,0.7369353520087971,0.0,0.0,0.0,0.0,0.0,0.0,0.0,0.0,0.0,1.1358071488463972,0.0,0.0,1.5749999999999998e-09
3589.0,0.802747789647108,0.273637154,0.260843142,0.05950074551008027,0.7432470441370277,0.0,0.0,0.0,0.0,0.0,0.0,0.0,0.0,0.0,1.1313541743107138,0.0,0.0,1.5749999999999998e-09
3590.0,0.863162919483297,0.428093541,0.250846025,0.09308635346189179,0.7700765660214053,0.0,0.0,0.0,0.0,0.0,0.0,0.0,0.0,0.0,1.0326783789706797,0.0,0.0,1.5749999999999998e-09
3591.0,0.9296947688414162,0.571516841,0.252081857,0.12427288332002608,0.8054218855213902,0.0,0.0,0.0,0.0,0.0,0.0,0.0,0.0,0.0,1.0062146124041311,0.0,0.0,1.5749999999999998e-09
3592.0,0.993498682563625,0.686030879,0.25210113,0.14917326885893453,0.8443254137046904,0.0,0.0,0.0,0.0,0.0,0.0,0.0,0.0,0.0,0.9674495934758799,0.0,0.0,1.5749999999999998e-09
3593.0,1.046154989498493,0.758896299,0.250564903,0.16501741410210977,0.8811375753963832,0.0,0.0,0.0,0.0,0.0,0.0,0.0,0.0,0.0,0.9195970303232499,0.0,0.0,1.5749999999999998e-09
3594.0,1.0848912513603526,0.782300697,0.249416699,0.1701065590111912,0.9147846923491614,0.0,0.0,0.0,0.0,0.0,0.0,0.0,0.0,0.0,0.8776981165207519,0.0,0.0,1.5749999999999998e-09
3595.0,1.1148807586942293,0.754525253,0.249300326,0.16406695656424614,0.9508138021299831,0.0,0.0,0.0,0.0,0.0,0.0,0.0,0.0,0.0,0.8408326689856699,0.0,0.0,1.5749999999999998e-09
3596.0,1.1369957408370697,0.678774465,0.246228025,0.14759540548614933,0.9894003353509203,0.0,0.0,0.0,0.0,0.0,0.0,0.0,0.0,0.0,0.7801664324078463,0.0,0.0,1.5749999999999998e-09
3597.0,1.154749582294726,0.566129923,0.237975324,0.12310153055481762,1.0316480517399085,0.0,0.0,0.0,0.0,0.0,0.0,0.0,0.0,0.0,0.6786090357586622,0.0,0.0,1.5749999999999998e-09
3598.0,1.166248749615933,0.436232135,0.231147521,0.09485604154454107,1.071392708071392,0.0,0.0,0.0,0.0,0.0,0.0,0.0,0.0,0.0,0.5897950125847827,0.0,0.0,1.5749999999999998e-09
3599.0,1.1648002286632957,0.294721687,0.225735807,0.0640854497941772,1.1007147788691185,0.0,0.0,0.0,0.0,0.0,0.0,0.0,0.0,0.0,0.521580580728583,0.0,0.0,1.5749999999999998e-09
3600.0,1.1510225888697518,0.162823951,0.22581161,0.03540508417726337,1.1156175046924885,0.0,0.0,0.0,0.0,0.0,0.0,0.0,0.0,0.0,0.5072226282700498,0.0,0.0,1.5749999999999998e-09
3601.0,1.1306164620810888,0.064585747,0.244510871,0.014043780384535902,1.1165726816965529,0.0,0.0,0.0,0.0,0.0,0.0,0.0,0.0,0.0,0.6406534166622784,0.0,0.0,1.5749999999999998e-09
3602.0,1.1093069563004838,0.014340175,0.278165659,0.0031181843940863937,1.1061887719063974,0.0,0.0,0.0,0.0,0.0,0.0,0.0,0.0,0.0,0.8929041668365313,0.0,0.0,1.5749999999999998e-09
3603.0,1.0585419599842198,0.000925296,0.294073516,0.00020120002350812065,1.0583407599607118,0.0,0.0,0.0,0.0,0.0,0.0,0.0,0.0,0.0,1.0550771630867397,0.0,0.0,1.5749999999999998e-09
3604.0,0.9873574858843808,2.12e-08,0.289304567,4.60981188546385e-09,0.9873574812745688,0.0,0.0,0.0,0.0,0.0,0.0,0.0,0.0,0.0,1.0917874394713112,0.0,0.0,1.5749999999999998e-09
3605.0,0.9223097587987651,0.0,0.279036845,0.0,0.9223097587987651,0.0,0.0,0.0,0.0,0.0,0.0,0.0,0.0,0.0,1.0830441317352388,0.0,0.0,1.5749999999999998e-09
3606.0,0.8664760500646389,0.0,0.271836542,0.0,0.8664760500646389,0.0,0.0,0.0,0.0,0.0,0.0,0.0,0.0,0.0,1.0871314281485347,0.0,0.0,1.5749999999999998e-09
3607.0,0.8227578542520718,0.0,0.265673867,0.0,0.8227578542520718,0.0,0.0,0.0,0.0,0.0,0.0,0.0,0.0,0.0,1.0865603320314048,0.0,0.0,1.5749999999999998e-09
3608.0,0.7994591342232304,2.04e-07,0.260859073,4.4358567199746474e-08,0.7994590898646632,0.0,0.0,0.0,0.0,0.0,0.0,0.0,0.0,0.0,1.0752566198891642,0.0,0.0,1.5749999999999998e-09
3609.0,0.7904920982784441,0.000316482,0.241417866,6.881709835544197e-05,0.7904232811800886,0.0,0.0,0.0,0.0,0.0,0.0,0.0,0.0,0.0,0.9445743204001501,0.0,0.0,1.5749999999999998e-09
3610.0,0.8067840687884758,0.006675615,0.219949539,0.001451572140083998,0.8053324966483917,0.0,0.0,0.0,0.0,0.0,0.0,0.0,0.0,0.0,0.7753786949320988,0.0,0.0,1.5749999999999998e-09
3611.0,0.8478388551074838,0.042668384,0.200440444,0.009277982249846016,0.8385608728576377,0.0,0.0,0.0,0.0,0.0,0.0,0.0,0.0,0.0,0.6019443199091568,0.0,0.0,1.5749999999999998e-09
3612.0,0.9003171564429459,0.131493978,0.191334866,0.028592570879779337,0.8717245855631665,0.0,0.0,0.0,0.0,0.0,0.0,0.0,0.0,0.0,0.5033415564293089,0.0,0.0,1.5749999999999998e-09
3613.0,0.9577951913891237,0.270994961,0.191959009,0.0589262166093685,0.8988689747797552,0.0,0.0,0.0,0.0,0.0,0.0,0.0,0.0,0.0,0.4806826952557982,0.0,0.0,1.5749999999999998e-09
3614.0,1.0183371506773546,0.42560767,0.191004015,0.09254581583540451,0.9257913348419501,0.0,0.0,0.0,0.0,0.0,0.0,0.0,0.0,0.0,0.44689708051002697,0.0,0.0,1.5749999999999998e-09
3615.0,1.0805835136548925,0.564205882,0.184328583,0.12268315946661386,0.9579003541882786,0.0,0.0,0.0,0.0,0.0,0.0,0.0,0.0,0.0,0.36681373887591895,0.0,0.0,1.5749999999999998e-09
3616.0,1.1388848256232387,0.675333185,0.182898115,0.14684711994628094,0.9920377056769578,0.0,0.0,0.0,0.0,0.0,0.0,0.0,0.0,0.0,0.32239604405450023,0.0,0.0,1.5749999999999998e-09
3617.0,1.1881345490120783,0.74404177,0.184602566,0.16178738653903582,1.0263471624730425,0.0,0.0,0.0,0.0,0.0,0.0,0.0,0.0,0.0,0.30033596401751195,0.0,0.0,1.5749999999999998e-09
3618.0,1.2309293403402597,0.764594232,0.188327869,0.16625639519956148,1.0646729451406982,0.0,0.0,0.0,0.0,0.0,0.0,0.0,0.0,0.0,0.28878281370408176,0.0,0.0,1.5749999999999998e-09
3619.0,1.2616887227165052,0.736093462,0.191678132,0.1600590749971619,1.1016296477193432,0.0,0.0,0.0,0.0,0.0,0.0,0.0,0.0,0.0,0.27590344378507936,0.0,0.0,1.5749999999999998e-09
3620.0,1.2812070463406486,0.663412399,0.194219248,0.14425501706954177,1.1369520292711068,0.0,0.0,0.0,0.0,0.0,0.0,0.0,0.0,0.0,0.25884329873795436,0.0,0.0,1.5749999999999998e-09
3621.0,1.288847940119894,0.552126356,0.19313288,0.12005653953616248,1.1687914005837314,0.0,0.0,0.0,0.0,0.0,0.0,0.0,0.0,0.0,0.2191965273117295,0.0,0.0,1.5749999999999998e-09
3622.0,1.287659752568872,0.428998074,0.192892513,0.09328303869652357,1.1943767138723484,0.0,0.0,0.0,0.0,0.0,0.0,0.0,0.0,0.0,0.19188376867944823,0.0,0.0,1.5749999999999998e-09
3623.0,1.27153688732828,0.292655793,0.193677004,0.06363623362836075,1.2079006536999193,0.0,0.0,0.0,0.0,0.0,0.0,0.0,0.0,0.0,0.18399772974965675,0.0,0.0,1.5749999999999998e-09
3624.0,1.2415896558118007,0.162630157,0.199724137,0.03536294484308735,1.2062267109687135,0.0,0.0,0.0,0.0,0.0,0.0,0.0,0.0,0.0,0.22913059880339356,0.0,0.0,1.5749999999999998e-09
3625.0,1.2120651884688451,0.063995004,0.226697953,0.013915326889127666,1.1981498615797175,0.0,0.0,0.0,0.0,0.0,0.0,0.0,0.0,0.0,0.4310601519747461,0.0,0.0,1.5749999999999998e-09
3626.0,1.185304258081666,0.013889243,0.269739042,0.0030201319557309233,1.1822841261259351,0.0,0.0,0.0,0.0,0.0,0.0,0.0,0.0,0.0,0.7562492503663882,0.0,0.0,1.5749999999999998e-09
3627.0,1.1241726561828318,0.000787645,0.295560931,0.000171268645402178,1.1240013875374297,0.0,0.0,0.0,0.0,0.0,0.0,0.0,0.0,0.0,1.000106139806145,0.0,0.0,1.5749999999999998e-09
3628.0,1.0447465195307428,2.66e-08,0.300961637,5.784009252515962e-09,1.0447465137467336,0.0,0.0,0.0,0.0,0.0,0.0,0.0,0.0,0.0,1.1181742634697398,0.0,0.0,1.5749999999999998e-09
3629.0,0.9713503249333537,0.0,0.293283113,0.0,0.9713503249333537,0.0,0.0,0.0,0.0,0.0,0.0,0.0,0.0,0.0,1.1363872094502288,0.0,0.0,1.5749999999999998e-09
3630.0,0.9104590299437669,0.0,0.2796491,0.0,0.9104590299437669,0.0,0.0,0.0,0.0,0.0,0.0,0.0,0.0,0.0,1.099294953152382,0.0,0.0,1.5749999999999998e-09
3631.0,0.8633787512350796,0.0,0.260808388,0.0,0.8633787512350796,0.0,0.0,0.0,0.0,0.0,0.0,0.0,0.0,0.0,1.010972700666199,0.0,0.0,1.5749999999999998e-09
3632.0,0.831987448430984,2.32e-07,0.241703733,5.0446997991868544e-08,0.8319873979839859,0.0,0.0,0.0,0.0,0.0,0.0,0.0,0.0,0.0,0.905064643756746,0.0,0.0,1.5749999999999998e-09
3633.0,0.8181764321500844,0.000195966,0.221512769,4.261162245032116e-05,0.8181338205276341,0.0,0.0,0.0,0.0,0.0,0.0,0.0,0.0,0.0,0.7738118349542078,0.0,0.0,1.5749999999999998e-09
3634.0,0.8293996912421784,0.005005101,0.20689342,0.0010883289659314622,0.8283113622762468,0.0,0.0,0.0,0.0,0.0,0.0,0.0,0.0,0.0,0.6585694284053052,0.0,0.0,1.5749999999999998e-09
3635.0,0.8640996739626702,0.036886278,0.189434207,0.008020698242213383,0.8560789757204568,0.0,0.0,0.0,0.0,0.0,0.0,0.0,0.0,0.0,0.5053277016223645,0.0,0.0,1.5749999999999998e-09
3636.0,0.914853545116457,0.123777688,0.16113554,0.026914710249888493,0.8879388348665684,0.0,0.0,0.0,0.0,0.0,0.0,0.0,0.0,0.0,0.2700938329780582,0.0,0.0,1.5749999999999998e-09
3637.0,0.9681751479666061,0.265840993,0.143853843,0.05780551741391094,0.9103696305526952,0.0,0.0,0.0,0.0,0.0,0.0,0.0,0.0,0.0,0.1234646780609856,0.0,0.0,1.5749999999999998e-09
3638.0,1.0213699223646378,0.422565779,0.14747699,0.09188437502002311,0.9294855473446146,0.0,0.0,0.0,0.0,0.0,0.0,0.0,0.0,0.0,0.13038722917256676,0.0,0.0,1.5749999999999998e-09
3639.0,1.0803498812431769,0.566308694,0.175136811,0.1231404032284297,0.9572094780147472,0.0,0.0,0.0,0.0,0.0,0.0,0.0,0.0,0.0,0.30144611391816956,0.0,0.0,1.5749999999999998e-09
3640.0,1.1366330541408014,0.680289757,0.194944228,0.1479248965744299,0.9887081575663715,0.0,0.0,0.0,0.0,0.0,0.0,0.0,0.0,0.0,0.41229738368015406,0.0,0.0,1.5749999999999998e-09
3641.0,1.182720950557881,0.751846832,0.213118354,0.16348455010386517,1.019236400454016,0.0,0.0,0.0,0.0,0.0,0.0,0.0,0.0,0.0,0.5123811188671445,0.0,0.0,1.5749999999999998e-09
3642.0,1.2209854979312882,0.775440293,0.233746071,0.1686148056197627,1.0523706923115255,0.0,0.0,0.0,0.0,0.0,0.0,0.0,0.0,0.0,0.6274920257352168,0.0,0.0,1.5749999999999998e-09
3643.0,1.2533380313721463,0.74583423,0.254057584,0.16217714613395182,1.0911608852381944,0.0,0.0,0.0,0.0,0.0,0.0,0.0,0.0,0.0,0.7346745684778534,0.0,0.0,1.5749999999999998e-09
3644.0,1.2746186113303413,0.671474253,0.272961616,0.1460080185029415,1.1286105928274,0.0,0.0,0.0,0.0,0.0,0.0,0.0,0.0,0.0,0.8330824538813559,0.0,0.0,1.5749999999999998e-09
3645.0,1.287119060273198,0.561601339,0.288488866,0.12211681733087792,1.1650022429423201,0.0,0.0,0.0,0.0,0.0,0.0,0.0,0.0,0.0,0.9082804800215342,0.0,0.0,1.5749999999999998e-09
3646.0,1.28446010044466,0.435431772,0.302243025,0.0946820074468955,1.1897780929977646,0.0,0.0,0.0,0.0,0.0,0.0,0.0,0.0,0.0,0.9823516344241328,0.0,0.0,1.5749999999999998e-09
3647.0,1.2640161475036202,0.29711216,0.314467097,0.06460524370206779,1.1994109038015524,0.0,0.0,0.0,0.0,0.0,0.0,0.0,0.0,0.0,1.0605695529509742,0.0,0.0,1.5749999999999998e-09
3648.0,1.2340755914845973,0.164144047,0.332593296,0.03569213107494041,1.198383460409657,0.0,0.0,0.0,0.0,0.0,0.0,0.0,0.0,0.0,1.1918645374815446,0.0,0.0,1.5749999999999998e-09
3649.0,1.198396576467485,0.063331991,0.365974081,0.013771158718957054,1.184625417748528,0.0,0.0,0.0,0.0,0.0,0.0,0.0,0.0,0.0,1.4455202433664285,0.0,0.0,1.5749999999999998e-09
3650.0,1.1798639596374936,0.013442083,0.403707457,0.002922899715980734,1.1769410599215129,0.0,0.0,0.0,0.0,0.0,0.0,0.0,0.0,0.0,1.7243830269837097,0.0,0.0,1.5749999999999998e-09
3651.0,1.1246310206762966,0.000640038,0.40786143,0.0001391723952617222,1.1244918482810349,0.0,0.0,0.0,0.0,0.0,0.0,0.0,0.0,0.0,1.8066855933548982,0.0,0.0,1.5749999999999998e-09
3652.0,1.0469871658507028,1.2e-08,0.391241553,2.609327482338028e-09,1.0469871632413754,0.0,0.0,0.0,0.0,0.0,0.0,0.0,0.0,0.0,1.7647482204751215,0.0,0.0,1.5749999999999998e-09
3653.0,0.9744342737679256,0.0,0.36169613,0.0,0.9744342737679256,0.0,0.0,0.0,0.0,0.0,0.0,0.0,0.0,0.0,1.6249670400141052,0.0,0.0,1.5749999999999998e-09
3654.0,0.9136742578954016,0.0,0.3265716,0.0,0.9136742578954016,0.0,0.0,0.0,0.0,0.0,0.0,0.0,0.0,0.0,1.4332976217426248,0.0,0.0,1.5749999999999998e-09
3655.0,0.8649785767972233,0.0,0.297300049,0.0,0.8649785767972233,0.0,0.0,0.0,0.0,0.0,0.0,0.0,0.0,0.0,1.2716274686090743,0.0,0.0,1.5749999999999998e-09
3656.0,0.8332245882967844,2.1e-07,0.274113941,4.566323094091548e-08,0.8332245426335535,0.0,0.0,0.0,0.0,0.0,0.0,0.0,0.0,0.0,1.1367499173126177,0.0,0.0,1.5749999999999998e-09
3657.0,0.8207263641864383,0.000178002,0.247259477,3.8705459209261135e-05,0.8206876587272292,0.0,0.0,0.0,0.0,0.0,0.0,0.0,0.0,0.0,0.9562918443679735,0.0,0.0,1.5749999999999998e-09
3658.0,0.8331511608245417,0.004929111,0.22553641,0.0010718053996495566,0.8320793554248921,0.0,0.0,0.0,0.0,0.0,0.0,0.0,0.0,0.0,0.7887829978982763,0.0,0.0,1.5749999999999998e-09
3659.0,0.8723813884997321,0.037159496,0.201764591,0.008080107845219169,0.8643012806545131,0.0,0.0,0.0,0.0,0.0,0.0,0.0,0.0,0.0,0.5857201583918324,0.0,0.0,1.5749999999999998e-09
3660.0,0.9185582882164771,0.1245962,0.176584708,0.027092690737907116,0.89146559747857,0.0,0.0,0.0,0.0,0.0,0.0,0.0,0.0,0.0,0.37759559476867993,0.0,0.0,1.5749999999999998e-09
3661.0,0.96693578426822,0.267615629,0.179899849,0.058191401287739815,0.9087443829804801,0.0,0.0,0.0,0.0,0.0,0.0,0.0,0.0,0.0,0.38414173067461754,0.0,0.0,1.5749999999999998e-09
3662.0,1.013973786159585,0.427087809,0.205045413,0.09286766311626952,0.9211061230433154,0.0,0.0,0.0,0.0,0.0,0.0,0.0,0.0,0.0,0.5524935970785977,0.0,0.0,1.5749999999999998e-09
3663.0,1.062925349994433,0.577568056,0.226355861,0.12558868345344576,0.9373366665409874,0.0,0.0,0.0,0.0,0.0,0.0,0.0,0.0,0.0,0.6894148346864731,0.0,0.0,1.5749999999999998e-09
3664.0,1.1100479045205178,0.696569611,0.233753949,0.15146485244531743,0.9585830520752004,0.0,0.0,0.0,0.0,0.0,0.0,0.0,0.0,0.0,0.7213362827883985,0.0,0.0,1.5749999999999998e-09
3665.0,1.1525578872896192,0.774168955,0.245511263,0.16833836085453432,0.9842195264350848,0.0,0.0,0.0,0.0,0.0,0.0,0.0,0.0,0.0,0.7801960883808263,0.0,0.0,1.5749999999999998e-09
3666.0,1.192437836052593,0.805968162,0.259823748,0.1752529062496723,1.0171849298029207,0.0,0.0,0.0,0.0,0.0,0.0,0.0,0.0,0.0,0.8500902105281946,0.0,0.0,1.5749999999999998e-09
3667.0,1.2278209163482234,0.788350296,0.272349583,0.17142200775517658,1.056398908593047,0.0,0.0,0.0,0.0,0.0,0.0,0.0,0.0,0.0,0.900895641000802,0.0,0.0,1.5749999999999998e-09
3668.0,1.2496599892620257,0.722679804,0.280186215,0.15714235612565494,1.0925176331363706,0.0,0.0,0.0,0.0,0.0,0.0,0.0,0.0,0.0,0.921096433938703,0.0,0.0,1.5749999999999998e-09
3669.0,1.2625520507235604,0.616045735,0.279337087,0.1339554222260525,1.1285966284975077,0.0,0.0,0.0,0.0,0.0,0.0,0.0,0.0,0.0,0.8789150109990093,0.0,0.0,1.5749999999999998e-09
3670.0,1.2654513184612701,0.483552018,0.272570254,0.10514546414228439,1.1603058543189857,0.0,0.0,0.0,0.0,0.0,0.0,0.0,0.0,0.0,0.7985745913896866,0.0,0.0,1.5749999999999998e-09
3671.0,1.2507079973660182,0.334415628,0.263148467,0.0727166573886442,1.177991339977374,0.0,0.0,0.0,0.0,0.0,0.0,0.0,0.0,0.0,0.713177555967206,0.0,0.0,1.5749999999999998e-09
3672.0,1.2253110362966815,0.188152017,0.273349762,0.04091251906795265,1.1843985172287288,0.0,0.0,0.0,0.0,0.0,0.0,0.0,0.0,0.0,0.7800840180552552,0.0,0.0,1.5749999999999998e-09
3673.0,1.2037144961245612,0.075644624,0.311073964,0.016448466357860562,1.1872660297667006,0.0,0.0,0.0,0.0,0.0,0.0,0.0,0.0,0.0,1.048329000528437,0.0,0.0,1.5749999999999998e-09
3674.0,1.1772049998089555,0.01683406,0.351699582,0.003660464616443942,1.1735445351925118,0.0,0.0,0.0,0.0,0.0,0.0,0.0,0.0,0.0,1.3540145943657476,0.0,0.0,1.5749999999999998e-09
3675.0,1.1249447560577113,0.000878945,0.372185928,0.00019112127866363317,1.1247536347790477,0.0,0.0,0.0,0.0,0.0,0.0,0.0,0.0,0.0,1.550034702642158,0.0,0.0,1.5749999999999998e-09
3676.0,1.050140091492572,3.26e-08,0.370567857,7.088672993684976e-09,1.050140084403899,0.0,0.0,0.0,0.0,0.0,0.0,0.0,0.0,0.0,1.6130196633412364,0.0,0.0,1.5749999999999998e-09
3677.0,0.9808246776863833,0.0,0.348147113,0.0,0.9808246776863833,0.0,0.0,0.0,0.0,0.0,0.0,0.0,0.0,0.0,1.5212039254994487,0.0,0.0,1.5749999999999998e-09
3678.0,0.9187629948057827,0.0,0.322177763,0.0,0.9187629948057827,0.0,0.0,0.0,0.0,0.0,0.0,0.0,0.0,0.0,1.396631699667602,0.0,0.0,1.5749999999999998e-09
3679.0,0.8773010211405986,0.0,0.298246209,0.0,0.8773010211405986,0.0,0.0,0.0,0.0,0.0,0.0,0.0,0.0,0.0,1.2661047916479156,0.0,0.0,1.5749999999999998e-09
3680.0,0.8388206420154087,3.68e-07,0.27668095,8.001937612503285e-08,0.8388205619960326,0.0,0.0,0.0,0.0,0.0,0.0,0.0,0.0,0.0,1.149602219659,0.0,0.0,1.5749999999999998e-09
3681.0,0.8253233611159235,0.00046446,0.24547159,0.00010099402020389336,0.8252223670957197,0.0,0.0,0.0,0.0,0.0,0.0,0.0,0.0,0.0,0.9389081298000141,0.0,0.0,1.5749999999999998e-09
3682.0,0.8370873115037669,0.007136542,0.221065273,0.0015517979307882995,0.8355355135729786,0.0,0.0,0.0,0.0,0.0,0.0,0.0,0.0,0.0,0.7531941227319032,0.0,0.0,1.5749999999999998e-09
3683.0,0.8694843465944575,0.044968977,0.19775704,0.00977823229489389,0.8597061142995636,0.0,0.0,0.0,0.0,0.0,0.0,0.0,0.0,0.0,0.561514260896725,0.0,0.0,1.5749999999999998e-09
3684.0,0.9143506789731596,0.141572968,0.171193694,0.03078418634654685,0.8835664926266127,0.0,0.0,0.0,0.0,0.0,0.0,0.0,0.0,0.0,0.34675110323707264,0.0,0.0,1.5749999999999998e-09
3685.0,0.9648531170552976,0.294789692,0.171190956,0.06410023707046356,0.9007528799848341,0.0,0.0,0.0,0.0,0.0,0.0,0.0,0.0,0.0,0.3295450386962472,0.0,0.0,1.5749999999999998e-09
3686.0,1.016735099282776,0.463222174,0.184089654,0.10072486242054732,0.9160102368622286,0.0,0.0,0.0,0.0,0.0,0.0,0.0,0.0,0.0,0.4069867453318563,0.0,0.0,1.5749999999999998e-09
3687.0,1.0738682491925435,0.617308342,0.183577004,0.13422996848809352,0.9396382807044501,0.0,0.0,0.0,0.0,0.0,0.0,0.0,0.0,0.0,0.37967444010837437,0.0,0.0,1.5749999999999998e-09
3688.0,1.1275236129165505,0.733912946,0.17540708,0.15958493497012208,0.9679386779464285,0.0,0.0,0.0,0.0,0.0,0.0,0.0,0.0,0.0,0.2926592560117527,0.0,0.0,1.5749999999999998e-09
3689.0,1.171573344770465,0.805909043,0.176307963,0.17524005118038663,0.9963332935900785,0.0,0.0,0.0,0.0,0.0,0.0,0.0,0.0,0.0,0.2707390155674281,0.0,0.0,1.5749999999999998e-09
3690.0,1.2118093047322507,0.829018612,0.185251458,0.18026508730511054,1.03154421742714,0.0,0.0,0.0,0.0,0.0,0.0,0.0,0.0,0.0,0.29980230072674974,0.0,0.0,1.5749999999999998e-09
3691.0,1.2449472880429755,0.80099881,0.199429139,0.17417235068775466,1.070774937355221,0.0,0.0,0.0,0.0,0.0,0.0,0.0,0.0,0.0,0.3624623105053498,0.0,0.0,1.5749999999999998e-09
3692.0,1.2665950043624596,0.725325562,0.216824806,0.1577176602140729,1.1088773441483868,0.0,0.0,0.0,0.0,0.0,0.0,0.0,0.0,0.0,0.44937733105904226,0.0,0.0,1.5749999999999998e-09
3693.0,1.2619779819405306,0.608464936,0.232033931,0.13230702329532076,1.1296709586452096,0.0,0.0,0.0,0.0,0.0,0.0,0.0,0.0,0.0,0.5378871241117417,0.0,0.0,1.5749999999999998e-09
3694.0,1.2798831290076182,0.468149218,0.242959368,0.10179621836353804,1.17808691064408,0.0,0.0,0.0,0.0,0.0,0.0,0.0,0.0,0.0,0.5679890022357504,0.0,0.0,1.5749999999999998e-09
3695.0,1.2635221816902895,0.315354757,0.254031451,0.06857198617717754,1.194950195513112,0.0,0.0,0.0,0.0,0.0,0.0,0.0,0.0,0.0,0.6306974481908877,0.0,0.0,1.5749999999999998e-09
3696.0,1.2332278393049647,0.171078471,0.274768053,0.03719997966805578,1.196027859636909,0.0,0.0,0.0,0.0,0.0,0.0,0.0,0.0,0.0,0.778647506542792,0.0,0.0,1.5749999999999998e-09
3697.0,1.2050050379701607,0.066868704,0.297046071,0.014540195587960568,1.1904648423822002,0.0,0.0,0.0,0.0,0.0,0.0,0.0,0.0,0.0,0.9443159395166563,0.0,0.0,1.5749999999999998e-09
3698.0,1.1801087172116862,0.014487649,0.318807464,0.003150251724180587,1.1769584654875056,0.0,0.0,0.0,0.0,0.0,0.0,0.0,0.0,0.0,1.1142149036196438,0.0,0.0,1.5749999999999998e-09
3699.0,1.1303672538419507,0.000953489,0.333455395,0.00020733042098391698,1.1301599234209667,0.0,0.0,0.0,0.0,0.0,0.0,0.0,0.0,0.0,1.2662837207250346,0.0,0.0,1.5749999999999998e-09
3700.0,1.061316623102398,1.18e-07,0.328007612,2.5658386909657274e-08,1.061316597444011,0.0,0.0,0.0,0.0,0.0,0.0,0.0,0.0,0.0,1.2959754685875127,0.0,0.0,1.5749999999999998e-09
3701.0,0.9916006964475645,0.0,0.311020502,0.0,0.9916006964475645,0.0,0.0,0.0,0.0,0.0,0.0,0.0,0.0,0.0,1.243610118531149,0.0,0.0,1.5749999999999998e-09
3702.0,0.9302443614670568,0.0,0.289133633,0.0,0.9302443614670568,0.0,0.0,0.0,0.0,0.0,0.0,0.0,0.0,0.0,1.1476721080256402,0.0,0.0,1.5749999999999998e-09
3703.0,0.8803493686553042,0.0,0.261310109,0.0,0.8803493686553042,0.0,0.0,0.0,0.0,0.0,0.0,0.0,0.0,0.0,0.9976078011909026,0.0,0.0,1.5749999999999998e-09
3704.0,0.8425009089580396,1.23e-06,0.23869297,2.674560669396479e-07,0.8425006415019728,0.0,0.0,0.0,0.0,0.0,0.0,0.0,0.0,0.0,0.8729139519816093,0.0,0.0,1.5749999999999998e-09
3705.0,0.8185680446687627,0.00066894,0.207958461,0.00014545696050293334,0.8184225877082598,0.0,0.0,0.0,0.0,0.0,0.0,0.0,0.0,0.0,0.6761123323515408,0.0,0.0,1.5749999999999998e-09
3706.0,0.8105822648531821,0.007997161,0.183034239,0.0017389343314984887,0.8088433305216836,0.0,0.0,0.0,0.0,0.0,0.0,0.0,0.0,0.0,0.5065687014613353,0.0,0.0,1.5749999999999998e-09
3707.0,0.8109605273768729,0.047228949,0.161878738,0.010269649548970092,0.8006908778279027,0.0,0.0,0.0,0.0,0.0,0.0,0.0,0.0,0.0,0.36268293054150696,0.0,0.0,1.5749999999999998e-09
3708.0,0.8293084631100026,0.142741949,0.133798502,0.031038374200682766,0.7982700889093198,0.0,0.0,0.0,0.0,0.0,0.0,0.0,0.0,0.0,0.1632995078703518,0.0,0.0,1.5749999999999998e-09
3709.0,0.8717628190667943,0.288039499,0.127335186,0.06263244839496473,0.8091303706718296,0.0,0.0,0.0,0.0,0.0,0.0,0.0,0.0,0.0,0.10598931772262243,0.0,0.0,1.5749999999999998e-09
3710.0,0.9282306720613562,0.446216291,0.129061202,0.09702703593110357,0.8312036361302527,0.0,0.0,0.0,0.0,0.0,0.0,0.0,0.0,0.0,0.09632041019307422,0.0,0.0,1.5749999999999998e-09
3711.0,0.9891086170559557,0.592822701,0.143627669,0.12890571382276328,0.8602029032331924,0.0,0.0,0.0,0.0,0.0,0.0,0.0,0.0,0.0,0.17200596085957714,0.0,0.0,1.5749999999999998e-09
3712.0,1.0464509232200496,0.708469925,0.159379693,0.15405250380937177,0.892398419410678,0.0,0.0,0.0,0.0,0.0,0.0,0.0,0.0,0.0,0.2530155040791218,0.0,0.0,1.5749999999999998e-09
3713.0,1.0939272651123608,0.78049093,0.177134151,0.16971303611371383,0.924214228998647,0.0,0.0,0.0,0.0,0.0,0.0,0.0,0.0,0.0,0.3487956448561399,0.0,0.0,1.5749999999999998e-09
3714.0,1.130838968330403,0.805109008,0.198328242,0.17506608840435892,0.9557728799260442,0.0,0.0,0.0,0.0,0.0,0.0,0.0,0.0,0.0,0.4695525522672185,0.0,0.0,1.5749999999999998e-09
3715.0,1.1593955305390649,0.779467576,0.222315993,0.16949051397068376,0.9899050165683811,0.0,0.0,0.0,0.0,0.0,0.0,0.0,0.0,0.0,0.6078131682486826,0.0,0.0,1.5749999999999998e-09
3716.0,1.1803735012782473,0.706425345,0.243907646,0.15360792224405187,1.0267655790341954,0.0,0.0,0.0,0.0,0.0,0.0,0.0,0.0,0.0,0.7261253226569079,0.0,0.0,1.5749999999999998e-09
3717.0,1.1937862295430124,0.591455576,0.261037754,0.128608440753239,1.0651777887897735,0.0,0.0,0.0,0.0,0.0,0.0,0.0,0.0,0.0,0.8108220475764895,0.0,0.0,1.5749999999999998e-09
3718.0,1.200296787416056,0.451287858,0.27130736,0.09812981752707178,1.1021669698889842,0.0,0.0,0.0,0.0,0.0,0.0,0.0,0.0,0.0,0.8476374364305813,0.0,0.0,1.5749999999999998e-09
3719.0,1.192491238032392,0.30002663,0.275628133,0.06523897759102192,1.1272522604413702,0.0,0.0,0.0,0.0,0.0,0.0,0.0,0.0,0.0,0.8536042420473025,0.0,0.0,1.5749999999999998e-09
3720.0,1.1719160059742897,0.161751263,0.277934617,0.03517183465406552,1.1367441713202244,0.0,0.0,0.0,0.0,0.0,0.0,0.0,0.0,0.0,0.860688338049742,0.0,0.0,1.5749999999999998e-09
3721.0,1.1505553240463204,0.065634938,0.286761234,0.01427192062707938,1.1362834034192413,0.0,0.0,0.0,0.0,0.0,0.0,0.0,0.0,0.0,0.9245833479097163,0.0,0.0,1.5749999999999998e-09
3722.0,1.130024592638126,0.017117878,0.300628565,0.0037221791253924594,1.1263024135127333,0.0,0.0,0.0,0.0,0.0,0.0,0.0,0.0,0.0,1.034224675404161,0.0,0.0,1.5749999999999998e-09
3723.0,1.0879974505198784,0.001404793,0.303027987,0.0003054637484913405,1.087691986771387,0.0,0.0,0.0,0.0,0.0,0.0,0.0,0.0,0.0,1.090079026483646,0.0,0.0,1.5749999999999998e-09
3724.0,1.026759044661446,1.93e-07,0.288093015,4.1966683674269946e-08,1.0267590026947624,0.0,0.0,0.0,0.0,0.0,0.0,0.0,0.0,0.0,1.043678858175981,0.0,0.0,1.5749999999999998e-09
3725.0,0.9608034879189424,0.0,0.27150686,0.0,0.9608034879189424,0.0,0.0,0.0,0.0,0.0,0.0,0.0,0.0,0.0,0.990434664905181,0.0,0.0,1.5749999999999998e-09
3726.0,0.9055705489577456,0.0,0.255234754,0.0,0.9055705489577456,0.0,0.0,0.0,0.0,0.0,0.0,0.0,0.0,0.0,0.9287248715391048,0.0,0.0,1.5749999999999998e-09
3727.0,0.8599165408767417,0.0,0.240853436,0.0,0.8599165408767417,0.0,0.0,0.0,0.0,0.0,0.0,0.0,0.0,0.0,0.871024672033986,0.0,0.0,1.5749999999999998e-09
3728.0,0.824635813875764,1.66e-06,0.2282449,3.609569683900938e-07,0.8246354529187957,0.0,0.0,0.0,0.0,0.0,0.0,0.0,0.0,0.0,0.8156920035127903,0.0,0.0,1.5749999999999998e-09
3729.0,0.8019868149347057,0.000572717,0.201692559,0.00012453385064184903,0.8018622810840639,0.0,0.0,0.0,0.0,0.0,0.0,0.0,0.0,0.0,0.6476414856403956,0.0,0.0,1.5749999999999998e-09
3730.0,0.7909482379393985,0.008144007,0.173769328,0.0017708651067877728,0.7891773728326108,0.0,0.0,0.0,0.0,0.0,0.0,0.0,0.0,0.0,0.4596505300211482,0.0,0.0,1.5749999999999998e-09
3731.0,0.7857727225618625,0.047334096,0.14982108,0.01029251312870221,0.7754802094331602,0.0,0.0,0.0,0.0,0.0,0.0,0.0,0.0,0.0,0.3012388369780986,0.0,0.0,1.5749999999999998e-09
3732.0,0.7954451064067416,0.137528972,0.121487249,0.029904843854774762,0.7655402625519668,0.0,0.0,0.0,0.0,0.0,0.0,0.0,0.0,0.0,0.10755206126793335,0.0,0.0,1.5749999999999998e-09
3733.0,0.8327395228134199,0.274858272,0.114643672,0.059766270239795076,0.7729732525736249,0.0,0.0,0.0,0.0,0.0,0.0,0.0,0.0,0.0,0.05093634140957922,0.0,0.0,1.5749999999999998e-09
3734.0,0.8848328861277351,0.432212198,0.133095234,0.09398193053692709,0.790850955590808,0.0,0.0,0.0,0.0,0.0,0.0,0.0,0.0,0.0,0.16566446556597023,0.0,0.0,1.5749999999999998e-09
3735.0,0.9402438316882626,0.581404039,0.149108989,0.12642279477541923,0.8138210369128435,0.0,0.0,0.0,0.0,0.0,0.0,0.0,0.0,0.0,0.25778042562785425,0.0,0.0,1.5749999999999998e-09
3736.0,0.9919900841337324,0.697119193,0.15757603,0.1515843557300173,0.840405728403715,0.0,0.0,0.0,0.0,0.0,0.0,0.0,0.0,0.0,0.2920458115189176,0.0,0.0,1.5749999999999998e-09
3737.0,1.0376552173772131,0.767426176,0.170743065,0.16687218430853168,0.8707830330686814,0.0,0.0,0.0,0.0,0.0,0.0,0.0,0.0,0.0,0.356296027689228,0.0,0.0,1.5749999999999998e-09
3738.0,1.0761311468373824,0.786573074,0.186615053,0.17103556157127528,0.9050955852661072,0.0,0.0,0.0,0.0,0.0,0.0,0.0,0.0,0.0,0.4360506800801748,0.0,0.0,1.5749999999999998e-09
3739.0,1.1069973321733015,0.755815861,0.201074018,0.1643475914745232,0.9426497406987783,0.0,0.0,0.0,0.0,0.0,0.0,0.0,0.0,0.0,0.5024087578719187,0.0,0.0,1.5749999999999998e-09
3740.0,1.1332731960771916,0.678446851,0.21451003,0.1475241678016661,0.9857490282755255,0.0,0.0,0.0,0.0,0.0,0.0,0.0,0.0,0.0,0.5558700479402547,0.0,0.0,1.5749999999999998e-09
3741.0,1.1555461583269946,0.562483733,0.223589842,0.12230868857374878,1.0332374697532458,0.0,0.0,0.0,0.0,0.0,0.0,0.0,0.0,0.0,0.5736354847434383,0.0,0.0,1.5749999999999998e-09
3742.0,1.1705898638087486,0.430466113,0.232042379,0.09360225490551058,1.076987608903238,0.0,0.0,0.0,0.0,0.0,0.0,0.0,0.0,0.0,0.5906311870891546,0.0,0.0,1.5749999999999998e-09
3743.0,1.1732577239672533,0.289671511,0.241101942,0.06298731954189019,1.110270404425363,0.0,0.0,0.0,0.0,0.0,0.0,0.0,0.0,0.0,0.6224567463743953,0.0,0.0,1.5749999999999998e-09
3744.0,1.1619543629053852,0.158754894,0.246256457,0.03452029232248837,1.127434070582897,0.0,0.0,0.0,0.0,0.0,0.0,0.0,0.0,0.0,0.642337029409542,0.0,0.0,1.5749999999999998e-09
3745.0,1.1440492158382978,0.065752741,0.263233009,0.014297536177529536,1.1297516796607683,0.0,0.0,0.0,0.0,0.0,0.0,0.0,0.0,0.0,0.7620247942135778,0.0,0.0,1.5749999999999998e-09
3746.0,1.122225718751918,0.018630195,0.280183098,0.004051023317901376,1.1181746954340166,0.0,0.0,0.0,0.0,0.0,0.0,0.0,0.0,0.0,0.8954169706994295,0.0,0.0,1.5749999999999998e-09
3747.0,1.081061903640801,0.001621167,0.280981122,0.0003525129672132911,1.0807093906735876,0.0,0.0,0.0,0.0,0.0,0.0,0.0,0.0,0.0,0.9386174339588713,0.0,0.0,1.5749999999999998e-09
3748.0,1.0162611589618884,2.56e-07,0.266014907,5.56656529565446e-08,1.0162611032962354,0.0,0.0,0.0,0.0,0.0,0.0,0.0,0.0,0.0,0.8955080349066112,0.0,0.0,1.5749999999999998e-09
3749.0,0.9488370557743039,0.0,0.247496224,0.0,0.9488370557743039,0.0,0.0,0.0,0.0,0.0,0.0,0.0,0.0,0.0,0.829843876813202,0.0,0.0,1.5749999999999998e-09
3750.0,0.8931591023146297,0.0,0.231910139,0.0,0.8931591023146297,0.0,0.0,0.0,0.0,0.0,0.0,0.0,0.0,0.0,0.7735093245661704,0.0,0.0,1.5749999999999998e-09
3751.0,0.8542893355032721,0.0,0.217801642,0.0,0.8542893355032721,0.0,0.0,0.0,0.0,0.0,0.0,0.0,0.0,0.0,0.7109855662732093,0.0,0.0,1.5749999999999998e-09
3752.0,0.817404332275205,1.02e-06,0.207230874,2.2179283599873236e-07,0.817404110482369,0.0,0.0,0.0,0.0,0.0,0.0,0.0,0.0,0.0,0.6719018606149677,0.0,0.0,1.5749999999999998e-09
3753.0,0.806688390991279,0.00042827,0.196661038,9.31247234050756e-05,0.8065952662678739,0.0,0.0,0.0,0.0,0.0,0.0,0.0,0.0,0.0,0.6067484721540382,0.0,0.0,1.5749999999999998e-09
3754.0,0.8198296606919521,0.008165851,0.189972349,0.0017756149525814556,0.8180540457393706,0.0,0.0,0.0,0.0,0.0,0.0,0.0,0.0,0.0,0.5472200963225267,0.0,0.0,1.5749999999999998e-09
3755.0,0.858510295741502,0.049230062,0.178440668,0.010704779477817084,0.8478055162636848,0.0,0.0,0.0,0.0,0.0,0.0,0.0,0.0,0.0,0.4345939023625061,0.0,0.0,1.5749999999999998e-09
3756.0,0.9116271920023453,0.146728942,0.165318585,0.031905321734581875,0.8797218702677634,0.0,0.0,0.0,0.0,0.0,0.0,0.0,0.0,0.0,0.30837308402877905,0.0,0.0,1.5749999999999998e-09
3757.0,0.9633511941228611,0.296246237,0.161533047,0.0644169539786104,0.8989342401442507,0.0,0.0,0.0,0.0,0.0,0.0,0.0,0.0,0.0,0.2619551909674797,0.0,0.0,1.5749999999999998e-09
3758.0,1.0193896094462929,0.462760362,0.189973993,0.10062444419194119,0.9187651652543517,0.0,0.0,0.0,0.0,0.0,0.0,0.0,0.0,0.0,0.4465207917411471,0.0,0.0,1.5749999999999998e-09
3759.0,1.074773853016996,0.616628954,0.21753476,0.1340822396731293,0.9406916133438665,0.0,0.0,0.0,0.0,0.0,0.0,0.0,0.0,0.0,0.6226652877577812,0.0,0.0,1.5749999999999998e-09
3760.0,1.1266803114018633,0.731337488,0.234723863,0.15902491719187145,0.9676553942099918,0.0,0.0,0.0,0.0,0.0,0.0,0.0,0.0,0.0,0.7192344208903063,0.0,0.0,1.5749999999999998e-09
3761.0,1.1687897813223203,0.801986532,0.258700954,0.17438712486771388,0.9944026564546065,0.0,0.0,0.0,0.0,0.0,0.0,0.0,0.0,0.0,0.8648033010552642,0.0,0.0,1.5749999999999998e-09
3762.0,1.2082514165767162,0.822093961,0.284697499,0.17875936379178556,1.0294920527849307,0.0,0.0,0.0,0.0,0.0,0.0,0.0,0.0,0.0,1.0165432557240612,0.0,0.0,1.5749999999999998e-09
3763.0,1.2397050206906528,0.79350493,0.303380901,0.1725428517683094,1.0671621689223434,0.0,0.0,0.0,0.0,0.0,0.0,0.0,0.0,0.0,1.113145131119203,0.0,0.0,1.5749999999999998e-09
3764.0,1.264111825300817,0.71771821,0.3093363,0.15606348749395468,1.1080483378068624,0.0,0.0,0.0,0.0,0.0,0.0,0.0,0.0,0.0,1.1150586238862925,0.0,0.0,1.5749999999999998e-09
3765.0,1.2826066159784324,0.601417041,0.300843775,0.13077450111897637,1.1518321148594561,0.0,0.0,0.0,0.0,0.0,0.0,0.0,0.0,0.0,1.0102416236075427,0.0,0.0,1.5749999999999998e-09
3766.0,1.290140706798004,0.463812052,0.288340809,0.10085312782693286,1.189287578971071,0.0,0.0,0.0,0.0,0.0,0.0,0.0,0.0,0.0,0.8829311028588218,0.0,0.0,1.5749999999999998e-09
3767.0,1.2823796590641727,0.313729881,0.278972703,0.06821866671032825,1.2141609923538443,0.0,0.0,0.0,0.0,0.0,0.0,0.0,0.0,0.0,0.7907319289155215,0.0,0.0,1.5749999999999998e-09
3768.0,1.2612793105378186,0.172708112,0.277225051,0.03755433525535951,1.223724975282459,0.0,0.0,0.0,0.0,0.0,0.0,0.0,0.0,0.0,0.7686080966326054,0.0,0.0,1.5749999999999998e-09
3769.0,1.2351547502435103,0.073483872,0.282813118,0.01597862389318416,1.2191761263503262,0.0,0.0,0.0,0.0,0.0,0.0,0.0,0.0,0.0,0.8133167025997441,0.0,0.0,1.5749999999999998e-09
3770.0,1.2046601519338258,0.019620782,0.291485732,0.004266420474796941,1.200393731459029,0.0,0.0,0.0,0.0,0.0,0.0,0.0,0.0,0.0,0.8944265662022063,0.0,0.0,1.5749999999999998e-09
3771.0,1.148465981335942,0.001574466,0.301003183,0.0003423581169839021,1.148123623218958,0.0,0.0,0.0,0.0,0.0,0.0,0.0,0.0,0.0,1.015095732605427,0.0,0.0,1.5749999999999998e-09
3772.0,1.0696739899442131,3.38e-07,0.297412467,7.349605741918778e-08,1.0696739164481557,0.0,0.0,0.0,0.0,0.0,0.0,0.0,0.0,0.0,1.0677400433167854,0.0,0.0,1.5749999999999998e-09
3773.0,0.9950517816434254,0.0,0.290610061,0.0,0.9950517816434254,0.0,0.0,0.0,0.0,0.0,0.0,0.0,0.0,0.0,1.0934753318805042,0.0,0.0,1.5749999999999998e-09
3774.0,0.9335241165609678,0.0,0.28517892,0.0,0.9335241165609678,0.0,0.0,0.0,0.0,0.0,0.0,0.0,0.0,0.0,1.1159710198977515,0.0,0.0,1.5749999999999998e-09
3775.0,0.883620222419324,0.0,0.280610522,0.0,0.8836202224193239,0.0,0.0,0.0,0.0,0.0,0.0,0.0,0.0,0.0,1.1330432114633149,0.0,0.0,1.5749999999999998e-09
3776.0,0.8491961479279453,2.52e-06,0.272678625,5.479587712909859e-07,0.849195599969174,0.0,0.0,0.0,0.0,0.0,0.0,0.0,0.0,0.0,1.1104636755261919,0.0,0.0,1.5749999999999998e-09
3777.0,0.8345195798074049,0.001019555,0.251019835,0.00022169607343792898,0.834297883733967,0.0,0.0,0.0,0.0,0.0,0.0,0.0,0.0,0.0,0.9697061814584049,0.0,0.0,1.5749999999999998e-09
3778.0,0.8448639350650209,0.011409973,0.234187949,0.0024810296768029063,0.842382905388218,0.0,0.0,0.0,0.0,0.0,0.0,0.0,0.0,0.0,0.84065545695898,0.0,0.0,1.5749999999999998e-09
3779.0,0.877118564876247,0.055104528,0.213320177,0.011982146609305447,0.8651364182669415,0.0,0.0,0.0,0.0,0.0,0.0,0.0,0.0,0.0,0.6679315422611828,0.0,0.0,1.5749999999999998e-09
3780.0,0.9209836156332994,0.159413209,0.180067223,0.034663438940949656,0.8863201766923497,0.0,0.0,0.0,0.0,0.0,0.0,0.0,0.0,0.0,0.4077688035665265,0.0,0.0,1.5749999999999998e-09
3781.0,0.96997968111798,0.31834395,0.180778879,0.06922196813092024,0.9007577129870599,0.0,0.0,0.0,0.0,0.0,0.0,0.0,0.0,0.0,0.3984457249281946,0.0,0.0,1.5749999999999998e-09
3782.0,1.0237729994565061,0.487386276,0.222678346,0.10597920037343227,0.9177937990830739,0.0,0.0,0.0,0.0,0.0,0.0,0.0,0.0,0.0,0.682528507774922,0.0,0.0,1.5749999999999998e-09
3783.0,1.0803165047558212,0.636256201,0.245791829,0.13835006592310736,0.9419664388327139,0.0,0.0,0.0,0.0,0.0,0.0,0.0,0.0,0.0,0.8244655194508548,0.0,0.0,1.5749999999999998e-09
3784.0,1.131875852271843,0.749345811,0.255378487,0.16294071820143147,0.9689351340704117,0.0,0.0,0.0,0.0,0.0,0.0,0.0,0.0,0.0,0.8663932522727522,0.0,0.0,1.5749999999999998e-09
3785.0,1.1758410314910381,0.816487144,0.263253733,0.17754019531790724,0.9983008361731308,0.0,0.0,0.0,0.0,0.0,0.0,0.0,0.0,0.0,0.8936245748569067,0.0,0.0,1.5749999999999998e-09
3786.0,1.2153605183902538,0.834981141,0.268957134,0.18156160320377196,1.033798915186482,0.0,0.0,0.0,0.0,0.0,0.0,0.0,0.0,0.0,0.8991151236522793,0.0,0.0,1.5749999999999998e-09
3787.0,1.244987340027787,0.804815229,0.274783218,0.17500220793615612,1.069985132091631,0.0,0.0,0.0,0.0,0.0,0.0,0.0,0.0,0.0,0.904799220382514,0.0,0.0,1.5749999999999998e-09
3788.0,1.2672269247903094,0.724794481,0.277319988,0.15760217986001895,1.1096247449302903,0.0,0.0,0.0,0.0,0.0,0.0,0.0,0.0,0.0,0.8833906106534619,0.0,0.0,1.5749999999999998e-09
3789.0,1.2818612170934525,0.603910835,0.274832373,0.13131676155393385,1.1505444555395186,0.0,0.0,0.0,0.0,0.0,0.0,0.0,0.0,0.0,0.8245931591372908,0.0,0.0,1.5749999999999998e-09
3790.0,1.2889591937445135,0.467420626,0.26785986,0.10163779043612041,1.187321403308393,0.0,0.0,0.0,0.0,0.0,0.0,0.0,0.0,0.0,0.737706857274519,0.0,0.0,1.5749999999999998e-09
3791.0,1.2807753828370834,0.321313468,0.258180042,0.0698676718748117,1.2109077109622715,0.0,0.0,0.0,0.0,0.0,0.0,0.0,0.0,0.0,0.6445546086569621,0.0,0.0,1.5749999999999998e-09
3792.0,1.25603036768804,0.184029078,0.259113155,0.04001601089789405,1.216014356790146,0.0,0.0,0.0,0.0,0.0,0.0,0.0,0.0,0.0,0.6461539653459157,0.0,0.0,1.5749999999999998e-09
3793.0,1.221007749256167,0.082400087,0.27595787,0.017917400963012038,1.203090348293155,0.0,0.0,0.0,0.0,0.0,0.0,0.0,0.0,0.0,0.780135874853028,0.0,0.0,1.5749999999999998e-09
3794.0,1.1867906061866045,0.022346136,0.293606153,0.0048590322324052635,1.1819315739541991,0.0,0.0,0.0,0.0,0.0,0.0,0.0,0.0,0.0,0.928127551761876,0.0,0.0,1.5749999999999998e-09
3795.0,1.1275236129165505,0.001794238,0.295304029,0.0003901462102712682,1.1271334667062793,0.0,0.0,0.0,0.0,0.0,0.0,0.0,0.0,0.0,0.995127783221186,0.0,0.0,1.5749999999999998e-09
3796.0,1.0480663246096162,4.28e-07,0.28714488,9.3066013536723e-08,1.0480662315436027,0.0,0.0,0.0,0.0,0.0,0.0,0.0,0.0,0.0,1.0155576682138636,0.0,0.0,1.5749999999999998e-09
3797.0,0.973488617958661,0.0,0.282865384,0.0,0.973488617958661,0.0,0.0,0.0,0.0,0.0,0.0,0.0,0.0,0.0,1.0593798310155058,0.0,0.0,1.5749999999999998e-09
3798.0,0.9095155999669375,0.0,0.274440351,0.0,0.9095155999669375,0.0,0.0,0.0,0.0,0.0,0.0,0.0,0.0,0.0,1.0628046704882694,0.0,0.0,1.5749999999999998e-09
3799.0,0.8591377655044063,0.0,0.261858157,0.0,0.8591377655044063,0.0,0.0,0.0,0.0,0.0,0.0,0.0,0.0,0.0,1.0227580605038542,0.0,0.0,1.5749999999999998e-09
3800.0,0.826680653936385,1.14e-06,0.254569942,2.4788611082211266e-07,0.8266804060502742,0.0,0.0,0.0,0.0,0.0,0.0,0.0,0.0,0.0,1.002837210530847,0.0,0.0,1.5749999999999998e-09
3801.0,0.8116213726272081,0.000498043,0.245677207,0.0001082964406071732,0.811513076186601,0.0,0.0,0.0,0.0,0.0,0.0,0.0,0.0,0.0,0.9540951282531313,0.0,0.0,1.5749999999999998e-09
3802.0,0.8245178847536886,0.006714549,0.233392394,0.0014600381031004436,0.8230578466505881,0.0,0.0,0.0,0.0,0.0,0.0,0.0,0.0,0.0,0.8542631011580969,0.0,0.0,1.5749999999999998e-09
3803.0,0.8510296069017295,0.043203598,0.213511091,0.009394361299773689,0.8416352456019558,0.0,0.0,0.0,0.0,0.0,0.0,0.0,0.0,0.0,0.6928047564307857,0.0,0.0,1.5749999999999998e-09
3804.0,0.8909963331319333,0.137491486,0.174223402,0.02989669275060785,0.8610996403813255,0.0,0.0,0.0,0.0,0.0,0.0,0.0,0.0,0.0,0.390991555757198,0.0,0.0,1.5749999999999998e-09
3805.0,0.9354643784944257,0.287383155,0.142221271,0.06248973035854243,0.8729746481358832,0.0,0.0,0.0,0.0,0.0,0.0,0.0,0.0,0.0,0.149126856475599,0.0,0.0,1.5749999999999998e-09
3806.0,0.9840132046481185,0.451961819,0.14536534,0.09827636627368211,0.8857368383744364,0.0,0.0,0.0,0.0,0.0,0.0,0.0,0.0,0.0,0.1589601446272108,0.0,0.0,1.5749999999999998e-09
3807.0,1.035585901159203,0.602678073,0.161919277,0.13104870490678533,0.9045371962524177,0.0,0.0,0.0,0.0,0.0,0.0,0.0,0.0,0.0,0.2591279537187378,0.0,0.0,1.5749999999999998e-09
3808.0,1.0816582227487848,0.72345589,0.170929921,0.15731111133635978,0.9243471114124251,0.0,0.0,0.0,0.0,0.0,0.0,0.0,0.0,0.0,0.30407482722445994,0.0,0.0,1.5749999999999998e-09
3809.0,1.1192530235419653,0.800364806,0.179685173,0.17403449034932866,0.9452185331926367,0.0,0.0,0.0,0.0,0.0,0.0,0.0,0.0,0.0,0.3461247686097671,0.0,0.0,1.5749999999999998e-09
3810.0,1.1553904030525424,0.826281488,0.18797356,0.17966991623212994,0.9757204868204126,0.0,0.0,0.0,0.0,0.0,0.0,0.0,0.0,0.0,0.3751889597923708,0.0,0.0,1.5749999999999998e-09
3811.0,1.1840070417385349,0.80310191,0.192899823,0.17462965707343012,1.0093773846651046,0.0,0.0,0.0,0.0,0.0,0.0,0.0,0.0,0.0,0.3769356326583628,0.0,0.0,1.5749999999999998e-09
3812.0,1.208313717886557,0.732419853,0.194021673,0.15926027092023987,1.0490534469663173,0.0,0.0,0.0,0.0,0.0,0.0,0.0,0.0,0.0,0.3453219689342831,0.0,0.0,1.5749999999999998e-09
3813.0,1.226841885051528,0.621609814,0.189966802,0.13516529758010248,1.1388396089986226,0.0,0.0,0.047163021527197375,0.0,0.0,0.0,0.0,0.0,0.0,0.22639466844241846,0.0,0.0,1.5749999999999998e-09
3814.0,1.2369348072374955,0.488998987,0.176028884,0.10632987463454632,1.2650666523116647,0.0,0.0,0.13446171970871557,0.0,0.04244671937447764,0.0,0.0,0.0,0.0,0.0,0.0,0.0,1.575021454469746e-09
3815.0,1.2324245887751648,0.341674912,0.158091462,0.07429514482558561,1.1361557947012646,0.0,0.0,0.0,0.021973649248314454,0.16346168891584437,0.0,0.0,0.0,0.0,0.0,0.0,0.0,1.7500476769241584e-09
3816.0,1.2102584304849606,0.199492522,0.151253832,0.0433784433479603,1.0870158041651332,0.0,0.0,0.0,0.07986418297186731,0.141485813041442,0.0,0.0,0.0,0.0,0.0,0.0,0.0,1.7500715158733263e-09
3817.0,1.1804580539129668,0.087940869,0.153021149,0.019122210525199027,1.0997169799605981,0.0,0.0,0.0,0.06161886342716968,0.0616197027922752,0.0,0.0,0.0,0.0,0.0,0.0,0.0,1.7500953551472252e-09
3818.0,1.1516300331402125,0.023586001,0.164007789,0.00512863338397935,1.1465013997562332,0.0,0.0,0.0,0.0,0.0,0.0,0.0,0.0,0.0,0.032173257882724855,0.0,0.0,1.5749999999999998e-09
3819.0,1.100177489583789,0.001845851,0.179132636,0.00040136914521676087,1.0997761204385723,0.0,0.0,0.0,0.0,0.0,0.0,0.0,0.0,0.0,0.18759626410875024,0.0,0.0,1.5749999999999998e-09
3820.0,1.0268814234485424,5.5e-07,0.195532929,1.1959417627382628e-07,1.026881303854366,0.0,0.0,0.0,0.0,0.0,0.0,0.0,0.0,0.0,0.37835505443967615,0.0,0.0,1.5749999999999998e-09
3821.0,0.9559572827503188,0.0,0.210223165,0.0,0.9559572827503188,0.0,0.0,0.0,0.0,0.0,0.0,0.0,0.0,0.0,0.5548533838952342,0.0,0.0,1.5749999999999998e-09
3822.0,0.8933059572591152,0.0,0.223382349,0.0,0.8933059572591152,0.0,0.0,0.0,0.0,0.0,0.0,0.0,0.0,0.0,0.7120758074457383,0.0,0.0,1.5749999999999998e-09
3823.0,0.8492384247452676,0.0,0.231575024,0.0,0.8492384247452676,0.0,0.0,0.0,0.0,0.0,0.0,0.0,0.0,0.0,0.8150216314093428,0.0,0.0,1.5749999999999998e-09
3824.0,0.8153728432094962,6.36e-07,0.23277528,1.3829435656391547e-07,0.8153727049151397,0.0,0.0,0.0,0.0,0.0,0.0,0.0,0.0,0.0,0.8575132301596429,0.0,0.0,1.5749999999999998e-09
3825.0,0.8023584019609402,0.00034374,0.225128022,7.474418573157281e-05,0.8022836577752086,0.0,0.0,0.0,0.0,0.0,0.0,0.0,0.0,0.0,0.815643733806089,0.0,0.0,1.5749999999999998e-09
3826.0,0.8108960002345966,0.006104738,0.212023304,0.001327438386322774,0.9335873716203545,0.0,0.0,0.12401880977208053,0.0,0.0,0.0,0.0,0.0,0.0,0.590160352664135,0.0,0.0,1.5749999999999998e-09
3827.0,0.8425342854453953,0.042618456,0.18602672,0.009267125707967835,1.3369180930040971,0.0,0.0,0.5036509332666697,0.0,0.11161692879487248,0.0,0.0,0.0,0.0,0.0,0.0,0.0,1.575021454469746e-09
3828.0,0.8835200949571064,0.141658013,0.135543606,0.030802678867858136,0.9741111344242306,0.0,0.0,0.12139371833498243,0.0,0.5649012483225563,0.0,0.0,0.0,0.0,0.0,0.0,0.0,1.5750429092317427e-09
3829.0,0.9286756865598337,0.294251136,0.095207285,0.06398313132283205,0.6842261257001014,0.0,0.0,0.0,0.18046642953690026,0.6741478999087062,0.0,0.0,0.0,0.0,0.0,0.0,0.0,1.7500715158733263e-09
3830.0,0.978214669172699,0.458914734,0.088680178,0.09978823562300382,0.6373177705816878,0.0,0.0,0.0,0.24110866296800731,0.49367228733135776,0.0,0.0,0.0,0.0,0.0,0.0,0.0,1.7500953551472252e-09
3831.0,1.0316653263074005,0.608869024,0.10342818,0.13239488978896102,0.743307225803285,0.0,0.0,0.0,0.15596321071515443,0.25255689970755413,0.0,0.0,0.0,0.0,0.0,0.0,0.0,1.7501191947458603e-09
3832.0,1.0810663543057466,0.726664409,0.116952151,0.15800878440338506,0.8404999383295432,0.0,0.0,0.0,0.08255763157281835,0.09659024873807899,0.0,0.0,0.0,0.0,0.0,0.0,0.0,1.7501430346692358e-09
3833.0,1.1234539582877516,0.803803312,0.130051452,0.17478217269966068,0.9346406752764005,0.0,0.0,0.0,0.014031110311690551,0.014031301441869402,0.0,0.0,0.0,0.0,0.0,0.0,0.0,1.7501668749173558e-09
3834.0,1.1618297582858537,0.825304768,0.145795499,0.17945753437058418,0.9823722239152696,0.0,0.0,0.0,0.0,0.0,0.0,0.0,0.0,0.0,0.0654161824580769,0.0,0.0,1.5749999999999998e-09
3835.0,1.1962226821223119,0.7997304,0.159873678,0.17389654259843199,1.0223261395238799,0.0,0.0,0.0,0.0,0.0,0.0,0.0,0.0,0.0,0.12663790560528795,0.0,0.0,1.5749999999999998e-09
3836.0,1.2215195147295064,0.725515093,0.169792058,0.15775887258466087,1.0637606421448456,0.0,0.0,0.0,0.0,0.0,0.0,0.0,0.0,0.0,0.15648381729948072,0.0,0.0,1.5749999999999998e-09
3837.0,1.2407330043021265,0.612566189,0.169257044,0.13319881597573088,1.1868335878878826,0.0,0.0,0.07929939956148704,0.0,0.0,0.0,0.0,0.0,0.0,0.029565886832687256,0.0,0.0,1.5749999999999998e-09
3838.0,1.2503141600148298,0.476820328,0.163432841,0.1036816988323194,1.1745426792665152,0.0,0.0,0.027910218084004637,0.0,0.07136945960533835,0.0,0.0,0.0,0.0,0.0,0.0,0.0,1.575021454469746e-09
3839.0,1.3158803290711656,0.325868028,0.159814107,0.07085803342297482,1.1485359262668973,0.0,0.0,0.0,0.09648636938129346,0.09648768370757461,0.0,0.0,0.0,0.0,0.0,0.0,0.0,1.7500476769241582e-09
3840.0,1.2191787399474037,0.180715636,0.167552498,0.03929552295858296,1.1798832169888205,0.0,0.0,0.0,0.0,0.0,0.0,0.0,0.0,0.0,0.02426619823622217,0.0,0.0,1.5749999999999998e-09
3841.0,1.192842799566183,0.07275176,0.204373091,0.015819430563038372,1.1770233690031449,0.0,0.0,0.0,0.0,0.0,0.0,0.0,0.0,0.0,0.29174457509151414,0.0,0.0,1.5749999999999998e-09
3842.0,1.168696328357634,0.018298801,0.265214146,0.003978963695261216,1.1647173646623727,0.0,0.0,0.0,0.0,0.0,0.0,0.0,0.0,0.0,0.7412969450455559,0.0,0.0,1.5749999999999998e-09
3843.0,1.1189370633280404,0.001677968,0.317541493,0.0003648640014069813,1.1185721993266335,0.0,0.0,0.0,0.0,0.0,0.0,0.0,0.0,0.0,1.1635030169177523,0.0,0.0,1.5749999999999998e-09
3844.0,1.0463463450928865,6.48e-07,0.345275508,1.409036840462535e-07,1.0463462041892024,0.0,0.0,0.0,0.0,0.0,0.0,0.0,0.0,0.0,1.4350450374366286,0.0,0.0,1.5749999999999998e-09
3845.0,0.9721713761230867,0.0,0.349988478,0.0,0.9721713761230867,0.0,0.0,0.0,0.0,0.0,0.0,0.0,0.0,0.0,1.5430905635658265,0.0,0.0,1.5749999999999998e-09
3846.0,0.9157346737834453,0.0,0.340975479,0.0,0.9157346737834453,0.0,0.0,0.0,0.0,0.0,0.0,0.0,0.0,0.0,1.5347535525629556,0.0,0.0,1.5749999999999998e-09
3847.0,0.8706013315057473,0.0,0.325570678,0.0,0.8706013315057474,0.0,0.0,0.0,0.0,0.0,0.0,0.0,0.0,0.0,1.4691772227245852,0.0,0.0,1.5749999999999998e-09
3848.0,0.8389964227823042,1.62e-06,0.306653445,3.522592101156337e-07,0.8389960705230941,0.0,0.0,0.0,0.0,0.0,0.0,0.0,0.0,0.0,1.3648300190974545,0.0,0.0,1.5749999999999998e-09
3849.0,0.8226621754549505,0.000729186,0.275347438,0.00015855708912801143,0.8225036183658224,0.0,0.0,0.0,0.0,0.0,0.0,0.0,0.0,0.0,1.1563356135709868,0.0,0.0,1.5749999999999998e-09
3850.0,0.829005852891065,0.009585455,0.244898598,0.0020842992635178715,0.8269215536275472,0.0,0.0,0.0,0.0,0.0,0.0,0.0,0.0,0.0,0.9330910220795178,0.0,0.0,1.5749999999999998e-09
3851.0,0.8545185182499668,0.052239169,0.209809467,0.01135909161051673,0.8431594266394501,0.0,0.0,0.0,0.0,0.0,0.0,0.0,0.0,0.0,0.6646781168911031,0.0,0.0,1.5749999999999998e-09
3852.0,0.896572361358114,0.152828719,0.167069576,0.03323168138143466,0.8633406799766793,0.0,0.0,0.0,0.0,0.0,0.0,0.0,0.0,0.0,0.3373381200630304,0.0,0.0,1.5749999999999998e-09
3853.0,0.9501898989297445,0.297373026,0.161881702,0.0646619674373184,0.8855279314924261,0.0,0.0,0.0,0.0,0.0,0.0,0.0,0.0,0.0,0.27786717825362267,0.0,0.0,1.5749999999999998e-09
3854.0,1.0121381023532905,0.451483869,0.195651281,0.09817243893450017,0.9139656634187904,0.0,0.0,0.0,0.0,0.0,0.0,0.0,0.0,0.0,0.49212125510736926,0.0,0.0,1.5749999999999998e-09
3855.0,1.0737592204004345,0.594323907,0.218560195,0.12923214199546754,0.944527078404967,0.0,0.0,0.0,0.0,0.0,0.0,0.0,0.0,0.0,0.6261993156636034,0.0,0.0,1.5749999999999998e-09
3856.0,1.132908284548413,0.705849953,0.224614451,0.15348280673082543,0.9794254778175876,0.0,0.0,0.0,0.0,0.0,0.0,0.0,0.0,0.0,0.6348110334324208,0.0,0.0,1.5749999999999998e-09
3857.0,1.1842228734903175,0.771823071,0.232021612,0.16782826255523622,1.0163946109350814,0.0,0.0,0.0,0.0,0.0,0.0,0.0,0.0,0.0,0.651074938873551,0.0,0.0,1.5749999999999998e-09
3858.0,1.226772908244231,0.787754079,0.24077584,0.17129236397154848,1.0554805442726825,0.0,0.0,0.0,0.0,0.0,0.0,0.0,0.0,0.0,0.6749030095214154,0.0,0.0,1.5749999999999998e-09
3859.0,1.263059366531879,0.752069247,0.247325453,0.16353291290153052,1.0995264536303484,0.0,0.0,0.0,0.0,0.0,0.0,0.0,0.0,0.0,0.6779271991359553,0.0,0.0,1.5749999999999998e-09
3860.0,1.2909795586476702,0.672150349,0.250111156,0.14615503149239975,1.1448245271552706,0.0,0.0,0.0,0.0,0.0,0.0,0.0,0.0,0.0,0.6526491353302595,0.0,0.0,1.5749999999999998e-09
3861.0,1.3136018565988288,0.556925028,0.250908867,0.12109998176352296,1.192501874835306,0.0,0.0,0.0,0.0,0.0,0.0,0.0,0.0,0.0,0.6107046967123653,0.0,0.0,1.5749999999999998e-09
3862.0,1.3211203715909778,0.427446821,0.254447662,0.0929457281061103,1.2281746434848675,0.0,0.0,0.0,0.0,0.0,0.0,0.0,0.0,0.0,0.6004641835094001,0.0,0.0,1.5749999999999998e-09
3863.0,1.3081615571547318,0.290739129,0.268863595,0.06321946662422676,1.244942090530505,0.0,0.0,0.0,0.0,0.0,0.0,0.0,0.0,0.0,0.6872997116451495,0.0,0.0,1.5749999999999998e-09
3864.0,1.2771618668693143,0.162558891,0.29436723,0.03534744848205766,1.2418144183872566,0.0,0.0,0.0,0.0,0.0,0.0,0.0,0.0,0.0,0.8737143388498672,0.0,0.0,1.5749999999999998e-09
3865.0,1.2388439185160327,0.068473268,0.326366731,0.014889098333158088,1.2239548201828745,0.0,0.0,0.0,0.0,0.0,0.0,0.0,0.0,0.0,1.121544727562208,0.0,0.0,1.5749999999999998e-09
3866.0,1.203819075251649,0.019049263,0.352545529,0.004142147122015412,1.1996769281296338,0.0,0.0,0.0,0.0,0.0,0.0,0.0,0.0,0.0,1.3339617681168012,0.0,0.0,1.5749999999999998e-09
3867.0,1.1523576313652593,0.001816591,0.354677649,0.00039500673503899337,1.1519626246302201,0.0,0.0,0.0,0.0,0.0,0.0,0.0,0.0,0.0,1.3969989768658253,0.0,0.0,1.5749999999999998e-09
3868.0,1.0833270261181502,5.36e-07,0.341173841,1.1654996087776524e-07,1.0833269095681892,0.0,0.0,0.0,0.0,0.0,0.0,0.0,0.0,0.0,1.3685868848189986,0.0,0.0,1.5749999999999998e-09
3869.0,1.0133908170465888,0.0,0.321528637,0.0,1.0133908170465888,0.0,0.0,0.0,0.0,0.0,0.0,0.0,0.0,0.0,1.2973388040758316,0.0,0.0,1.5749999999999998e-09
3870.0,0.9493109960951913,0.0,0.297261083,0.0,0.9493109960951913,0.0,0.0,0.0,0.0,0.0,0.0,0.0,0.0,0.0,1.1870150123873136,0.0,0.0,1.5749999999999998e-09
3871.0,0.9031340963784463,0.0,0.271562109,0.0,0.9031340963784463,0.0,0.0,0.0,0.0,0.0,0.0,0.0,0.0,0.0,1.0485011143936982,0.0,0.0,1.5749999999999998e-09
3872.0,0.8643221812119088,1.49e-06,0.249973009,3.2399149572363846e-07,0.8643218572204131,0.0,0.0,0.0,0.0,0.0,0.0,0.0,0.0,0.0,0.9321589843209309,0.0,0.0,1.5749999999999998e-09
3873.0,0.8370161088640347,0.000660929,0.226994655,0.00014371501696451585,0.8368723938470702,0.0,0.0,0.0,0.0,0.0,0.0,0.0,0.0,0.0,0.7944699277544874,0.0,0.0,1.5749999999999998e-09
3874.0,0.828333881478328,0.008214386,0.204480075,0.0017861685950277288,0.8265477128833003,0.0,0.0,0.0,0.0,0.0,0.0,0.0,0.0,0.0,0.6429890930461638,0.0,0.0,1.5749999999999998e-09
3875.0,0.8294286170645885,0.04355957,0.177559339,0.00947176525998559,0.8199568518046029,0.0,0.0,0.0,0.0,0.0,0.0,0.0,0.0,0.0,0.45610872033980726,0.0,0.0,1.5749999999999998e-09
3876.0,0.8516081253497801,0.132249387,0.141063849,0.028756830001788126,0.8228512953479921,0.0,0.0,0.0,0.0,0.0,0.0,0.0,0.0,0.0,0.1909321654198905,0.0,0.0,1.5749999999999998e-09
3877.0,0.9029093632967725,0.271777705,0.148294137,0.059096419561938104,0.8438129437348344,0.0,0.0,0.0,0.0,0.0,0.0,0.0,0.0,0.0,0.22193242253151868,0.0,0.0,1.5749999999999998e-09
3878.0,0.9754110792321858,0.4277445,0.17654085,0.09301045660574489,0.8824006226264409,0.0,0.0,0.0,0.0,0.0,0.0,0.0,0.0,0.0,0.38634537536418284,0.0,0.0,1.5749999999999998e-09
3879.0,1.0542408977762159,0.571149579,0.18675484,0.1241930244175412,0.9300478733586746,0.0,0.0,0.0,0.0,0.0,0.0,0.0,0.0,0.0,0.4121029991185979,0.0,0.0,1.5749999999999998e-09
3880.0,1.1284870683858232,0.685769299,0.188625574,0.1491163898686987,0.9793706785171246,0.0,0.0,0.0,0.0,0.0,0.0,0.0,0.0,0.0,0.37622459663411817,0.0,0.0,1.5749999999999998e-09
3881.0,1.1905576515963903,0.758951563,0.19594419,0.16502943092494177,1.0255282206714487,0.0,0.0,0.0,0.0,0.0,0.0,0.0,0.0,0.0,0.38266374675147036,0.0,0.0,1.5749999999999998e-09
3882.0,1.2356820925441971,0.783344017,0.207097859,0.17033342264026394,1.0653486699039332,0.0,0.0,0.0,0.0,0.0,0.0,0.0,0.0,0.0,0.42300136238987596,0.0,0.0,1.5749999999999998e-09
3883.0,1.2701439931879523,0.762330107,0.219834309,0.16576407490073244,1.10437991828722,0.0,0.0,0.0,0.0,0.0,0.0,0.0,0.0,0.0,0.47550314993627735,0.0,0.0,1.5749999999999998e-09
3884.0,1.2951471169061006,0.695218283,0.233688246,0.1511710143379797,1.1439761025681208,0.0,0.0,0.0,0.0,0.0,0.0,0.0,0.0,0.0,0.5354710445932779,0.0,0.0,1.5749999999999998e-09
3885.0,1.3127496537542505,0.588087981,0.246639834,0.127876177571332,1.1848734761829185,0.0,0.0,0.0,0.0,0.0,0.0,0.0,0.0,0.0,0.5876528390159252,0.0,0.0,1.5749999999999998e-09
3886.0,1.3226289700208704,0.460094275,0.261353149,0.10004471968532419,1.2225842503355462,0.0,0.0,0.0,0.0,0.0,0.0,0.0,0.0,0.0,0.655682235047283,0.0,0.0,1.5749999999999998e-09
3887.0,1.3147967196473067,0.320416331,0.280240152,0.06967259485568485,1.2451241247916218,0.0,0.0,0.0,0.0,0.0,0.0,0.0,0.0,0.0,0.76887757128203,0.0,0.0,1.5749999999999998e-09
3888.0,1.2905501199766152,0.185636864,0.312771497,0.040365614247520575,1.2501845057290948,0.0,0.0,0.0,0.0,0.0,0.0,0.0,0.0,0.0,0.997610183739583,0.0,0.0,1.5749999999999998e-09
3889.0,1.2210856263934307,0.082980506,0.347409564,0.018043609567009632,1.203042016826421,0.0,0.0,0.0,0.0,0.0,0.0,0.0,0.0,0.0,1.2936860434988093,0.0,0.0,1.5749999999999998e-09
3890.0,1.1920061725490276,0.023562907,0.361214295,0.005123611733239592,1.186882560815788,0.0,0.0,0.0,0.0,0.0,0.0,0.0,0.0,0.0,1.409055949723017,0.0,0.0,1.5749999999999998e-09
3891.0,1.1462342353459483,0.001967362,0.370280365,0.0004277909778589589,1.1458064443680893,0.0,0.0,0.0,0.0,0.0,0.0,0.0,0.0,0.0,1.5152871848302378,0.0,0.0,1.5749999999999998e-09
3892.0,1.0826795308628026,7.1e-07,0.36962992,1.5438520937166663e-07,1.0826793764775933,0.0,0.0,0.0,0.0,0.0,0.0,0.0,0.0,0.0,1.5737397001134306,0.0,0.0,1.5749999999999998e-09
3893.0,1.0461216130111373,0.0,0.35690967,0.0,1.0461216130111373,0.0,0.0,0.0,0.0,0.0,0.0,0.0,0.0,0.0,1.518880852178388,0.0,0.0,1.5749999999999998e-09
3894.0,0.982420053583506,0.0,0.336870409,0.0,0.982420053583506,0.0,0.0,0.0,0.0,0.0,0.0,0.0,0.0,0.0,1.4385662691866328,0.0,0.0,1.5749999999999998e-09
3895.0,0.9295078629120437,0.0,0.316406533,0.0,0.9295078629120437,0.0,0.0,0.0,0.0,0.0,0.0,0.0,0.0,0.0,1.3444107371277674,0.0,0.0,1.5749999999999998e-09
3896.0,0.8904133650188616,3.16e-06,0.299101879,6.871229036823473e-07,0.8904126778959579,0.0,0.0,0.0,0.0,0.0,0.0,0.0,0.0,0.0,1.2591425778577436,0.0,0.0,1.5749999999999998e-09
3897.0,0.8621104607143588,0.000569982,0.276005667,0.00012393914141983281,0.861986521572939,0.0,0.0,0.0,0.0,0.0,0.0,0.0,0.0,0.0,1.1215832042382985,0.0,0.0,1.5749999999999998e-09
3898.0,0.8451420691265693,0.007878279,0.253859241,0.0017130841590188796,0.8434289849675504,0.0,0.0,0.0,0.0,0.0,0.0,0.0,0.0,0.0,0.9809810372549964,0.0,0.0,1.5749999999999998e-09
3899.0,0.8366712228276996,0.046250446,0.222277129,0.010056879984849243,0.8266143428428503,0.0,0.0,0.0,0.0,0.0,0.0,0.0,0.0,0.0,0.7708245380937466,0.0,0.0,1.5749999999999998e-09
3900.0,0.8539555756293388,0.142120616,0.191202891,0.030903269094634138,0.8230523065347046,0.0,0.0,0.0,0.0,0.0,0.0,0.0,0.0,0.0,0.5510653708214851,0.0,0.0,1.5749999999999998e-09
3901.0,0.906985694422952,0.292690997,0.202571648,0.06364388852541811,0.8433418058975338,0.0,0.0,0.0,0.0,0.0,0.0,0.0,0.0,0.0,0.6124797091023393,0.0,0.0,1.5749999999999998e-09
3902.0,0.9732327352219914,0.459553512,0.230375448,0.09992713403887989,0.8733056011831114,0.0,0.0,0.0,0.0,0.0,0.0,0.0,0.0,0.0,0.7823334630068314,0.0,0.0,1.5749999999999998e-09
3903.0,1.0408103678515928,0.611499625,0.229148249,0.13296689807932485,0.9078434697722679,0.0,0.0,0.0,0.0,0.0,0.0,0.0,0.0,0.0,0.7389760842590453,0.0,0.0,1.5749999999999998e-09
3904.0,1.1000017088168934,0.732586836,0.22207124,0.15929658036448846,0.9407051284524048,0.0,0.0,0.0,0.0,0.0,0.0,0.0,0.0,0.0,0.6552540901579924,0.0,0.0,1.5749999999999998e-09
3905.0,1.1501659363601526,0.809190492,0.225612848,0.17595358243518586,0.9742123539249667,0.0,0.0,0.0,0.0,0.0,0.0,0.0,0.0,0.0,0.6471993363170759,0.0,0.0,1.5749999999999998e-09
3906.0,1.1882791781241286,0.832513202,0.235002658,0.18102496478231916,1.0072542133418096,0.0,0.0,0.0,0.0,0.0,0.0,0.0,0.0,0.0,0.6816392175817373,0.0,0.0,1.5749999999999998e-09
3907.0,1.21307092075544,0.80571032,0.244323205,0.17519684006494723,1.0378740806904927,0.0,0.0,0.0,0.0,0.0,0.0,0.0,0.0,0.0,0.7180033185629536,0.0,0.0,1.5749999999999998e-09
3908.0,1.2287153950101992,0.732385563,0.252247195,0.1592528147669591,1.06946258024324,0.0,0.0,0.0,0.0,0.0,0.0,0.0,0.0,0.0,0.7433621521663436,0.0,0.0,1.5749999999999998e-09
3909.0,1.2382809758954045,0.621085265,0.257487359,0.13505123756997475,1.1032297383254297,0.0,0.0,0.0,0.0,0.0,0.0,0.0,0.0,0.0,0.7472544768826939,0.0,0.0,1.5749999999999998e-09
3910.0,1.2422304765696173,0.487974342,0.262268138,0.10610707177136798,1.1361234047982494,0.0,0.0,0.0,0.0,0.0,0.0,0.0,0.0,0.0,0.748718831363821,0.0,0.0,1.5749999999999998e-09
3911.0,1.232580343049692,0.34201762,0.266962833,0.0743696646091537,1.1582106784405382,0.0,0.0,0.0,0.0,0.0,0.0,0.0,0.0,0.0,0.7603709188554377,0.0,0.0,1.5749999999999998e-09
3912.0,1.2083737953638123,0.200474824,0.273540716,0.04359203898167327,1.164781756382139,0.0,0.0,0.0,0.0,0.0,0.0,0.0,0.0,0.0,0.8010731078744331,0.0,0.0,1.5749999999999998e-09
3913.0,1.1792142385497106,0.089770718,0.283266518,0.01952010013221809,1.1596941384174926,0.0,0.0,0.0,0.0,0.0,0.0,0.0,0.0,0.0,0.8760571399820337,0.0,0.0,1.5749999999999998e-09
3914.0,1.1542778678062737,0.024741034,0.28613551,0.005379788329804962,1.1488980794764687,0.0,0.0,0.0,0.0,0.0,0.0,0.0,0.0,0.0,0.907471781637863,0.0,0.0,1.5749999999999998e-09
3915.0,1.1097096939816387,0.002099746,0.293136468,0.00045657707864411206,1.1092531169029947,0.0,0.0,0.0,0.0,0.0,0.0,0.0,0.0,0.0,0.9974305239659971,0.0,0.0,1.5749999999999998e-09
3916.0,1.0437274362492355,9.94e-07,0.290513219,2.161392931203333e-07,1.0437272201099423,0.0,0.0,0.0,0.0,0.0,0.0,0.0,0.0,0.0,1.0441039190831884,0.0,0.0,1.5749999999999998e-09
3917.0,0.9782458198276195,0.0,0.275035564,0.0,0.9782458198276195,0.0,0.0,0.0,0.0,0.0,0.0,0.0,0.0,0.0,0.9983520674607564,0.0,0.0,1.5749999999999998e-09
3918.0,0.923589174481963,0.0,0.252337301,0.0,0.923589174481963,0.0,0.0,0.0,0.0,0.0,0.0,0.0,0.0,0.0,0.8898831226521308,0.0,0.0,1.5749999999999998e-09
3919.0,0.8767536533474684,0.0,0.232109884,0.0,0.8767536533474684,0.0,0.0,0.0,0.0,0.0,0.0,0.0,0.0,0.0,0.7913502807792105,0.0,0.0,1.5749999999999998e-09
3920.0,0.8464014593173236,3.86e-06,0.216274561,8.39333673485399e-07,0.9660657128541141,0.0,0.0,0.11966509287046397,0.0,0.0,0.0,0.0,0.0,0.0,0.5882345170129623,0.0,0.0,1.5749999999999998e-09
3921.0,0.8331155595046754,0.000884614,0.196573264,0.00019235396845508103,1.4127129330801023,0.0,0.0,0.5797897275438819,0.0,0.10769858358341758,0.0,0.0,0.0,0.0,0.0,0.0,0.0,1.575021454469746e-09
3922.0,0.844588025835983,0.009797708,0.17475094,0.0021304523956935965,1.25588245309853,0.0,0.0,0.4134248796582406,0.0,0.6295078713351153,0.0,0.0,0.0,0.0,0.0,0.0,0.0,1.5750429092317427e-09
3923.0,0.8767447530175019,0.048254772,0.149220399,0.01049270856112963,1.072402132706476,0.0,0.0,0.2061500882501039,0.0,1.001581688060161,0.0,0.0,0.0,0.0,0.0,0.0,0.0,1.5750643642859937e-09
3924.0,0.9254604586081989,0.141095325,0.121276579,0.03068032576265965,0.8715783018844858,0.0,0.0,0.0,0.023201830961053466,1.187103124239974,0.0,0.0,0.0,0.0,0.0,0.0,0.0,1.7500953551472252e-09
3925.0,0.9796387149678718,0.287095545,0.125411815,0.0624271913021095,0.9012969994309561,0.0,0.0,0.0,0.015914524234806274,1.1638851229162932,0.0,0.0,0.0,0.0,0.0,0.0,0.0,1.7501191947458603e-09
3926.0,1.039464200193608,0.445390741,0.131195653,0.09684752507251654,0.9428637037689384,0.0,0.0,0.00024702864784680175,0.0,1.1479547445875082,0.0,0.0,0.0,0.0,0.0,0.0,0.0,1.575128731202312e-09
3927.0,1.1028698258996827,0.588185403,0.121142817,0.12789736139649735,0.8706169946166029,0.0,0.0,0.0,0.10435546988658265,1.148161433275426,0.0,0.0,0.0,0.0,0.0,0.0,0.0,1.7501668749173558e-09
3928.0,1.1626552601405322,0.69887575,0.113005541,0.15196630843455008,0.8121368391197582,0.0,0.0,0.0,0.198552112586224,1.0437903234782477,0.0,0.0,0.0,0.0,0.0,0.0,0.0,1.7501907154902246e-09
3929.0,1.2132711766798001,0.769433468,0.113628732,0.16730865782358814,0.8166155254251304,0.0,0.0,0.0,0.22934699343108153,0.8452239926933743,0.0,0.0,0.0,0.0,0.0,0.0,0.0,1.7502145563878474e-09
3930.0,1.2576813703974723,0.794166057,0.121496723,0.17268660983917739,0.8731604106087932,0.0,0.0,0.0,0.21183434994950184,0.6158654858746316,0.0,0.0,0.0,0.0,0.0,0.0,0.0,1.7502383976102281e-09
3931.0,1.2900695041582717,0.770860003,0.133705208,0.16761884923858955,0.960899120857886,0.0,0.0,0.0,0.16155153406179615,0.4040227467902409,0.0,0.0,0.0,0.0,0.0,0.0,0.0,1.7502622391573711e-09
3932.0,1.3110719500549184,0.700662107,0.145738148,0.15235474096899732,1.0473762419834574,0.0,0.0,0.0,0.11134096710246374,0.24246570925179484,0.0,0.0,0.0,0.0,0.0,0.0,0.0,1.750286081029281e-09
3933.0,1.3232809149412392,0.593708187,0.154720444,0.12909825740234876,1.1119293020982535,0.0,0.0,0.0,0.08225335544063696,0.1311214393541794,0.0,0.0,0.0,0.0,0.0,0.0,0.0,1.7503099232259622e-09
3934.0,1.3270234851935607,0.467872591,0.163694311,0.10173606749408332,1.1764217855248946,0.0,0.0,0.0,0.04886563217458301,0.04886629781663197,0.0,0.0,0.0,0.0,0.0,0.0,0.0,1.7503337657474187e-09
3935.0,1.3138199131831219,0.32952572,0.175663756,0.07165337644443551,1.2421665367386863,0.0,0.0,0.0,0.0,0.0,0.0,0.0,0.0,0.0,0.020276050441569337,0.0,0.0,1.5749999999999998e-09
3936.0,1.2966468150060269,0.195659681,0.20010889,0.04254501523489931,1.2541017997711275,0.0,0.0,0.0,0.0,0.0,0.0,0.0,0.0,0.0,0.18402061410558154,0.0,0.0,1.5749999999999998e-09
3937.0,1.2568291675528942,0.090702264,0.23920131,0.019722659180456598,1.2371065083724377,0.0,0.0,0.0,0.0,0.0,0.0,0.0,0.0,0.0,0.48196137181854687,0.0,0.0,1.5749999999999998e-09
3938.0,1.2262477907760545,0.024943486,0.276073571,0.0054238102937594875,1.220823980482295,0.0,0.0,0.0,0.0,0.0,0.0,0.0,0.0,0.0,0.7632337509562382,0.0,0.0,1.5749999999999998e-09
3939.0,1.1708590975403306,0.002035004,0.291292037,0.00044249932198898464,1.1704165982183417,0.0,0.0,0.0,0.0,0.0,0.0,0.0,0.0,0.0,0.9230116717276042,0.0,0.0,1.5749999999999998e-09
3940.0,1.0931907665573475,1.14e-06,0.284932879,2.4788611082211266e-07,1.0931905186712367,0.0,0.0,0.0,0.0,0.0,0.0,0.0,0.0,0.0,0.9545363951121547,0.0,0.0,1.5749999999999998e-09
3941.0,1.019051397907489,0.0,0.269860799,0.0,1.019051397907489,0.0,0.0,0.0,0.0,0.0,0.0,0.0,0.0,0.0,0.9203570095279691,0.0,0.0,1.5749999999999998e-09
3942.0,0.9555790212265527,0.0,0.25316527,0.0,0.9555790212265527,0.0,0.0,0.0,0.0,0.0,0.0,0.0,0.0,0.0,0.8638436401162229,0.0,0.0,1.5749999999999998e-09
3943.0,0.9087590759194808,0.0,0.233692182,0.0,0.9087590759194808,0.0,0.0,0.0,0.0,0.0,0.0,0.0,0.0,0.0,0.7707163580902484,0.0,0.0,1.5749999999999998e-09
3944.0,0.8743817279104453,5.4e-06,0.214229946,1.1741973670521124e-06,1.2335831944340152,0.0,0.0,0.35920264072093677,0.0,0.0,0.0,0.0,0.0,0.0,0.30602300230315627,0.0,0.0,1.5749999999999998e-09
3945.0,0.8592979704438791,0.000888458,0.188579599,0.0001931898230252566,1.35526486665226,0.0,0.0,0.49616008603140616,0.0,0.3232823766488431,0.0,0.0,0.0,0.0,0.0,0.0,0.0,1.575021454469746e-09
3946.0,0.8682516563936782,0.008855968,0.165996057,0.001925676723758845,1.192963741825042,0.0,0.0,0.3266377621551226,0.0,0.7698220504215586,0.0,0.0,0.0,0.0,0.0,0.0,0.0,1.5750429092317427e-09
3947.0,0.9009935775207037,0.044817766,0.141680741,0.009745352376732906,1.018216878054547,0.0,0.0,0.1269686529105763,0.0,1.0637855500761446,0.0,0.0,0.0,0.0,0.0,0.0,0.0,1.5750643642859937e-09
3948.0,0.9467566143938166,0.129293576,0.115682055,0.028114106762213372,0.8313721403322871,0.0,0.0,0.0,0.08727036729931616,1.178042847128036,0.0,0.0,0.0,0.0,0.0,0.0,0.0,1.7500953551472252e-09
3949.0,1.0002473225134052,0.265002059,0.121150518,0.057623096285405295,0.8706723393876886,0.0,0.0,0.0,0.07195188684031129,1.090756432882469,0.0,0.0,0.0,0.0,0.0,0.0,0.0,1.7501191947458603e-09
3950.0,1.059650044565543,0.415337218,0.135822816,0.0903125681137684,0.9761177327276769,0.0,0.0,0.006780256275902344,0.0,1.018789688085256,0.0,0.0,0.0,0.0,0.0,0.0,0.0,1.575128731202312e-09
3951.0,1.1209485279012306,0.552763265,0.136952114,0.12019503154928315,0.9842336578409796,0.0,0.0,0.0,0.016519838510967652,1.024878041086074,0.0,0.0,0.0,0.0,0.0,0.0,0.0,1.7501668749173558e-09
3952.0,1.1809987462086409,0.660471128,0.133218244,0.14361545546509977,0.9573994570340997,0.0,0.0,0.0,0.07998383370944141,1.008344241993894,0.0,0.0,0.0,0.0,0.0,0.0,0.0,1.7501907154902246e-09
3953.0,1.2322221070183697,0.728844388,0.13395015,0.15848280766302006,0.9626594453507148,0.0,0.0,0.0,0.11107985400463477,0.9283466729216915,0.0,0.0,0.0,0.0,0.0,0.0,0.0,1.7502145563878474e-09
3954.0,1.275292807575589,0.751284324,0.138484556,0.16336223613857892,0.9952468576451764,0.0,0.0,0.0,0.11668371379183362,0.8172541732571823,0.0,0.0,0.0,0.0,0.0,0.0,0.0,1.7502383976102281e-09
3955.0,1.3059676373171147,0.727527811,0.144495473,0.1581965259506272,1.0384455104669104,0.0,0.0,0.0,0.10932560089957714,0.7005593270741768,0.0,0.0,0.0,0.0,0.0,0.0,0.0,1.7502622391573711e-09
3956.0,1.3251388500724124,0.661042783,0.14945572,0.14373975839025943,1.0740933139656188,0.0,0.0,0.0,0.10730577771653393,0.591224183365614,0.0,0.0,0.0,0.0,0.0,0.0,0.0,1.750286081029281e-09
3957.0,1.3388096859063578,0.559143808,0.15017544,0.12158244206612813,1.0792657251649183,0.0,0.0,0.0,0.13796151867531153,0.4839103521706216,0.0,0.0,0.0,0.0,0.0,0.0,0.0,1.7503099232259622e-09
3958.0,1.342870441205115,0.438878603,0.151018594,0.0954315000181684,1.08532521940203,0.0,0.0,0.0,0.16211372178491662,0.34594224181366595,0.0,0.0,0.0,0.0,0.0,0.0,0.0,1.7503337657474187e-09
3959.0,1.3431841765865293,0.30827692,0.155778218,0.0670329532938768,1.1195312057328994,0.0,0.0,0.0,0.15662001755975316,0.18382380770731402,0.0,0.0,0.0,0.0,0.0,0.0,0.0,1.750357608593656e-09
3960.0,1.3027969110153126,0.183091261,0.171954309,0.039812088258602066,1.2357839071296706,0.0,0.0,0.0,0.027200915627039794,0.027201286154799408,0.0,0.0,0.0,0.0,0.0,0.0,0.0,1.7503814517646773e-09
3961.0,1.270326449452304,0.085585509,0.198030098,0.018610051726965723,1.2517163977253383,0.0,0.0,0.0,0.0,0.0,0.0,0.0,0.0,0.0,0.17146636320048145,0.0,0.0,1.5749999999999998e-09
3962.0,1.2399920550821675,0.024245486,0.220187436,0.005272034411870158,1.2347200206702973,0.0,0.0,0.0,0.0,0.0,0.0,0.0,0.0,0.0,0.347700865106658,0.0,0.0,1.5749999999999998e-09
3963.0,1.184587786019021,0.002074717,0.23287831,0.0004511346738478255,1.184136651345173,0.0,0.0,0.0,0.0,0.0,0.0,0.0,0.0,0.0,0.48948972935549684,0.0,0.0,1.5749999999999998e-09
3964.0,1.1093737082752704,1.23e-06,0.23013989,2.674560669396479e-07,1.1093734408192033,0.0,0.0,0.0,0.0,0.0,0.0,0.0,0.0,0.0,0.5445727388638694,0.0,0.0,1.5749999999999998e-09
3965.0,1.0370633489341752,0.0,0.2191631,0.0,1.0370633489341752,0.0,0.0,0.0,0.0,0.0,0.0,0.0,0.0,0.0,0.5379959420583565,0.0,0.0,1.5749999999999998e-09
3966.0,0.9748347856166456,0.0,0.205409983,0.0,0.9748347856166456,0.0,0.0,0.0,0.0,0.0,0.0,0.0,0.0,0.0,0.5013849894584833,0.0,0.0,1.5749999999999998e-09
3967.0,0.9281572455890382,0.0,0.192058119,0.0,0.9281572455890382,0.0,0.0,0.0,0.0,0.0,0.0,0.0,0.0,0.0,0.4521066982112606,0.0,0.0,1.5749999999999998e-09
3968.0,0.8951416410654098,5.58e-06,0.183449182,1.213337279287183e-06,0.8951404277281305,0.0,0.0,0.0,0.0,0.0,0.0,0.0,0.0,0.0,0.4232536748104806,0.0,0.0,1.5749999999999998e-09
3969.0,0.878802944073035,0.000567538,0.171676968,0.0001234077083892633,0.8786795363646458,0.0,0.0,0.0,0.0,0.0,0.0,0.0,0.0,0.0,0.3551112044025161,0.0,0.0,1.5749999999999998e-09
3970.0,0.8871558602499046,0.007432741,0.161567864,0.0016162046133667194,0.97086436735994,0.0,0.0,0.08532471172340213,0.0,0.0,0.0,0.0,0.0,0.0,0.19027528306030786,0.0,0.0,1.5749999999999998e-09
3971.0,0.9209124139934919,0.043084743,0.143330908,0.009368516998280915,1.0300761320304184,0.0,0.0,0.11853223503520739,0.0,0.07679224055106192,0.0,0.0,0.0,0.0,0.0,0.0,0.0,1.575021454469746e-09
3972.0,0.9655495646254237,0.129211685,0.118451689,0.028096300059142026,0.8512766669809282,0.0,0.0,0.0,0.08617659758535351,0.18347020604188546,0.0,0.0,0.0,0.0,0.0,0.0,0.0,1.7500476769241584e-09
3973.0,1.0200682553565614,0.26607118,0.120586531,0.05785557018600902,0.8666191344259546,0.0,0.0,0.0,0.09559355074459777,0.09729110928042632,0.0,0.0,0.0,0.0,0.0,0.0,0.0,1.7500715158733263e-09
3974.0,1.0823479948214547,0.417002671,0.137751287,0.09067471080405523,0.9899770738574548,0.0,0.0,0.0,0.00169621015994458,0.0016962332655252532,0.0,0.0,0.0,0.0,0.0,0.0,0.0,1.7500953551472252e-09
3975.0,1.1481611472844186,0.556545964,0.150724611,0.12101755658745923,1.0271435906969595,0.0,0.0,0.0,0.0,0.0,0.0,0.0,0.0,0.0,0.05606886129329419,0.0,0.0,1.5749999999999998e-09
3976.0,1.2496933647494568,0.668460269,0.157900176,0.14535264589606425,1.1043407188533927,0.0,0.0,0.0,0.0,0.0,0.0,0.0,0.0,0.0,0.03044036089112622,0.0,0.0,1.5749999999999998e-09
3977.0,1.266873138424008,0.741301428,0.169485584,0.16119151573140206,1.105681622692606,0.0,0.0,0.0,0.0,0.0,0.0,0.0,0.0,0.0,0.11236030027935034,0.0,0.0,1.5749999999999998e-09
3978.0,1.3156667221518934,0.767867726,0.185370849,0.16696819668768387,1.1486985254642095,0.0,0.0,0.0,0.0,0.0,0.0,0.0,0.0,0.0,0.18350601990234008,0.0,0.0,1.5749999999999998e-09
3979.0,1.3551239077412682,0.746437582,0.201906152,0.1623083413802121,1.1928155663610562,0.0,0.0,0.0,0.0,0.0,0.0,0.0,0.0,0.0,0.25822322902078665,0.0,0.0,1.5749999999999998e-09
3980.0,1.3828327177702977,0.679295315,0.215459445,0.14770866117108064,1.235124056599217,0.0,0.0,0.0,0.0,0.0,0.0,0.0,0.0,0.0,0.313318179704907,0.0,0.0,1.5749999999999998e-09
3981.0,1.4023065397446084,0.574506146,0.218435157,0.12492288962749196,1.2773836501171165,0.0,0.0,0.0,0.0,0.0,0.0,0.0,0.0,0.0,0.29244413344801073,0.0,0.0,1.5749999999999998e-09
3982.0,1.4071416187508303,0.448953443,0.218327857,0.09762221309251494,1.3095194056583155,0.0,0.0,0.0,0.0,0.0,0.0,0.0,0.0,0.0,0.2595372450750371,0.0,0.0,1.5749999999999998e-09
3983.0,1.3955400981349704,0.312182585,0.221644986,0.06788221654565228,1.327657881589318,0.0,0.0,0.0,0.0,0.0,0.0,0.0,0.0,0.0,0.26523797771003293,0.0,0.0,1.5749999999999998e-09
3984.0,1.3651122518000722,0.181323125,0.230034114,0.03942761777049279,1.3256846340295796,0.0,0.0,0.0,0.0,0.0,0.0,0.0,0.0,0.0,0.32750136535140745,0.0,0.0,1.5749999999999998e-09
3985.0,1.3282005475821057,0.080755392,0.243353457,0.01755977197438171,1.310640775607724,0.0,0.0,0.0,0.0,0.0,0.0,0.0,0.0,0.0,0.4382673364011018,0.0,0.0,1.5749999999999998e-09
3986.0,1.2906947490886655,0.021384338,0.263792461,0.004649895069583785,1.2860448540190819,0.0,0.0,0.0,0.0,0.0,0.0,0.0,0.0,0.0,0.6097522331358044,0.0,0.0,1.5749999999999998e-09
3987.0,1.23081586188313,0.00178141,0.288407421,0.00038735683919264885,1.2304285050439372,0.0,0.0,0.0,0.0,0.0,0.0,0.0,0.0,0.0,0.8422688971977932,0.0,0.0,1.5749999999999998e-09
3988.0,1.150466320746655,1.21e-06,0.289857862,2.6310718780241786e-07,1.1504660576394672,0.0,0.0,0.0,0.0,0.0,0.0,0.0,0.0,0.0,0.9326552278795417,0.0,0.0,1.5749999999999998e-09
3989.0,1.073647966775815,0.0,0.274857218,0.0,1.073647966775815,0.0,0.0,0.0,0.0,0.0,0.0,0.0,0.0,0.0,0.9016682014443816,0.0,0.0,1.5749999999999998e-09
3990.0,1.0077391375155795,0.0,0.261043412,0.0,1.0077391375155795,0.0,0.0,0.0,0.0,0.0,0.0,0.0,0.0,0.0,0.8683013611951582,0.0,0.0,1.5749999999999998e-09
3991.0,0.9560351608875072,0.0,0.24583554,0.0,0.9560351608875072,0.0,0.0,0.0,0.0,0.0,0.0,0.0,0.0,0.0,0.8107109352078946,0.0,0.0,1.5749999999999998e-09
3992.0,0.9191768586493396,1.93e-06,0.231923893,4.196668367426995e-07,0.9191764389825028,0.0,0.0,0.0,0.0,0.0,0.0,0.0,0.0,0.0,0.74759083376007,0.0,0.0,1.5749999999999998e-09
3993.0,0.9015298201513571,0.000553935,0.212694173,0.00012044981824407628,0.9014093703331131,0.0,0.0,0.0,0.0,0.0,0.0,0.0,0.0,0.0,0.6271596877045899,0.0,0.0,1.5749999999999998e-09
3994.0,0.9093976708448621,0.008484906,0.197101003,0.0018449915342379022,0.9075526793106241,0.0,0.0,0.0,0.0,0.0,0.0,0.0,0.0,0.0,0.5089529552560382,0.0,0.0,1.5749999999999998e-09
3995.0,0.9399679224592247,0.049528099,0.17287379,0.010769585822388216,0.9291983366368364,0.0,0.0,0.0,0.0,0.0,0.0,0.0,0.0,0.0,0.3131936039252007,0.0,0.0,1.5749999999999998e-09
3996.0,0.9846896257258764,0.139909454,0.150147443,0.03042246528009234,0.9542671604457841,0.0,0.0,0.0,0.0,0.0,0.0,0.0,0.0,0.0,0.1247973586996449,0.0,0.0,1.5749999999999998e-09
3997.0,1.0407769923641617,0.27885929,0.164601674,0.06063626742518916,0.9801407249389724,0.0,0.0,0.0,0.0,0.0,0.0,0.0,0.0,0.0,0.20280200559652295,0.0,0.0,1.5749999999999998e-09
3998.0,1.1015236572417737,0.433473459,0.193151967,0.09425618411940219,1.0072674731223714,0.0,0.0,0.0,0.0,0.0,0.0,0.0,0.0,0.0,0.38085762730207456,0.0,0.0,1.5749999999999998e-09
3999.0,1.1649003571254382,0.576770437,0.211025848,0.12541524602201784,1.0394851111034205,0.0,0.0,0.0,0.0,0.0,0.0,0.0,0.0,0.0,0.4770941968730488,0.0,0.0,1.5749999999999998e-09
4000.0,1.2257204494752927,0.68731593,0.213756314,0.14945269543314335,1.0762677540421495,0.0,0.0,0.0,0.0,0.0,0.0,0.0,0.0,0.0,0.459934591945916,0.0,0.0,1.5749999999999998e-09
4001.0,1.276816981832904,0.755793259,0.214649998,0.16434267680621026,1.1124743050266939,0.0,0.0,0.0,0.0,0.0,0.0,0.0,0.0,0.0,0.43015067911264504,0.0,0.0,1.5749999999999998e-09
4002.0,1.3209134401691618,0.778388732,0.216011369,0.1692559258624875,1.1516575143066743,0.0,0.0,0.0,0.0,0.0,0.0,0.0,0.0,0.0,0.4007512338058782,0.0,0.0,1.5749999999999998e-09
4003.0,1.354260579734213,0.754718616,0.21437449,0.1641090021800767,1.1901515775541365,0.0,0.0,0.0,0.0,0.0,0.0,0.0,0.0,0.0,0.35049341344245727,0.0,0.0,1.5749999999999998e-09
4004.0,1.3738523308305992,0.687594234,0.211766521,0.14951321095611375,1.2243391198744853,0.0,0.0,0.0,0.0,0.0,0.0,0.0,0.0,0.0,0.2975631822111079,0.0,0.0,1.5749999999999998e-09
4005.0,1.3853692988117394,0.583480437,0.207804964,0.1268742949725585,1.258495003839181,0.0,0.0,0.0,0.0,0.0,0.0,0.0,0.0,0.0,0.23493677944262426,0.0,0.0,1.5749999999999998e-09
4006.0,1.3870981786584353,0.456526609,0.20053096,0.09926895227352395,1.2878292263849114,0.0,0.0,0.0,0.0,0.0,0.0,0.0,0.0,0.0,0.15332647765309376,0.0,0.0,1.5749999999999998e-09
4007.0,1.3739324328003732,0.31666733,0.193152058,0.06885739724396711,1.3050750355564062,0.0,0.0,0.0,0.0,0.0,0.0,0.0,0.0,0.0,0.08305071885767334,0.0,0.0,1.5749999999999998e-09
4008.0,1.3481460850447933,0.183793273,0.197783279,0.039964736525646326,1.308181348519147,0.0,0.0,0.0,0.0,0.0,0.0,0.0,0.0,0.0,0.1132275984793125,0.0,0.0,1.5749999999999998e-09
4009.0,1.316859360367861,0.083651157,0.21217008,0.01818943857412276,1.2986699217937383,0.0,0.0,0.0,0.0,0.0,0.0,0.0,0.0,0.0,0.22613263746294654,0.0,0.0,1.5749999999999998e-09
4010.0,1.2816743111640798,0.022259031,0.23534396,0.0048400917765428425,1.276834219387537,0.0,0.0,0.0,0.0,0.0,0.0,0.0,0.0,0.0,0.41451204637058886,0.0,0.0,1.5749999999999998e-09
4011.0,1.2235665806225626,0.001583686,0.252176944,0.00034436295026616515,1.2232222176722967,0.0,0.0,0.0,0.0,0.0,0.0,0.0,0.0,0.0,0.5890976419268027,0.0,0.0,1.5749999999999998e-09
4012.0,0.9564178730762187,1.15e-06,0.247058677,2.5006055039072766e-07,0.9564176230156684,0.0,0.0,0.0,0.0,0.0,0.0,0.0,0.0,0.0,0.8191187908659244,0.0,0.0,1.5749999999999998e-09
4013.0,0.8972354324408846,0.0,0.232551342,0.0,0.8972354324408846,0.0,0.0,0.0,0.0,0.0,0.0,0.0,0.0,0.0,0.7740411275725564,0.0,0.0,1.5749999999999998e-09
4014.0,1.011733139839625,0.0,0.21898912,0.0,1.011733139839625,0.0,0.0,0.0,0.0,0.0,0.0,0.0,0.0,0.0,0.5620758092137441,0.0,0.0,1.5749999999999998e-09
4015.0,0.9550872802457322,0.0,0.203016485,0.0,0.9550872802457322,0.0,0.0,0.0,0.0,0.0,0.0,0.0,0.0,0.0,0.5039311444977395,0.0,0.0,1.5749999999999998e-09
4016.0,0.9165601746381992,6.42e-06,0.187742004,1.395990203050845e-06,1.255139902429388,0.0,0.0,0.3385811237813921,0.0,0.0,0.0,0.0,0.0,0.0,0.09410542084700757,0.0,0.0,1.5749999999999998e-09
4017.0,0.8982344892300236,0.001220099,0.174230064,0.00026530315432276213,1.2521390739290668,0.0,0.0,0.35416988785336584,0.0,0.30472301140325286,0.0,0.0,0.0,0.0,0.0,0.0,0.0,1.575021454469746e-09
4018.0,0.9027491583572995,0.011411902,0.160574647,0.002481449126195692,1.154001698530437,0.0,0.0,0.2537339892993331,0.0,0.6234717596258378,0.0,0.0,0.0,0.0,0.0,0.0,0.0,1.5750429092317427e-09
4019.0,0.9275475754861422,0.052021806,0.147652811,0.011311827339721442,1.0611363491697017,0.0,0.0,0.144900601023281,0.0,0.8518238572499695,0.0,0.0,0.0,0.0,0.0,0.0,0.0,1.5750643642859937e-09
4020.0,0.9668846071209312,0.144359976,0.128783781,0.03139020439387151,0.9255303050248764,0.0,0.0,0.0,0.009964097702183228,0.9822227948818861,0.0,0.0,0.0,0.0,0.0,0.0,0.0,1.7500953551472252e-09
4021.0,1.0225136092657519,0.290581108,0.115079011,0.06318510591271954,0.8270382444571269,0.0,0.0,0.0,0.13229025889590526,0.9722453176354579,0.0,0.0,0.0,0.0,0.0,0.0,0.0,1.7501191947458603e-09
4022.0,1.0884869656682636,0.449893802,0.113304834,0.09782668847434527,0.8142877679046632,0.0,0.0,0.0,0.17637250928925524,0.8399418151055094,0.0,0.0,0.0,0.0,0.0,0.0,0.0,1.7501430346692358e-09
4023.0,1.1545693518628095,0.593774166,0.120493249,0.1291126041371785,0.8659487447445604,0.0,0.0,0.0,0.15950800298107068,0.6635578643808313,0.0,0.0,0.0,0.0,0.0,0.0,0.0,1.7501668749173558e-09
4024.0,1.2149755813690317,0.70857471,0.125869501,0.15407528867439155,0.9045862510734871,0.0,0.0,0.0,0.1563140416211531,0.5040408226135994,0.0,0.0,0.0,0.0,0.0,0.0,0.0,1.7501907154902246e-09
4025.0,1.263422053228147,0.783468017,0.133642871,0.17036038569091477,0.9604511235854318,0.0,0.0,0.0,0.1326105439518003,0.34771991509957295,0.0,0.0,0.0,0.0,0.0,0.0,0.0,1.7502145563878474e-09
4026.0,1.3014084665400059,0.808143023,0.142639706,0.17572581663113607,1.0251086711209285,0.0,0.0,0.0,0.10057397878794129,0.21510463461140514,0.0,0.0,0.0,0.0,0.0,0.0,0.0,1.7502383976102281e-09
4027.0,1.3297647728243078,0.781335903,0.153210661,0.16989677038627496,1.1010789457128372,0.0,0.0,0.0,0.0587890567251958,0.11452772573266258,0.0,0.0,0.0,0.0,0.0,0.0,0.0,1.7502622391573711e-09
4028.0,1.350544711471716,0.708005174,0.163200329,0.15395144651297643,1.1728716854456243,0.0,0.0,0.0,0.02372157951311548,0.05573710894514518,0.0,0.0,0.0,0.0,0.0,0.0,0.0,1.750286081029281e-09
4029.0,1.3629873087697524,0.597183278,0.169264085,0.12985389493984256,1.216450076270137,0.0,0.0,0.0,0.01668333755977295,0.03201477019785278,0.0,0.0,0.0,0.0,0.0,0.0,0.0,1.7503099232259622e-09
4030.0,1.3638039092945398,0.466771103,0.173511722,0.10149655558492786,1.2469765660013628,0.0,0.0,0.0,0.015330787708249024,0.015330996542484624,0.0,0.0,0.0,0.0,0.0,0.0,0.0,1.7503337657474187e-09
4031.0,1.3463860535432521,0.324026421,0.178199026,0.070457587109911,1.2759284664333412,0.0,0.0,0.0,0.0,0.0,0.0,0.0,0.0,0.0,0.00473434380761499,0.0,0.0,1.5749999999999998e-09
4032.0,1.3136241069237826,0.188806187,0.189825542,0.041054764381212736,1.2725693425425701,0.0,0.0,0.0,0.0,0.0,0.0,0.0,0.0,0.0,0.09164974175945459,0.0,0.0,1.5749999999999998e-09
4033.0,1.2720909306188661,0.08461504,0.210385252,0.018399029107594295,1.253691901511272,0.0,0.0,0.0,0.0,0.0,0.0,0.0,0.0,0.0,0.2582836356590139,0.0,0.0,1.5749999999999998e-09
4034.0,1.2344961298256856,0.022659391,0.240248934,0.004927147639111913,1.2295689821865736,0.0,0.0,0.0,0.0,0.0,0.0,0.0,0.0,0.0,0.49702785664145677,0.0,0.0,1.5749999999999998e-09
4035.0,1.1800931423841883,0.001779562,0.265451229,0.0003869550027603688,1.179706187381428,0.0,0.0,0.0,0.0,0.0,0.0,0.0,0.0,0.0,0.7280119665497593,0.0,0.0,1.5749999999999998e-09
4036.0,1.107477947991645,6.14e-07,0.270562661,1.3351058951296241e-07,1.1074778144810553,0.0,0.0,0.0,0.0,0.0,0.0,0.0,0.0,0.0,0.836974664078121,0.0,0.0,1.5749999999999998e-09
4037.0,1.036787439705137,0.0,0.262887607,0.0,1.036787439705137,0.0,0.0,0.0,0.0,0.0,0.0,0.0,0.0,0.0,0.8525067338676192,0.0,0.0,1.5749999999999998e-09
4038.0,0.9708519084550772,0.0,0.249347985,0.0,0.9708519084550772,0.0,0.0,0.0,0.0,0.0,0.0,0.0,0.0,0.0,0.8211370735611309,0.0,0.0,1.5749999999999998e-09
4039.0,0.9144063057854691,0.0,0.235832358,0.0,0.9144063057854691,0.0,0.0,0.0,0.0,0.0,0.0,0.0,0.0,0.0,0.7804499295231979,0.0,0.0,1.5749999999999998e-09
4040.0,0.8752450549175758,5.58e-06,0.221403256,1.213337279287183e-06,0.8752438415802966,0.0,0.0,0.0,0.0,0.0,0.0,0.0,0.0,0.0,0.7159147769042841,0.0,0.0,1.5749999999999998e-09
4041.0,0.8498480938482388,0.000796739,0.202101768,0.00017324608074587648,0.8496748477674929,0.0,0.0,0.0,0.0,0.0,0.0,0.0,0.0,0.0,0.602769780978939,0.0,0.0,1.5749999999999998e-09
4042.0,0.837541226332211,0.008989781,0.182837587,0.001954773551958353,0.8355864527802526,0.0,0.0,0.0,0.0,0.0,0.0,0.0,0.0,0.0,0.47841230041773253,0.0,0.0,1.5749999999999998e-09
4043.0,0.8366667731626787,0.048383068,0.161255666,0.010520605751019135,0.8261461674116596,0.0,0.0,0.0,0.0,0.0,0.0,0.0,0.0,0.0,0.3327498098695912,0.0,0.0,1.5749999999999998e-09
4044.0,0.8565099563307889,0.139905478,0.144625122,0.03042160072291986,0.8260883556078689,0.0,0.0,0.0,0.0,0.0,0.0,0.0,0.0,0.0,0.21328890323282276,0.0,0.0,1.5749999999999998e-09
4045.0,0.90235087134109,0.279816233,0.132830315,0.06084434889760009,0.84150652244349,0.0,0.0,0.0,0.0,0.0,0.0,0.0,0.0,0.0,0.1131050055291233,0.0,0.0,1.5749999999999998e-09
4046.0,0.9618136698705584,0.431278663,0.134715696,0.0937789389926584,0.8680347308779,0.0,0.0,0.0,0.0,0.0,0.0,0.0,0.0,0.0,0.10012646335290552,0.0,0.0,1.5749999999999998e-09
4047.0,1.0259446689691691,0.57019436,0.143895756,0.12398531781851194,0.9019593511506572,0.0,0.0,0.0,0.0,0.0,0.0,0.0,0.0,0.0,0.1321761735895675,0.0,0.0,1.5749999999999998e-09
4048.0,1.0901290690476544,0.682535812,0.150550789,0.14841328766095846,0.9417157813866959,0.0,0.0,0.0,0.0,0.0,0.0,0.0,0.0,0.0,0.1402474641628799,0.0,0.0,1.5749999999999998e-09
4049.0,1.1457558453600398,0.758178184,0.158977351,0.16486126433502818,0.9808945810250116,0.0,0.0,0.0,0.0,0.0,0.0,0.0,0.0,0.0,0.16162783150670934,0.0,0.0,1.5749999999999998e-09
4050.0,1.1911027935570855,0.789137695,0.170261953,0.17159322290936535,1.0195095706477202,0.0,0.0,0.0,0.0,0.0,0.0,0.0,0.0,0.0,0.2041118828505365,0.0,0.0,1.5749999999999998e-09
4051.0,1.2271645207629092,0.772055424,0.182473713,0.16787878631094488,1.0592857344519644,0.0,0.0,0.0,0.0,0.0,0.0,0.0,0.0,0.0,0.25209796573549753,0.0,0.0,1.5749999999999998e-09
4052.0,1.2567868917354965,0.70635571,0.192137335,0.15359278053411585,1.1031941112013808,0.0,0.0,0.0,0.0,0.0,0.0,0.0,0.0,0.0,0.2776391341683667,0.0,0.0,1.5749999999999998e-09
4053.0,1.278866271558546,0.600169872,0.195446206,0.13050331175674137,1.1483629598018044,0.0,0.0,0.0,0.0,0.0,0.0,0.0,0.0,0.0,0.25625014637136206,0.0,0.0,1.5749999999999998e-09
4054.0,1.2904544421794186,0.472753722,0.199095257,0.10279743993268266,1.187657002246736,0.0,0.0,0.0,0.0,0.0,0.0,0.0,0.0,0.0,0.24318073608784618,0.0,0.0,1.5749999999999998e-09
4055.0,1.2818834684183311,0.330479073,0.209881069,0.07186067729304127,1.2100227911252899,0.0,0.0,0.0,0.0,0.0,0.0,0.0,0.0,0.0,0.29832933444646315,0.0,0.0,1.5749999999999998e-09
4056.0,1.2526682847919197,0.193038397,0.231216104,0.04197503286988156,1.2106932519220381,0.0,0.0,0.0,0.0,0.0,0.0,0.0,0.0,0.0,0.45098735413023755,0.0,0.0,1.5749999999999998e-09
4057.0,1.214581744017843,0.084450168,0.26089229,0.018363178687538624,1.1962185653303044,0.0,0.0,0.0,0.0,0.0,0.0,0.0,0.0,0.0,0.6787358650132068,0.0,0.0,1.5749999999999998e-09
4058.0,1.1832616428535552,0.021935211,0.294368617,0.004769679074431952,1.1784919637791234,0.0,0.0,0.0,0.0,0.0,0.0,0.0,0.0,0.0,0.9370467614098894,0.0,0.0,1.5749999999999998e-09
4059.0,1.138210629377991,0.00172756,0.310676505,0.0003756474821156569,1.1378349818958753,0.0,0.0,0.0,0.0,0.0,0.0,0.0,0.0,0.0,1.0949036300937238,0.0,0.0,1.5749999999999998e-09
4060.0,1.0723440759351528,8.3e-07,0.30676497,1.804784841950469e-07,1.0723438954566686,0.0,0.0,0.0,0.0,0.0,0.0,0.0,0.0,0.0,1.1322836908000753,0.0,0.0,1.5749999999999998e-09
4061.0,1.003847487486262,0.0,0.292214102,0.0,1.003847487486262,0.0,0.0,0.0,0.0,0.0,0.0,0.0,0.0,0.0,1.0962073863229662,0.0,0.0,1.5749999999999998e-09
4062.0,0.9433144295279223,0.0,0.274588996,0.0,0.9433144295279223,0.0,0.0,0.0,0.0,0.0,0.0,0.0,0.0,0.0,1.030074107840417,0.0,0.0,1.5749999999999998e-09
4063.0,0.8915726267474735,0.0,0.259801685,0.0,0.8915726267474735,0.0,0.0,0.0,0.0,0.0,0.0,0.0,0.0,0.0,0.9755439534376263,0.0,0.0,1.5749999999999998e-09
4064.0,0.854249284518385,1.11e-06,0.247629626,2.4136279211626756e-07,0.8542490431555929,0.0,0.0,0.0,0.0,0.0,0.0,0.0,0.0,0.0,0.9253906094880582,0.0,0.0,1.5749999999999998e-09
4065.0,0.8281269500565119,0.00038787,0.230787696,8.43399875478709e-05,0.8280426100689641,0.0,0.0,0.0,0.0,0.0,0.0,0.0,0.0,0.0,0.8305591565220356,0.0,0.0,1.5749999999999998e-09
4066.0,0.8117170514243297,0.007565496,0.215661723,0.0016450713858598683,0.8100719800384698,0.0,0.0,0.0,0.0,0.0,0.0,0.0,0.0,0.0,0.7398239674207865,0.0,0.0,1.5749999999999998e-09
4067.0,0.8047637038853191,0.045227027,0.195159947,0.009834343707962002,0.794929360177357,0.0,0.0,0.0,0.0,0.0,0.0,0.0,0.0,0.0,0.607626488649202,0.0,0.0,1.5749999999999998e-09
4068.0,0.8177069424941426,0.138631869,0.17547758,0.030144662142465438,0.7875622803516771,0.0,0.0,0.0,0.0,0.0,0.0,0.0,0.0,0.0,0.4735423159051073,0.0,0.0,1.5749999999999998e-09
4069.0,0.8619458051099401,0.28736645,0.178233926,0.06248609795724307,0.799459707152697,0.0,0.0,0.0,0.0,0.0,0.0,0.0,0.0,0.0,0.4814539188928159,0.0,0.0,1.5749999999999998e-09
4070.0,0.9258787721167767,0.452015593,0.196269201,0.09828805910501838,0.8275907130117583,0.0,0.0,0.0,0.0,0.0,0.0,0.0,0.0,0.0,0.5829370107279165,0.0,0.0,1.5749999999999998e-09
4071.0,0.9973614057706076,0.602641462,0.212956725,0.13104074406608068,0.8663206617045269,0.0,0.0,0.0,0.0,0.0,0.0,0.0,0.0,0.0,0.6641352786001666,0.0,0.0,1.5749999999999998e-09
4072.0,1.0664698881549801,0.72100768,0.223304137,0.15677876286673187,0.9096911252882482,0.0,0.0,0.0,0.0,0.0,0.0,0.0,0.0,0.0,0.6951285532932246,0.0,0.0,1.5749999999999998e-09
4073.0,1.1279864280749607,0.795923981,0.236516329,0.17306885978959918,0.9549175682853616,0.0,0.0,0.0,0.0,0.0,0.0,0.0,0.0,0.0,0.7448541609103669,0.0,0.0,1.5749999999999998e-09
4074.0,1.1814504352046498,0.822061509,0.255750699,0.1787523073004975,1.002698127904152,0.0,0.0,0.0,0.0,0.0,0.0,0.0,0.0,0.0,0.8353052341480567,0.0,0.0,1.5749999999999998e-09
4075.0,1.2250195522401455,0.797287306,0.276435589,0.1733653065720874,1.0516542456680582,0.0,0.0,0.0,0.0,0.0,0.0,0.0,0.0,0.0,0.9350052002671512,0.0,0.0,1.5749999999999998e-09
4076.0,1.2623295434743218,0.726684378,0.293042834,0.15801312654175964,1.104316416932562,0.0,0.0,0.0,0.0,0.0,0.0,0.0,0.0,0.0,1.001694304536892,0.0,0.0,1.5749999999999998e-09
4077.0,1.2931668039877557,0.619881736,0.298720086,0.13478953746201716,1.1583772665257388,0.0,0.0,0.0,0.0,0.0,0.0,0.0,0.0,0.0,0.9884341577532026,0.0,0.0,1.5749999999999998e-09
4078.0,1.3143005290014655,0.489805885,0.301434037,0.10650532972844996,1.2077951992730156,0.0,0.0,0.0,0.0,0.0,0.0,0.0,0.0,0.0,0.9585205746790618,0.0,0.0,1.5749999999999998e-09
4079.0,1.3168949616877272,0.344777821,0.306746688,0.07496985363632677,1.2419251080514007,0.0,0.0,0.0,0.0,0.0,0.0,0.0,0.0,0.0,0.9625710909692707,0.0,0.0,1.5749999999999998e-09
4080.0,1.3014418430273615,0.203336958,0.325365244,0.04421439272370111,1.2572274503036605,0.0,0.0,0.0,0.0,0.0,0.0,0.0,0.0,0.0,1.0810747115486408,0.0,0.0,1.5749999999999998e-09
4081.0,1.2731233628954362,0.091720403,0.361894848,0.01994404735325161,1.2531793155421844,0.0,0.0,0.0,0.0,0.0,0.0,0.0,0.0,0.0,1.3476501247455739,0.0,0.0,1.5749999999999998e-09
4082.0,1.2480201117150702,0.025044752,0.396105819,0.005445829973495023,1.2425742817415752,0.0,0.0,0.0,0.0,0.0,0.0,0.0,0.0,0.0,1.6041191188909043,0.0,0.0,1.5749999999999998e-09
4083.0,1.1990440727227578,0.002079355,0.410197985,0.0004521431789197492,1.198591929543838,0.0,0.0,0.0,0.0,0.0,0.0,0.0,0.0,0.0,1.7493776302071653,0.0,0.0,1.5749999999999998e-09
4084.0,1.1272833050073785,1.62e-06,0.400002854,3.522592101156337e-07,1.1272829527481683,0.0,0.0,0.0,0.0,0.0,0.0,0.0,0.0,0.0,1.747417266477738,0.0,0.0,1.5749999999999998e-09
4085.0,1.0524341397923314,0.0,0.37927952,0.0,1.0524341397923314,0.0,0.0,0.0,0.0,0.0,0.0,0.0,0.0,0.0,1.6733337100838006,0.0,0.0,1.5749999999999998e-09
4086.0,0.9891931696906754,0.0,0.358196526,0.0,0.9891931696906754,0.0,0.0,0.0,0.0,0.0,0.0,0.0,0.0,0.0,1.5850575425758877,0.0,0.0,1.5749999999999998e-09
4087.0,0.9285599832701934,0.0,0.339008432,0.0,0.9285599832701934,0.0,0.0,0.0,0.0,0.0,0.0,0.0,0.0,0.0,1.5077916678353531,0.0,0.0,1.5749999999999998e-09
4088.0,0.8976782221068514,6.94e-06,0.318977702,1.509061060618826e-06,0.8976767130457908,0.0,0.0,0.0,0.0,0.0,0.0,0.0,0.0,0.0,1.394720105371849,0.0,0.0,1.5749999999999998e-09
4089.0,0.8785426106714197,0.001235175,0.291871409,0.00026858133941640616,0.8782740293320033,0.0,0.0,0.0,0.0,0.0,0.0,0.0,0.0,0.0,1.2193180129439605,0.0,0.0,1.5749999999999998e-09
4090.0,0.8844724252639022,0.011274085,0.267412799,0.0024514816523929107,0.8820209436115093,0.0,0.0,0.0,0.0,0.0,0.0,0.0,0.0,0.0,1.0397944240086254,0.0,0.0,1.5749999999999998e-09
4091.0,0.9142260753535527,0.052087804,0.239550388,0.011326178205986389,0.9028998971475664,0.0,0.0,0.0,0.0,0.0,0.0,0.0,0.0,0.0,0.8186767016515283,0.0,0.0,1.5749999999999998e-09
4092.0,0.9647196131057243,0.147876773,0.203892923,0.03215491064903017,0.9325647024566941,0.0,0.0,0.0,0.0,0.0,0.0,0.0,0.0,0.0,0.5327524186224241,0.0,0.0,1.5749999999999998e-09
4093.0,1.0279561325424347,0.295107798,0.223767133,0.06416940729780493,0.9637867252446297,0.0,0.0,0.0,0.0,0.0,0.0,0.0,0.0,0.0,0.644360366352503,0.0,0.0,1.5749999999999998e-09
4094.0,1.1008583613264926,0.455708177,0.26446802,0.09909098918102187,1.0017673721454707,0.0,0.0,0.0,0.0,0.0,0.0,0.0,0.0,0.0,0.8988847543822098,0.0,0.0,1.5749999999999998e-09
4095.0,1.1782441075829815,0.602169932,0.275819166,0.1309382127171018,1.0473058948658795,0.0,0.0,0.0,0.0,0.0,0.0,0.0,0.0,0.0,0.9349235043446236,0.0,0.0,1.5749999999999998e-09
4096.0,1.2535716637838619,0.717334166,0.274099239,0.15597997944698574,1.097591684336876,0.0,0.0,0.0,0.0,0.0,0.0,0.0,0.0,0.0,0.8722771167566131,0.0,0.0,1.5749999999999998e-09
4097.0,1.3194738185465662,0.790831769,0.279013696,0.17196158906314157,1.1475122294834246,0.0,0.0,0.0,0.0,0.0,0.0,0.0,0.0,0.0,0.8576752961491557,0.0,0.0,1.5749999999999998e-09
4098.0,1.3764267380244173,0.817706452,0.290841612,0.1778053264740601,1.1986214115503573,0.0,0.0,0.0,0.0,0.0,0.0,0.0,0.0,0.0,0.8915697893764641,0.0,0.0,1.5749999999999998e-09
4099.0,1.4201671851618631,0.797083011,0.305267336,0.1733208838589204,1.2468463013029427,0.0,0.0,0.0,0.0,0.0,0.0,0.0,0.0,0.0,0.9470182397778276,0.0,0.0,1.5749999999999998e-09
4100.0,1.4542107722970405,0.729060522,0.317365502,0.15852980469519237,1.2956809676018481,0.0,0.0,0.0,0.0,0.0,0.0,0.0,0.0,0.0,0.9851294542511416,0.0,0.0,1.5749999999999998e-09
4101.0,1.4788378593239333,0.620331775,0.319059305,0.13488739572291916,1.3439504636010142,0.0,0.0,0.0,0.0,0.0,0.0,0.0,0.0,0.0,0.9490328110372344,0.0,0.0,1.5749999999999998e-09
4102.0,1.4891132367743276,0.486050704,0.310587704,0.10568878831307883,1.3834244484612488,0.0,0.0,0.0,0.0,0.0,0.0,0.0,0.0,0.0,0.8486759774463895,0.0,0.0,1.5749999999999998e-09
4103.0,1.4801640014894741,0.338698859,0.299374815,0.07364802008543607,1.406515981404038,0.0,0.0,0.0,0.0,0.0,0.0,0.0,0.0,0.0,0.7450007833018836,0.0,0.0,1.5749999999999998e-09
4104.0,1.4501010656834301,0.196123815,0.294958879,0.042645938368373264,1.4074551273150568,0.0,0.0,0.0,0.0,0.0,0.0,0.0,0.0,0.0,0.7123256333590344,0.0,0.0,1.5749999999999998e-09
4105.0,1.4058110259203438,0.085754219,0.30219349,0.01864673669692782,1.387164289223416,0.0,0.0,0.0,0.0,0.0,0.0,0.0,0.0,0.0,0.7846094450500942,0.0,0.0,1.5749999999999998e-09
4106.0,1.3641932969807076,0.021692754,0.312129305,0.004716958264983182,1.3594763387157243,0.0,0.0,0.0,0.0,0.0,0.0,0.0,0.0,0.0,0.8837031099747337,0.0,0.0,1.5749999999999998e-09
4107.0,1.2955721049122098,0.001720581,0.315941146,0.0003741299407407206,1.295197974971469,0.0,0.0,0.0,0.0,0.0,0.0,0.0,0.0,0.0,0.9753760286547254,0.0,0.0,1.5749999999999998e-09
4108.0,1.201938889795522,1.63e-06,0.302574781,3.5443364968424876e-07,1.2019385353618726,0.0,0.0,0.0,0.0,0.0,0.0,0.0,0.0,0.0,0.9725754226633633,0.0,0.0,1.5749999999999998e-09
4109.0,1.1160377955903307,0.0,0.284292114,0.0,1.1160377955903307,0.0,0.0,0.0,0.0,0.0,0.0,0.0,0.0,0.0,0.9270841328347007,0.0,0.0,1.5749999999999998e-09
4110.0,1.0445173367840481,0.0,0.267291041,0.0,1.0445173367840481,0.0,0.0,0.0,0.0,0.0,0.0,0.0,0.0,0.0,0.8764229927062527,0.0,0.0,1.5749999999999998e-09
4111.0,0.9904414347189527,0.0,0.252894022,0.0,0.9904414347189527,0.0,0.0,0.0,0.0,0.0,0.0,0.0,0.0,0.0,0.827031848819972,0.0,0.0,1.5749999999999998e-09
4112.0,0.9407600478265475,2.24e-06,0.241777319,4.870744633697652e-07,0.9407595607520841,0.0,0.0,0.0,0.0,0.0,0.0,0.0,0.0,0.0,0.7968213214412011,0.0,0.0,1.5749999999999998e-09
4113.0,0.9186584166786196,0.00042681,0.224505796,9.28072552280578e-05,0.9185656094233916,0.0,0.0,0.0,0.0,0.0,0.0,0.0,0.0,0.0,0.6948900310173303,0.0,0.0,1.5749999999999998e-09
4114.0,0.922147328026857,0.007404526,0.206712921,0.0016100694321238723,0.920537258594733,0.0,0.0,0.0,0.0,0.0,0.0,0.0,0.0,0.0,0.565046340055109,0.0,0.0,1.5749999999999998e-09
4115.0,0.9515983688974947,0.045479328,0.184974911,0.009889205035722114,0.9417091638617726,0.0,0.0,0.0,0.0,0.0,0.0,0.0,0.0,0.0,0.38764989416882945,0.0,0.0,1.5749999999999998e-09
4116.0,0.9956414252539533,0.136051386,0.161501355,0.0295835517083316,0.9660578735456217,0.0,0.0,0.0,0.0,0.0,0.0,0.0,0.0,0.0,0.19460379669281336,0.0,0.0,1.5749999999999998e-09
4117.0,1.0466556298093554,0.275763632,0.163002746,0.059963135300579194,0.9866924945087763,0.0,0.0,0.0,0.0,0.0,0.0,0.0,0.0,0.0,0.18475922133479283,0.0,0.0,1.5749999999999998e-09
4118.0,1.1087239871874872,0.429346585,0.176041128,0.09335882030737333,1.015365166880114,0.0,0.0,0.0,0.0,0.0,0.0,0.0,0.0,0.0,0.24978947937742432,0.0,0.0,1.5749999999999998e-09
4119.0,1.1787981508735679,0.572682228,0.209447564,0.12452628968058103,1.0542718611929869,0.0,0.0,0.0,0.0,0.0,0.0,0.0,0.0,0.0,0.45096479431130615,0.0,0.0,1.5749999999999998e-09
4120.0,1.2482337186343424,0.688238563,0.229511879,0.14965331640339435,1.098580402230948,0.0,0.0,0.0,0.0,0.0,0.0,0.0,0.0,0.0,0.5508524512562664,0.0,0.0,1.5749999999999998e-09
4121.0,1.306441577638002,0.763412335,0.251948096,0.16599939883927878,1.1404421787987231,0.0,0.0,0.0,0.0,0.0,0.0,0.0,0.0,0.0,0.6702330190456143,0.0,0.0,1.5749999999999998e-09
4122.0,1.3578496195445928,0.790646297,0.282434534,0.17192125929757454,1.1859283602470183,0.0,0.0,0.0,0.0,0.0,0.0,0.0,0.0,0.0,0.8438436993462531,0.0,0.0,1.5749999999999998e-09
4123.0,1.3972823289765788,0.769396983,0.315053033,0.16730072438082205,1.2299816045957568,0.0,0.0,0.0,0.0,0.0,0.0,0.0,0.0,0.0,1.0342097979808023,0.0,0.0,1.5749999999999998e-09
4124.0,1.4253872011893072,0.701287037,0.344473249,0.15249062822095877,1.2728965729683483,0.0,0.0,0.0,0.0,0.0,0.0,0.0,0.0,0.0,1.2027290744870573,0.0,0.0,1.5749999999999998e-09
4125.0,1.4463607212635439,0.595912241,0.36676105,0.12957751562524517,1.3167832056382989,0.0,0.0,0.0,0.0,0.0,0.0,0.0,0.0,0.0,1.31901816501523,0.0,0.0,1.5749999999999998e-09
4126.0,1.4546869374504385,0.470052485,0.382418303,0.10221007227098196,1.3524768651794565,0.0,0.0,0.0,0.0,0.0,0.0,0.0,0.0,0.0,1.3958484741944945,0.0,0.0,1.5749999999999998e-09
4127.0,1.4428117334379758,0.328746021,0.396621634,0.07148383560871453,1.3713278978292611,0.0,0.0,0.0,0.0,0.0,0.0,0.0,0.0,0.0,1.479072510087671,0.0,0.0,1.5749999999999998e-09
4128.0,1.4134674955270117,0.192243492,0.411019605,0.04180218558135256,1.3716653099456593,0.0,0.0,0.0,0.0,0.0,0.0,0.0,0.0,0.0,1.582208985660355,0.0,0.0,1.5749999999999998e-09
4129.0,1.3756079116671949,0.085361541,0.428402598,0.01856135123883536,1.3570465604283595,0.0,0.0,0.0,0.0,0.0,0.0,0.0,0.0,0.0,1.7217540782979526,0.0,0.0,1.5749999999999998e-09
4130.0,1.3352985242331665,0.023274427,0.452172797,0.005060883500564185,1.3302376407326022,0.0,0.0,0.0,0.0,0.0,0.0,0.0,0.0,0.0,1.9193922698177137,0.0,0.0,1.5749999999999998e-09
4131.0,1.2730076596057958,0.002065147,0.461119278,0.0004490537351806609,1.272558605870615,0.0,0.0,0.0,0.0,0.0,0.0,0.0,0.0,0.0,2.0413669731601076,0.0,0.0,1.5749999999999998e-09
4132.0,1.1857114464277667,1.64e-06,0.448698559,3.5660808925286376e-07,1.1857110898196772,0.0,0.0,0.0,0.0,0.0,0.0,0.0,0.0,0.0,2.0389505170288786,0.0,0.0,1.5749999999999998e-09
4133.0,1.102981079524302,0.0,0.433094445,0.0,1.102981079524302,0.0,0.0,0.0,0.0,0.0,0.0,0.0,0.0,0.0,2.0095384526163915,0.0,0.0,1.5749999999999998e-09
4134.0,1.034586844370064,0.0,0.414474593,0.0,1.034586844370064,0.0,0.0,0.0,0.0,0.0,0.0,0.0,0.0,0.0,1.9441174109767447,0.0,0.0,1.5749999999999998e-09
4135.0,0.9778408573139538,0.0,0.401604011,0.0,0.9778408573139538,0.0,0.0,0.0,0.0,0.0,0.0,0.0,0.0,0.0,1.9083663957565538,0.0,0.0,1.5749999999999998e-09
4136.0,0.9400880764138106,2.66e-06,0.390123121,5.784009252515961e-07,0.9400874980128854,0.0,0.0,0.0,0.0,0.0,0.0,0.0,0.0,0.0,1.8636100512645875,0.0,0.0,1.5749999999999998e-09
4137.0,0.9156078443314034,0.000783519,0.368115344,0.00017037147163616743,0.9154374728597673,0.0,0.0,0.0,0.0,0.0,0.0,0.0,0.0,0.0,1.7300968014962346,0.0,0.0,1.5749999999999998e-09
4138.0,0.9185071120691131,0.010368577,0.356412619,0.0022545844099031652,0.9162525276592098,0.0,0.0,0.0,0.0,0.0,0.0,0.0,0.0,0.0,1.6451777814709825,0.0,0.0,1.5749999999999998e-09
4139.0,0.9452836172837902,0.049760215,0.332813152,0.01082005804387908,0.9344635592399111,0.0,0.0,0.0,0.0,0.0,0.0,0.0,0.0,0.0,1.457364477606208,0.0,0.0,1.5749999999999998e-09
4140.0,0.9915495203002006,0.14491017,0.303692692,0.03150984075427297,0.9600396795459276,0.0,0.0,0.0,0.0,0.0,0.0,0.0,0.0,0.0,1.2225083686480123,0.0,0.0,1.5749999999999998e-09
4141.0,1.0457589263148692,0.293813071,0.351979385,0.06388787673586951,0.9818710495789997,0.0,0.0,0.0,0.0,0.0,0.0,0.0,0.0,0.0,1.5476989399953733,0.0,0.0,1.5749999999999998e-09
4142.0,1.108641659385278,0.457562133,0.417422877,0.09949412070950898,1.009147538675769,0.0,0.0,0.0,0.0,0.0,0.0,0.0,0.0,0.0,1.9907451471444393,0.0,0.0,1.5749999999999998e-09
4143.0,1.175605173246887,0.607209745,0.464167889,0.13203408959766383,1.0435710836492231,0.0,0.0,0.0,0.0,0.0,0.0,0.0,0.0,0.0,2.292263945832657,0.0,0.0,1.5749999999999998e-09
4144.0,1.2401122090367536,0.723317202,0.48953201,0.15728095446887058,1.082831254567883,0.0,0.0,0.0,0.0,0.0,0.0,0.0,0.0,0.0,2.435288084813377,0.0,0.0,1.5749999999999998e-09
4145.0,1.295767911171549,0.79856054,0.50962403,0.17364216361105797,1.122125747560491,0.0,0.0,0.0,0.0,0.0,0.0,0.0,0.0,0.0,2.5403888973069924,0.0,0.0,1.5749999999999998e-09
4146.0,1.3466330359499552,0.828053663,0.526080571,0.18005526497638097,1.1665777709735743,0.0,0.0,0.0,0.0,0.0,0.0,0.0,0.0,0.0,2.6142050851012226,0.0,0.0,1.5749999999999998e-09
4147.0,1.3873162352427286,0.809856331,0.535971012,0.17609836510197854,1.21121787014075,0.0,0.0,0.0,0.0,0.0,0.0,0.0,0.0,0.0,2.6406446110582733,0.0,0.0,1.5749999999999998e-09
4148.0,1.4176194789579444,0.744072014,0.534331988,0.16179396291406714,1.2558255160438772,0.0,0.0,0.0,0.0,0.0,0.0,0.0,0.0,0.0,2.584257792569252,0.0,0.0,1.5749999999999998e-09
4149.0,1.4441757017558934,0.638922362,0.524679843,0.13892980652057715,1.305245895235316,0.0,0.0,0.0,0.0,0.0,0.0,0.0,0.0,0.0,2.4654703499430597,0.0,0.0,1.5749999999999998e-09
4150.0,1.455752746214364,0.507179134,0.511130024,0.11028303773455012,1.345469708479814,0.0,0.0,0.0,0.0,0.0,0.0,0.0,0.0,0.0,2.3278680623695474,0.0,0.0,1.5749999999999998e-09
4151.0,1.4494624707580488,0.357160789,0.498102898,0.07766245519593612,1.3718000155621128,0.0,0.0,0.0,0.0,0.0,0.0,0.0,0.0,0.0,2.2079157183602733,0.0,0.0,1.5749999999999998e-09
4152.0,1.4253560505343865,0.209483536,0.488776705,0.04555092896517897,1.3798051215692075,0.0,0.0,0.0,0.0,0.0,0.0,0.0,0.0,0.0,2.132886067919195,0.0,0.0,1.5749999999999998e-09
4153.0,1.3883241923618341,0.092239486,0.49007602,0.020056918814711146,1.368267273547123,0.0,0.0,0.0,0.0,0.0,0.0,0.0,0.0,0.0,2.1537617021045348,0.0,0.0,1.5749999999999998e-09
4154.0,1.3531524941529651,0.023754003,0.48904377,0.005165164403619996,1.347987329749345,0.0,0.0,0.0,0.0,0.0,0.0,0.0,0.0,0.0,2.166623175579858,0.0,0.0,1.5749999999999998e-09
4155.0,1.2894954363751667,0.001932613,0.476858573,0.00042023501780197856,1.2890752013573648,0.0,0.0,0.0,0.0,0.0,0.0,0.0,0.0,0.0,2.137963957575368,0.0,0.0,1.5749999999999998e-09
4156.0,1.2045711486341604,1.57e-06,0.45271069,3.4138701227255866e-07,1.2045708072471482,0.0,0.0,0.0,0.0,0.0,0.0,0.0,0.0,0.0,2.048924778534125,0.0,0.0,1.5749999999999998e-09
4157.0,1.1249603308852092,0.0,0.41709666,0.0,1.1249603308852092,0.0,0.0,0.0,0.0,0.0,0.0,0.0,0.0,0.0,1.8725879314589222,0.0,0.0,1.5749999999999998e-09
4158.0,1.0571624158388797,0.0,0.375599947,0.0,1.0571624158388797,0.0,0.0,0.0,0.0,0.0,0.0,0.0,0.0,0.0,1.642161449440688,0.0,0.0,1.5749999999999998e-09
4159.0,1.0011907524902346,0.0,0.340314918,0.0,1.0011907524902346,0.0,0.0,0.0,0.0,0.0,0.0,0.0,0.0,0.0,1.4445502205990384,0.0,0.0,1.5749999999999998e-09
4160.0,0.9593260411438951,5.48e-06,0.315113833,1.1915928836010326e-06,0.9593248495510116,0.0,0.0,0.0,0.0,0.0,0.0,0.0,0.0,0.0,1.3053035043412222,0.0,0.0,1.5749999999999998e-09
4161.0,0.9369974520817826,0.000665991,0.292205346,0.00014481571827414878,0.9368526363635085,0.0,0.0,0.0,0.0,0.0,0.0,0.0,0.0,0.0,1.1631393107069032,0.0,0.0,1.5749999999999998e-09
4162.0,0.9408512759587234,0.008286633,0.260909742,0.0018018782685791015,0.9390493976901443,0.0,0.0,0.0,0.0,0.0,0.0,0.0,0.0,0.0,0.9360304549290437,0.0,0.0,1.5749999999999998e-09
4163.0,0.969777199361185,0.047956734,0.223761669,0.010427901999114543,0.9593492973620705,0.0,0.0,0.0,0.0,0.0,0.0,0.0,0.0,0.0,0.6487585261102456,0.0,0.0,1.5749999999999998e-09
4164.0,1.0095592454944513,0.142757714,0.19332827,0.03104180220466269,0.9785174432897886,0.0,0.0,0.0,0.0,0.0,0.0,0.0,0.0,0.0,0.4108746937762263,0.0,0.0,1.5749999999999998e-09
4165.0,1.060001606099334,0.28846399,0.204043211,0.06272475139765683,0.9972768547016772,0.0,0.0,0.0,0.0,0.0,0.0,0.0,0.0,0.0,0.4691203410374757,0.0,0.0,1.5749999999999998e-09
4166.0,1.1210575566933396,0.448178414,0.220712718,0.09745368772007253,1.0236038689732672,0.0,0.0,0.0,0.0,0.0,0.0,0.0,0.0,0.0,0.5625920605701397,0.0,0.0,1.5749999999999998e-09
4167.0,1.1883837572512168,0.596394691,0.224814303,0.129682421462233,1.0587013357889838,0.0,0.0,0.0,0.0,0.0,0.0,0.0,0.0,0.0,0.5569714516837257,0.0,0.0,1.5749999999999998e-09
4168.0,1.2526749602893759,0.717628396,0.220934768,0.15604395798241308,1.096631002306963,0.0,0.0,0.0,0.0,0.0,0.0,0.0,0.0,0.0,0.49116073380956177,0.0,0.0,1.5749999999999998e-09
4169.0,1.3066729852172074,0.797395215,0.222212019,0.17338877073202835,1.1332842144851791,0.0,0.0,0.0,0.0,0.0,0.0,0.0,0.0,0.0,0.46368674046188524,0.0,0.0,1.5749999999999998e-09
4170.0,1.3573000269189524,0.825727462,0.22818448,0.1795494466264858,1.1777505802924666,0.0,0.0,0.0,0.0,0.0,0.0,0.0,0.0,0.0,0.46214265576916747,0.0,0.0,1.5749999999999998e-09
4171.0,1.3448084783060623,0.804298296,0.235937047,0.17488980397920384,1.1699186743268584,0.0,0.0,0.0,0.0,0.0,0.0,0.0,0.0,0.0,0.5256899293417868,0.0,0.0,1.5749999999999998e-09
4172.0,1.372341507568196,0.736875188,0.243158809,0.1602290565917834,1.2121124509764125,0.0,0.0,0.0,0.0,0.0,0.0,0.0,0.0,0.0,0.5353967843927185,0.0,0.0,1.5749999999999998e-09
4173.0,1.438826630443972,0.629272494,0.248552813,0.13683150103946598,1.301995129404506,0.0,0.0,0.0,0.0,0.0,0.0,0.0,0.0,0.0,0.48427919057901003,0.0,0.0,1.5749999999999998e-09
4174.0,1.4439687703340773,0.497533213,0.249206305,0.10818559050473664,1.335783179829341,0.0,0.0,0.0,0.0,0.0,0.0,0.0,0.0,0.0,0.455187590634157,0.0,0.0,1.5749999999999998e-09
4175.0,1.431394893918978,0.34755102,0.25076206,0.07557286900005113,1.355822024918927,0.0,0.0,0.0,0.0,0.0,0.0,0.0,0.0,0.0,0.4463294888688718,0.0,0.0,1.5749999999999998e-09
4176.0,1.3990245598181867,0.199962677,0.264333124,0.04348067571149852,1.3555438841066882,0.0,0.0,0.0,0.0,0.0,0.0,0.0,0.0,0.0,0.544138785436136,0.0,0.0,1.5749999999999998e-09
4177.0,1.3616500404418097,0.084887044,0.283436258,0.018458174733636448,1.3431918657081734,0.0,0.0,0.0,0.0,0.0,0.0,0.0,0.0,0.0,0.6937792830256067,0.0,0.0,1.5749999999999998e-09
4178.0,1.3371141825470174,0.021573197,0.29738279,0.004690961317832691,1.3324232212291847,0.0,0.0,0.0,0.0,0.0,0.0,0.0,0.0,0.0,0.804777458861492,0.0,0.0,1.5749999999999998e-09
4179.0,1.2689402298095078,0.001638788,0.30190311,0.00035634454717714764,1.2685838852623306,0.0,0.0,0.0,0.0,0.0,0.0,0.0,0.0,0.0,0.9011029752768764,0.0,0.0,1.5749999999999998e-09
4180.0,1.1869018598112238,8.72e-07,0.298201636,1.8961113038323e-07,1.1869016702000934,0.0,0.0,0.0,0.0,0.0,0.0,0.0,0.0,0.0,0.956183809841816,0.0,0.0,1.5749999999999998e-09
4181.0,1.1031835602811726,0.0,0.283174982,0.0,1.1031835602811726,0.0,0.0,0.0,0.0,0.0,0.0,0.0,0.0,0.0,0.9319098764138867,0.0,0.0,1.5749999999999998e-09
4182.0,1.0350340837010519,0.0,0.261488976,0.0,1.0350340837010519,0.0,0.0,0.0,0.0,0.0,0.0,0.0,0.0,0.0,0.8442085494836544,0.0,0.0,1.5749999999999998e-09
4183.0,0.9781590423603892,0.0,0.239660525,0.0,0.9781590423603892,0.0,0.0,0.0,0.0,0.0,0.0,0.0,0.0,0.0,0.744209077936312,0.0,0.0,1.5749999999999998e-09
4184.0,0.9378541045913819,5.32e-06,0.221926519,1.1568018505031922e-06,0.9378529477895313,0.0,0.0,0.0,0.0,0.0,0.0,0.0,0.0,0.0,0.6570662045156722,0.0,0.0,1.5749999999999998e-09
4185.0,0.9169362113294548,0.00111481,0.19985765,0.00024240869754877138,0.916693802631906,0.0,0.0,0.0,0.0,0.0,0.0,0.0,0.0,0.0,0.5196230249199654,0.0,0.0,1.5749999999999998e-09
4186.0,0.9200646618138593,0.012274003,0.180882213,0.00266890777884995,0.9173957540350093,0.0,0.0,0.0,0.0,0.0,0.0,0.0,0.0,0.0,0.3825503142627109,0.0,0.0,1.5749999999999998e-09
4187.0,0.9441221297227431,0.054947746,0.165328285,0.011948055310860786,0.9432997302437716,0.0,0.0,0.01112565583188928,0.0,0.0,0.0,0.0,0.0,0.0,0.24486493503569934,0.0,0.0,1.5749999999999998e-09
4188.0,0.9802928857206757,0.148410579,0.135890775,0.03227098353786658,0.9766061336234323,0.0,0.0,0.028584231440623047,0.0,0.010013090248700353,0.0,0.0,0.0,0.0,0.0,0.0,0.0,1.575021454469746e-09
4189.0,1.0320658391560449,0.28737369,0.154023517,0.062487672251490746,1.1069206973354373,0.0,0.0,0.13734253043088307,0.0,0.03573876214994965,0.0,0.0,0.0,0.0,0.0,0.0,0.0,1.5750429092317427e-09
4190.0,1.1003933213355717,0.43926749,0.18144635,0.0955160611462204,1.304000351264345,0.0,0.0,0.29912309107499363,0.0,0.15934655271504802,0.0,0.0,0.0,0.0,0.0,0.0,0.0,1.5750643642859937e-09
4191.0,1.1704563588592507,0.57924117,0.176621354,0.12595249198188613,1.2693245560287336,0.0,0.0,0.22482068915136902,0.0,0.4285551641116052,0.0,0.0,0.0,0.0,0.0,0.0,0.0,1.5750858196325029e-09
4192.0,1.2367590264705999,0.692341473,0.161412787,0.150545469388441,1.1600251586574042,0.0,0.0,0.07381160157524536,0.0,0.6308879466979583,0.0,0.0,0.0,0.0,0.0,0.0,0.0,1.5751072752712744e-09
4193.0,1.2923568779604997,0.763695631,0.15326794,0.16606099984248182,1.1014905926603789,0.0,0.0,0.0,0.02480528545763916,0.6973097943493357,0.0,0.0,0.0,0.0,0.0,0.0,0.0,1.7501430346692358e-09
4194.0,1.3408345014744603,0.78702901,0.15310059,0.17113470209919088,1.1002878985373827,0.0,0.0,0.0,0.06941190083788648,0.6724950103468709,0.0,0.0,0.0,0.0,0.0,0.0,0.0,1.7501668749173558e-09
4195.0,1.3792792792797839,0.760939704,0.155629146,0.16546174017078033,1.1184598700991781,0.0,0.0,0.0,0.09535766900982544,0.6030739489837019,0.0,0.0,0.0,0.0,0.0,0.0,0.0,1.7501907154902246e-09
4196.0,1.4037617361947017,0.68780142,0.158293186,0.14955826229976005,1.137605524425001,0.0,0.0,0.0,0.11659794946994068,0.5077080650814655,0.0,0.0,0.0,0.0,0.0,0.0,0.0,1.7502145563878474e-09
4197.0,1.4214466008450608,0.578609014,0.161374788,0.12581503347989237,1.1597520712718066,0.0,0.0,0.0,0.1358794960933618,0.39110319976457475,0.0,0.0,0.0,0.0,0.0,0.0,0.0,1.7502383976102281e-09
4198.0,1.4262216033739523,0.452217572,0.164527093,0.09833197821798133,1.1824067393171678,0.0,0.0,0.0,0.14548288583880348,0.25521837618075666,0.0,0.0,0.0,0.0,0.0,0.0,0.0,1.7502622391573711e-09
4199.0,1.410608279774114,0.31379413,0.17151756,0.06823263726711265,1.232645123409776,0.0,0.0,0.0,0.10973051909722559,0.10973201383379842,0.0,0.0,0.0,0.0,0.0,0.0,0.0,1.750286081029281e-09
4200.0,1.3770920339396984,0.180852703,0.188818025,0.03932532734941809,1.3516326599540274,0.0,0.0,0.013865953363747031,0.0,0.0,0.0,0.0,0.0,0.0,0.005345702658612061,0.0,0.0,1.5749999999999998e-09
4201.0,1.3342616412916508,0.078234291,0.220352246,0.01701157379729422,1.5836053256838032,0.0,0.0,0.26635525818944655,0.0,0.012479358027372328,0.0,0.0,0.0,0.0,0.0,0.0,0.0,1.575021454469746e-09
4202.0,1.295120415916201,0.020296041,0.251184055,0.004413251463663282,1.8051842649466499,0.0,0.0,0.5144771004941121,0.0,0.25219892040780295,0.0,0.0,0.0,0.0,0.0,0.0,0.0,1.5750429092317427e-09
4203.0,1.239048625105338,0.001678915,0.257821308,0.00036506992083412915,1.8528842062429633,0.0,0.0,0.6142006510584594,0.0,0.7152248754744698,0.0,0.0,0.0,0.0,0.0,0.0,0.0,1.5750643642859937e-09
4204.0,1.1642817866925756,1.39e-06,0.24567028,3.022471000374882e-07,1.765558422173882,0.0,0.0,0.6012769377284065,0.0,1.267995718848397,0.0,0.0,0.0,0.0,0.0,0.0,0.0,1.5750858196325029e-09
4205.0,1.0807793199142317,0.0,0.226901321,0.0,1.6306715582118012,0.0,0.0,0.5498922382975696,0.0,1.8091276905466795,0.0,0.0,0.0,0.0,0.0,0.0,0.0,1.5751072752712744e-09
4206.0,1.0147369857044979,0.0,0.20872179,0.0,1.5000207360276072,0.0,0.0,0.4852837503231093,0.0,2.3040060616198295,0.0,0.0,0.0,0.0,0.0,0.0,0.0,1.575128731202312e-09
4207.0,0.9603873992428751,0.0,0.189985855,0.0,1.365371205622251,0.0,0.0,0.40498380637937587,0.0,2.740730052431258,0.0,0.0,0.0,0.0,0.0,0.0,0.0,1.57515018742562e-09
4208.0,0.9188742484304021,6.1e-06,0.176627518,1.326408136855164e-06,1.26936885484304,0.0,0.0,0.3504959328207748,0.0,3.1051781447701416,0.0,0.0,0.0,0.0,0.0,0.0,0.0,1.5751716439412022e-09
4209.0,0.892718538481098,0.001102837,0.16038755,0.0002398052410532686,1.1526570886569372,0.0,0.0,0.2601783554168926,0.0,3.4205821865037045,0.0,0.0,0.0,0.0,0.0,0.0,0.0,1.5751931007490627e-09
4210.0,0.8810435903929953,0.010297797,0.145357019,0.002239193726636508,1.0446371824770135,0.0,0.0,0.16583278581065478,0.0,3.654696112234538,0.0,0.0,0.0,0.0,0.0,0.0,0.0,1.5752145578492055e-09
4211.0,0.8772053423434771,0.04755399,0.127919418,0.010340327750152312,0.9193183880829269,0.0,0.0,0.05245337348960205,0.0,3.8038958362900956,0.0,0.0,0.0,0.0,0.0,0.0,0.0,1.575236015241634e-09
4212.0,0.8985615746064255,0.137402394,0.098299971,0.02987732023360315,0.7064523299216265,0.0,0.0,0.0,0.1622319244511958,3.851052056902825,0.0,0.0,0.0,0.0,0.0,0.0,0.0,0.005861170548042439
4213.0,0.9495980304867063,0.277265023,0.108757153,0.06028960370041545,0.7816049521773797,0.0,0.0,0.0,0.10770347460891125,3.6887676745758258,0.0,0.0,0.0,0.0,0.0,0.0,0.0,0.0058612503882368525
4214.0,1.0174493475128352,0.431716047,0.122383446,0.0938740455002863,0.8795330221464417,0.0,0.0,0.0,0.0440422798661073,3.5810139526802818,0.0,0.0,0.0,0.0,0.0,0.0,0.0,0.005861330229518841
4215.0,1.0971291420690834,0.577174586,0.113911178,0.12550312577973946,0.8186453798874175,0.0,0.0,0.0,0.15298063640192638,3.536922893316415,0.0,0.0,0.0,0.0,0.0,0.0,0.0,0.005861410071888416
4216.0,1.1706566157835352,0.694050128,0.099432631,0.15091700609255215,0.7145924167178782,0.0,0.0,0.0,0.3051471929731049,3.383894078011913,0.0,0.0,0.0,0.0,0.0,0.0,0.0,0.005861489915345596
4217.0,1.229876882571246,0.76505585,0.090960481,0.16635677124403997,0.6537056224893681,0.0,0.0,0.0,0.4098144888378379,3.0787007906488455,0.0,0.0,0.0,0.0,0.0,0.0,0.0,0.005861569759890394
4218.0,1.2760827081104011,0.786355618,0.090180459,0.17098827707819197,0.6480998389506313,0.0,0.0,0.0,0.456994592081578,2.668844364672448,0.0,0.0,0.0,0.0,0.0,0.0,0.0,0.005861649605522826
4219.0,1.3129677113384683,0.76002865,0.094723593,0.16526363698410584,0.6807499767563296,0.0,0.0,0.0,0.4669540975980327,2.2118134183935876,0.0,0.0,0.0,0.0,0.0,0.0,0.0,0.005861729452242905
4220.0,1.342899367027525,0.688609045,0.100802706,0.14973387547542033,0.7244387337215464,0.0,0.0,0.0,0.46872675783055834,1.7448291921367134,0.0,0.0,0.0,0.0,0.0,0.0,0.0,0.0058618093000506475
4221.0,1.366253712868751,0.582200968,0.107569429,0.1265960821705169,0.7730691369724716,0.0,0.0,0.0,0.46658849372576255,1.2760786667663486,0.0,0.0,0.0,0.0,0.0,0.0,0.0,0.005861889148946068
4222.0,1.3763711112121078,0.459879242,0.116456526,0.0999979620589484,0.836938030503371,0.0,0.0,0.0,0.4394351186497882,0.8094727906798109,0.0,0.0,0.0,0.0,0.0,0.0,0.0,0.00586196899892918
4223.0,1.367987043380393,0.323892493,0.127560182,0.07042846527565645,0.9167366669836222,0.0,0.05510623780933765,0.0,0.3257156733117765,0.3700266456345099,0.0,0.0,0.0,0.0,0.0,0.0,0.0,0.005862048849999999
4224.0,1.3420071131980598,0.191567486,0.145121631,0.04165519216185045,1.0429455197090196,0.0,0.21310107291852828,0.0,0.04430532840866162,0.0443059319307746,0.0,0.0,0.0,0.0,0.0,0.0,0.0,0.005862128702158541
4225.0,1.3019914356530022,0.087653236,0.175652575,0.01905966646755508,1.2623622326957071,0.0,0.02056953648973999,0.0,0.0,0.0,0.0,0.0,0.0,0.0,0.0,0.0,0.0,0.005862048849999999
4226.0,1.2702085203302287,0.024782353,0.204500913,0.005388772896658523,1.4652484269085366,0.0,0.0,0.20042867947496637,0.0,0.0,0.0,0.0,0.0,0.0,0.004438135460335693,0.0,0.0,1.5749999999999998e-09
4227.0,1.2193211452268684,0.002096489,0.217262622,0.0004558688636766141,1.5614011271354458,0.0,0.0,0.3425358507722539,0.0,0.1803858115274697,0.0,0.0,0.0,0.0,0.0,0.0,0.0,1.575021454469746e-09
4228.0,1.1477183576184518,1.44e-06,0.211967822,3.1311929788056336e-07,1.5233489918355378,0.0,0.0,0.375630947336384,0.0,0.4886656200610894,0.0,0.0,0.0,0.0,0.0,0.0,0.0,1.5750429092317427e-09
4229.0,1.082423647126208,0.0,0.199080575,0.0,1.430732223215886,0.0,0.0,0.34830857608967786,0.0,0.8267268162073583,0.0,0.0,0.0,0.0,0.0,0.0,0.0,1.5750643642859937e-09
4230.0,1.0215701792889225,0.0,0.18514833,0.0,1.3306053682314736,0.0,0.0,0.30903518894255116,0.0,1.140193273263396,0.0,0.0,0.0,0.0,0.0,0.0,0.0,1.5750858196325029e-09
4231.0,0.9665107952621862,0.0,0.174027846,0.0,1.2506857939758906,0.0,0.0,0.28417499871370444,0.0,1.4183094119409816,0.0,0.0,0.0,0.0,0.0,0.0,0.0,1.5751072752712744e-09
4232.0,0.9249976444497132,6.02e-06,0.169412927,1.3090126203062438e-06,1.2175197589630258,0.0,0.0,0.29252342352593297,0.0,1.674047590997999,0.0,0.0,0.0,0.0,0.0,0.0,0.0,1.575128731202312e-09
4233.0,0.8951038149130331,0.000998797,0.158849761,0.00021718237178139794,1.1416054615717388,0.0,0.0,0.24671882903048695,0.0,1.9372958687972683,0.0,0.0,0.0,0.0,0.0,0.0,0.0,1.57515018742562e-09
4234.0,0.8771875426834688,0.009998525,0.147497133,0.002174118838778652,1.0600175382005965,0.0,0.0,0.1850041143559065,0.0,2.1593164256615704,0.0,0.0,0.0,0.0,0.0,0.0,0.0,1.5751716439412022e-09
4235.0,0.866545026871936,0.046804309,0.131391534,0.010177314147128426,0.9442714416088344,0.0,0.0,0.08790372888402673,0.0,2.325790715021331,0.0,0.0,0.0,0.0,0.0,0.0,0.0,1.5751931007490627e-09
4236.0,0.8802870663455385,0.136694965,0.111007581,0.02972349407264457,0.7977781014443399,0.0,0.0,0.0,0.05278547082855408,2.404872389793572,0.0,0.0,0.0,0.0,0.0,0.0,0.0,1.7502383976102281e-09
4237.0,0.9284042279957413,0.276744438,0.112205739,0.060176405638132695,0.8063889026694414,0.0,0.0,0.0,0.06183891968816724,2.352054160514786,0.0,0.0,0.0,0.0,0.0,0.0,0.0,1.7502622391573711e-09
4238.0,0.9987921260633118,0.431203972,0.123993631,0.09376269788607644,0.8911049375120612,0.0,0.0,0.0,0.013924490665174195,2.290183201850461,0.0,0.0,0.0,0.0,0.0,0.0,0.0,1.750286081029281e-09
4239.0,1.074095206106803,0.574094902,0.123386284,0.12483346710489641,0.886740117269938,0.0,0.0,0.0,0.06252162173196862,2.276227514996766,0.0,0.0,0.0,0.0,0.0,0.0,0.0,1.7503099232259622e-09
4240.0,1.147778435095707,0.686242683,0.116020808,0.1492193243587736,0.8338066562704244,0.0,0.0,0.0,0.1647524544665089,2.2136748871764564,0.0,0.0,0.0,0.0,0.0,0.0,0.0,1.7503337657474187e-09
4241.0,1.2133179031621433,0.754058032,0.113284384,0.16396536218127736,0.814140799904572,0.0,0.0,0.0,0.23521174107629395,2.0488922786947374,0.0,0.0,0.0,0.0,0.0,0.0,0.0,1.750357608593656e-09
4242.0,1.2672336002877655,0.776479276,0.115945689,0.16884072619439455,0.8332667986078888,0.0,0.0,0.0,0.2651260754854823,1.8136526282224907,0.0,0.0,0.0,0.0,0.0,0.0,0.0,1.7503814517646773e-09
4243.0,1.3078122214533758,0.75257022,0.121026832,0.1636418464529313,0.8697834453016601,0.0,0.0,0.0,0.2743869296987843,1.5485018477050028,0.0,0.0,0.0,0.0,0.0,0.0,0.0,1.7504052952604874e-09
4244.0,1.3369028004602557,0.684917915,0.127361204,0.14893126156293013,0.9153066719360841,0.0,0.0,0.0,0.2726648669612413,1.2740938247785996,0.0,0.0,0.0,0.0,0.0,0.0,0.0,1.7504291390810913e-09
4245.0,1.3604440522308547,0.581176914,0.134544517,0.12637340781671705,0.9669309822363009,0.0,0.0,0.0,0.2671396621778368,1.0014116024935054,0.0,0.0,0.0,0.0,0.0,0.0,0.0,1.7504529832264928e-09
4246.0,1.3766336694462336,0.460253014,0.140904844,0.10007923652159242,1.0126407396503028,0.0,0.0,0.0,0.2639136932743383,0.7342582993872429,0.0,0.0,0.0,0.0,0.0,0.0,0.0,1.7504768276966966e-09
4247.0,1.3749403899194788,0.323716433,0.146183926,0.0703901820926114,1.0505799144110697,0.0,0.0,0.0,0.25397029341579774,0.4703346042666278,0.0,0.0,0.0,0.0,0.0,0.0,0.0,1.750500672491707e-09
4248.0,1.3549637028017953,0.1901453,0.15638839,0.04134594641061742,1.1239163284004632,0.0,0.0,0.0,0.18970142799071485,0.21635790409395114,0.0,0.0,0.0,0.0,0.0,0.0,0.0,1.7505245176115285e-09
4249.0,1.3191445083376538,0.083802025,0.177309367,0.01822224390900654,1.2742690985542482,0.0,0.0,0.0,0.026653165874398924,0.026653528940774097,0.0,0.0,0.0,0.0,0.0,0.0,0.0,1.7505483630561654e-09
4250.0,1.2878399830007885,0.02152968,0.200601776,0.004681498809161949,1.2831584841916268,0.0,0.0,0.0,0.0,0.0,0.0,0.0,0.0,0.0,0.15850615314195118,0.0,0.0,1.5749999999999998e-09
4251.0,1.2341312182969069,0.001815389,0.208126858,0.0003947453674028458,1.2337364729295042,0.0,0.0,0.0,0.0,0.0,0.0,0.0,0.0,0.0,0.262008665727429,0.0,0.0,1.5749999999999998e-09
4252.0,1.1625017296985907,1.06e-06,0.206359841,2.3049059427319246e-07,1.1625014992079963,0.0,0.0,0.0,0.0,0.0,0.0,0.0,0.0,0.0,0.32054461966325315,0.0,0.0,1.5749999999999998e-09
4253.0,1.0847199212584027,0.0,0.203147287,0.0,1.0847199212584027,0.0,0.0,0.0,0.0,0.0,0.0,0.0,0.0,0.0,0.37523853812310975,0.0,0.0,1.5749999999999998e-09
4254.0,1.0190157975875478,0.0,0.201705633,0.0,1.0190157975875478,0.0,0.0,0.0,0.0,0.0,0.0,0.0,0.0,0.0,0.4305819280431803,0.0,0.0,1.5749999999999998e-09
4255.0,0.9661147320785624,0.0,0.202976946,0.0,0.9661147320785624,0.0,0.0,0.0,0.0,0.0,0.0,0.0,0.0,0.0,0.49261953776243445,0.0,0.0,1.5749999999999998e-09
4256.0,0.9229661543840795,5.76e-06,0.205092673,1.2524771915222534e-06,0.922964901906888,0.0,0.0,0.0,0.0,0.0,0.0,0.0,0.0,0.0,0.550974461622571,0.0,0.0,1.5749999999999998e-09
4257.0,0.9059977627962901,0.000971107,0.202001963,0.00021116134861590293,0.9057866014476742,0.0,0.0,0.0,0.0,0.0,0.0,0.0,0.0,0.0,0.5459407587780192,0.0,0.0,1.5749999999999998e-09
4258.0,0.9121055829881785,0.007906614,0.197211536,0.00171924543353655,0.9103863375546419,0.0,0.0,0.0,0.0,0.0,0.0,0.0,0.0,0.0,0.5069136644425379,0.0,0.0,1.5749999999999998e-09
4259.0,0.9405531164047315,0.044168155,0.180202327,0.00960409839047215,0.9309490180142592,0.0,0.0,0.0,0.0,0.0,0.0,0.0,0.0,0.0,0.3641109140629214,0.0,0.0,1.5749999999999998e-09
4260.0,0.9862649761305555,0.136078731,0.149311828,0.029589497713331983,0.9566754784172236,0.0,0.0,0.0,0.0,0.0,0.0,0.0,0.0,0.0,0.11638372701689771,0.0,0.0,1.5749999999999998e-09
4261.0,1.0469960661806696,0.274708708,0.144596938,0.05973374845183104,0.9872623177288387,0.0,0.0,0.0,0.0,0.0,0.0,0.0,0.0,0.0,0.05191239117960022,0.0,0.0,1.5749999999999998e-09
4262.0,1.1190060411352623,0.426149259,0.163026828,0.09266358109055718,1.026342460044705,0.0,0.0,0.0,0.0,0.0,0.0,0.0,0.0,0.0,0.14528232589070753,0.0,0.0,1.5749999999999998e-09
4263.0,1.1975043226380202,0.565218313,0.179779786,0.12290330646930311,1.0746010161687172,0.0,0.0,0.0,0.0,0.0,0.0,0.0,0.0,0.0,0.2174222408118104,0.0,0.0,1.5749999999999998e-09
4264.0,1.273512750581604,0.676757052,0.186346275,0.14715673122080547,1.1263560193607987,0.0,0.0,0.0,0.0,0.0,0.0,0.0,0.0,0.0,0.2128586193288318,0.0,0.0,1.5749999999999998e-09
4265.0,1.3395817857812373,0.749477206,0.193594734,0.16296928925014328,1.176612496531094,0.0,0.0,0.0,0.0,0.0,0.0,0.0,0.0,0.0,0.21469463716945947,0.0,0.0,1.5749999999999998e-09
4266.0,1.3950706084790285,0.77550554,0.202350839,0.16862899318561606,1.2264416152934126,0.0,0.0,0.0,0.0,0.0,0.0,0.0,0.0,0.0,0.22779301182713793,0.0,0.0,1.5749999999999998e-09
4267.0,1.438245887163411,0.753926622,0.21063055,0.16393678787090618,1.2743090992925046,0.0,0.0,0.0,0.0,0.0,0.0,0.0,0.0,0.0,0.23942932083555077,0.0,0.0,1.5749999999999998e-09
4268.0,1.4667757483821733,0.689365196,0.217964851,0.14989829594084508,1.316877452441328,0.0,0.0,0.0,0.0,0.0,0.0,0.0,0.0,0.0,0.24957038333646825,0.0,0.0,1.5749999999999998e-09
4269.0,1.4838086681121638,0.586573152,0.218087217,0.12754678715960346,1.3562618809525604,0.0,0.0,0.0,0.0,0.0,0.0,0.0,0.0,0.0,0.2110653624682273,0.0,0.0,1.5749999999999998e-09
4270.0,1.4850079808256629,0.46030139,0.210231411,0.10008975559044955,1.3849182252352135,0.0,0.0,0.0,0.0,0.0,0.0,0.0,0.0,0.0,0.12595170293252808,0.0,0.0,1.5749999999999998e-09
4271.0,1.4683555494517981,0.318413712,0.200222978,0.06923713745623883,1.3991184119955593,0.0,0.0,0.0,0.0,0.0,0.0,0.0,0.0,0.0,0.03982391802757544,0.0,0.0,1.5749999999999998e-09
4272.0,1.4364636053369155,0.181107993,0.199896576,0.03938083861716526,1.3970827667197503,0.0,0.0,0.0,0.0,0.0,0.0,0.0,0.0,0.0,0.039513810287942625,0.0,0.0,1.5749999999999998e-09
4273.0,1.3955823749522926,0.075705919,0.21617651,0.01646179458519639,1.3791205803670965,0.0,0.0,0.0,0.0,0.0,0.0,0.0,0.0,0.0,0.17447498644976245,0.0,0.0,1.5749999999999998e-09
4274.0,1.3522468903285123,0.018310427,0.248224499,0.003981491698703688,1.3482653986298085,0.0,0.0,0.0,0.0,0.0,0.0,0.0,0.0,0.0,0.43564942736925955,0.0,0.0,1.5749999999999998e-09
4275.0,1.287888935315567,0.001458409,0.276439844,0.00031712222368242667,1.2875718130918845,0.0,0.0,0.0,0.0,0.0,0.0,0.0,0.0,0.0,0.6991182122487226,0.0,0.0,1.5749999999999998e-09
4276.0,1.1996804428156287,1.2e-06,0.281207157,2.6093274823380276e-07,1.1996801818828804,0.0,0.0,0.0,0.0,0.0,0.0,0.0,0.0,0.0,0.821271088319291,0.0,0.0,1.5749999999999998e-09
4277.0,1.116585163383461,0.0,0.27174409,0.0,1.116585163383461,0.0,0.0,0.0,0.0,0.0,0.0,0.0,0.0,0.0,0.8363578901087131,0.0,0.0,1.5749999999999998e-09
4278.0,1.044839972495429,0.0,0.255556639,0.0,1.044839972495429,0.0,0.0,0.0,0.0,0.0,0.0,0.0,0.0,0.0,0.7917687386962559,0.0,0.0,1.5749999999999998e-09
4279.0,0.9876934715907494,0.0,0.241267865,0.0,0.9876934715907494,0.0,0.0,0.0,0.0,0.0,0.0,0.0,0.0,0.0,0.7462261179121451,0.0,0.0,1.5749999999999998e-09
4280.0,0.9470636742777752,2.08e-06,0.231150784,4.522834302719248e-07,0.9470632219943449,0.0,0.0,0.0,0.0,0.0,0.0,0.0,0.0,0.0,0.7141479488615512,0.0,0.0,1.5749999999999998e-09
4281.0,0.9265685441894468,0.000405863,0.217391247,8.825245666367992e-05,0.9264802917327831,0.0,0.0,0.0,0.0,0.0,0.0,0.0,0.0,0.0,0.6358452245963907,0.0,0.0,1.5749999999999998e-09
4282.0,0.9314080738606144,0.007840675,0.201660499,0.0017049073964650599,0.9297031664641493,0.0,0.0,0.0,0.0,0.0,0.0,0.0,0.0,0.0,0.519570194681683,0.0,0.0,1.5749999999999998e-09
4283.0,0.9572233484385291,0.049205795,0.177996155,0.010699502765315925,1.0589060015087968,0.0,0.0,0.11238215583558367,0.0,0.0,0.0,0.0,0.0,0.0,0.2202988358643595,0.0,0.0,1.5749999999999998e-09
4284.0,0.9975839130198463,0.150713292,0.145213357,0.032771694564103,1.043604726886348,0.0,0.0,0.07879250843060473,0.0,0.1011439402520253,0.0,0.0,0.0,0.0,0.0,0.0,0.0,1.575021454469746e-09
4285.0,1.0469159632109708,0.298948579,0.127982992,0.06500456191588341,0.9197752753023791,0.0,0.0,0.0,0.06213612599270825,0.17205582008715864,0.0,0.0,0.0,0.0,0.0,0.0,0.0,1.7500476769241584e-09
4286.0,1.106323135928054,0.454386969,0.150676739,0.09880370048566478,1.082868410322754,0.0,0.0,0.0753489748803645,0.0,0.10991735040168592,0.0,0.0,0.0,0.0,0.0,0.0,0.0,1.5750643642859937e-09
4287.0,1.170879123032774,0.596159689,0.167694624,0.12963132169748265,1.205170832045628,0.0,0.0,0.16392303071033668,0.0,0.177729930532842,0.0,0.0,0.0,0.0,0.0,0.0,0.0,1.5750858196325029e-09
4288.0,1.2324690894250727,0.709918224,0.164821585,0.15436742767465036,1.1845231647588725,0.0,0.0,0.1064215030084502,0.0,0.3252582371883503,0.0,0.0,0.0,0.0,0.0,0.0,0.0,1.5751072752712744e-09
4289.0,1.2858196190975566,0.7834757,0.161583349,0.17036205631283532,1.1612509364584584,0.0,0.0,0.04579337367373731,0.0,0.4210331593258259,0.0,0.0,0.0,0.0,0.0,0.0,0.0,1.575128731202312e-09
4290.0,1.33098188619774,0.808554814,0.160455256,0.17581535809557602,1.1531436713177774,0.0,0.0,0.0,0.0020228567843867187,0.4622414604448032,0.0,0.0,0.0,0.0,0.0,0.0,0.0,1.7501668749173558e-09
4291.0,1.3642155483055862,0.783350153,0.161171863,0.17033475687638325,1.1582937103222462,0.0,0.0,0.0,0.03558708110695679,0.4602123071459147,0.0,0.0,0.0,0.0,0.0,0.0,0.0,1.7501907154902246e-09
4292.0,1.3824856059015276,0.71243311,0.16294726,0.15491427443754593,1.1710529546478206,0.0,0.0,0.0,0.056518376816161134,0.4246189571649737,0.0,0.0,0.0,0.0,0.0,0.0,0.0,1.7502145563878474e-09
4293.0,1.3917085255829083,0.600935094,0.166407487,0.13066970465629885,1.1959205655060954,0.0,0.0,0.0,0.06511825542051392,0.36809479631676373,0.0,0.0,0.0,0.0,0.0,0.0,0.0,1.7502383976102281e-09
4294.0,1.3918108788775612,0.467556805,0.167717339,0.10166740173672187,1.205334077919568,0.0,0.0,0.0,0.08480939922127124,0.30297152681936285,0.0,0.0,0.0,0.0,0.0,0.0,0.0,1.7502622391573711e-09
4295.0,1.3756234874946176,0.320298227,0.164682644,0.06964691385460367,1.1835246375754653,0.0,0.0,0.0,0.12245193606454859,0.21815800061084473,0.0,0.0,0.0,0.0,0.0,0.0,0.0,1.750286081029281e-09
4296.0,1.345422598073979,0.179220414,0.168471,0.03897039597051659,1.2107504128788233,0.0,0.0,0.0,0.09570178922463916,0.09570309286345921,0.0,0.0,0.0,0.0,0.0,0.0,0.0,1.7503099232259622e-09
4297.0,1.3089514576895442,0.073845889,0.197337229,0.016057342302115286,1.292894115387429,0.0,0.0,0.0,0.0,0.0,0.0,0.0,0.0,0.0,0.12530920440121654,0.0,0.0,1.5749999999999998e-09
4298.0,1.2713388562364305,0.017802214,0.236033672,0.0038709838530552325,1.2674678723833752,0.0,0.0,0.0,0.0,0.0,0.0,0.0,0.0,0.0,0.4288351461023269,0.0,0.0,1.5749999999999998e-09
4299.0,1.2123077212105273,0.001181994,0.248670644,0.0002570174523465546,1.3244651134775678,0.0,0.0,0.11241440971938708,0.0,0.0,0.0,0.0,0.0,0.0,0.4626560224677451,0.0,0.0,1.5749999999999998e-09
4300.0,1.1353736639500471,4.18e-07,0.242863079,9.089157396810797e-08,1.7453839127937285,0.0,0.0,0.6100103397352554,0.0,0.10117296874744838,0.0,0.0,0.0,0.0,0.0,0.0,0.0,1.575021454469746e-09
4301.0,1.0538648600850358,0.0,0.230407724,0.0,1.6558710220956125,0.0,0.0,0.6020061620105768,0.0,0.6501808963613499,0.0,0.0,0.0,0.0,0.0,0.0,0.0,1.5750429092317427e-09
4302.0,0.9984005135446335,0.0,0.224204479,0.0,1.6112901657764924,0.0,0.0,0.6128896522318589,0.0,1.191977585601753,0.0,0.0,0.0,0.0,0.0,0.0,0.0,1.5750643642859937e-09
4303.0,0.9418102817629753,0.0,0.21894823,0.0,1.573515084920179,0.0,0.0,0.6317048031572039,0.0,1.7435620358493484,0.0,0.0,0.0,0.0,0.0,0.0,0.0,1.5750858196325029e-09
4304.0,0.9060467141111436,1.21e-06,0.211508015,2.6310718780241786e-07,1.520044497203853,0.0,0.0,0.6139980461998972,0.0,2.312072608411848,0.0,0.0,0.0,0.0,0.0,0.0,0.0,1.5751072752712744e-09
4305.0,0.8828570228744111,0.000691613,0.194207024,0.0001503870673368542,1.3957074777971727,0.0,0.0,0.5130008419900987,0.0,2.864639355632306,0.0,0.0,0.0,0.0,0.0,0.0,0.0,1.575128731202312e-09
4306.0,0.8833465390227212,0.010233538,0.176530028,0.002225220995412545,1.2686682235311135,0.0,0.0,0.38754690550380494,0.0,3.3263010921654845,0.0,0.0,0.0,0.0,0.0,0.0,0.0,1.57515018742562e-09
4307.0,0.9180954740579913,0.053690472,0.1533439,0.011674668677441697,1.1020364943370016,0.0,0.0,0.1956156889564518,0.0,3.675047997243322,0.0,0.0,0.0,0.0,0.0,0.0,0.0,1.5751716439412022e-09
4308.0,0.9524928475594704,0.151873699,0.11023019,0.03302401805375279,0.7921912261113849,0.0,0.0,0.0,0.12727760339433264,3.851052056902825,0.0,0.0,0.0,0.0,0.0,0.0,0.0,0.0058610108709162756
4309.0,1.0154712594270006,0.296368149,0.085053854,0.0644434630062793,0.6112564705346033,0.0,0.0,0.0,0.339771325886118,3.723721995632689,0.0,0.0,0.0,0.0,0.0,0.0,0.0,0.005861090708935585
4310.0,1.0674867456040522,0.451754901,0.101735388,0.09823137320501625,0.7311416387709889,0.0,0.0,0.0,0.2381137336280471,3.383899946322663,0.0,0.0,0.0,0.0,0.0,0.0,0.0,0.005861170548042439
4311.0,1.1310837269045202,0.591776142,0.1132388,0.12867814589271426,0.8138132014050042,0.0,0.0,0.0,0.18859237960680175,3.1457401182247167,0.0,0.0,0.0,0.0,0.0,0.0,0.0,0.0058612503882368525
4312.0,1.1951702233533734,0.703194552,0.11052396,0.15290540583033146,0.7943024627562164,0.0,0.0,0.0,0.24796235476682568,2.9571048882897464,0.0,0.0,0.0,0.0,0.0,0.0,0.0,0.005861330229518841
4313.0,1.2446669291489165,0.773569898,0.111652444,0.16820809953006877,0.8024125378963126,0.0,0.0,0.0,0.27404629172253514,2.709102252727264,0.0,0.0,0.0,0.0,0.0,0.0,0.0,0.005861410071888416
4314.0,1.3096034036098376,0.794602227,0.116704953,0.1727814523698417,0.8387234006431591,0.0,0.0,0.0,0.29809855059683704,2.4350190584265734,0.0,0.0,0.0,0.0,0.0,0.0,0.0,0.005861489915345596
4315.0,1.3372343365016035,0.772606555,0.123848696,0.16799862641633392,0.8900633332532236,0.0,0.0,0.0,0.2791723768320459,2.1368873387306286,0.0,0.0,0.0,0.0,0.0,0.0,0.0,0.005861569759890394
4316.0,1.3815599765846311,0.702720224,0.12983011,0.15280226607316125,0.9330499568863664,0.0,0.0,0.0,0.2957077536251034,1.8576858538603205,0.0,0.0,0.0,0.0,0.0,0.0,0.0,0.005861649605522826
4317.0,1.3954733461601836,0.588104481,0.13120141,0.12787976539662022,0.9429050775966412,0.0,0.0,0.0,0.3246885031669222,1.5619527953958219,0.0,0.0,0.0,0.0,0.0,0.0,0.0,0.005861729452242905
4318.0,1.39642790129949,0.45534791,0.126190139,0.09901265129901525,0.906890579954331,0.0,0.0,0.0,0.39052467004614394,1.2372430157765064,0.0,0.0,0.0,0.0,0.0,0.0,0.0,0.0058618093000506475
4319.0,1.399536326291451,0.309507858,0.120843054,0.06730061332324799,0.8684626880830405,0.0,0.0,0.0,0.4637730248851626,0.8467014923771744,0.0,0.0,0.0,0.0,0.0,0.0,0.0,0.005861889148946068
4320.0,1.3561452148553612,0.171957446,0.132810382,0.03739110747003812,0.9544682754960452,0.0,0.0,0.0,0.3642858318892781,0.38291693397829324,0.0,0.0,0.0,0.0,0.0,0.0,0.0,0.00586196899892918
4321.0,1.3273327699100297,0.073116576,0.165711263,0.015898757597604757,1.1909170129928668,0.0,0.10189136692637549,0.0,0.018625632393182774,0.01862588610941559,0.0,0.0,0.0,0.0,0.0,0.0,0.0,0.005862048849999999
4322.0,1.2769616109449544,0.019154772,0.198989711,0.004165089416459913,1.2727965215284944,0.0,0.0,0.0,0.0,0.0,0.0,0.0,0.0,0.0,0.15728268944483473,0.0,0.0,1.5749999999999998e-09
4323.0,1.2304064487045188,0.001820858,0.220908738,0.0003959345684029214,1.230010514136116,0.0,0.0,0.0,0.0,0.0,0.0,0.0,0.0,0.0,0.35759415219838525,0.0,0.0,1.5749999999999998e-09
4324.0,1.1427608998251335,1.05e-06,0.232354395,2.283161547045774e-07,1.1427606715089789,0.0,0.0,0.0,0.0,0.0,0.0,0.0,0.0,0.0,0.5271004896431433,0.0,0.0,1.5749999999999998e-09
4325.0,1.0615346806866157,0.0,0.236147397,0.0,1.0615346806866157,0.0,0.0,0.0,0.0,0.0,0.0,0.0,0.0,0.0,0.635585645173677,0.0,0.0,1.5749999999999998e-09
4326.0,0.9937745907927381,0.0,0.233387661,0.0,0.9937745907927381,0.0,0.0,0.0,0.0,0.0,0.0,0.0,0.0,0.0,0.6835123423682973,0.0,0.0,1.5749999999999998e-09
4327.0,0.9374980933925697,0.0,0.224343491,0.0,0.9374980933925697,0.0,0.0,0.0,0.0,0.0,0.0,0.0,0.0,0.0,0.6747911098229782,0.0,0.0,1.5749999999999998e-09
4328.0,0.905670677419888,3.52e-06,0.215411771,7.654027281524882e-07,0.90566991201716,0.0,0.0,0.0,0.0,0.0,0.0,0.0,0.0,0.0,0.6424297055859202,0.0,0.0,1.5749999999999998e-09
4329.0,0.8860321998411588,0.00094956,0.201362482,0.00020647608367740816,1.0551816000668195,0.0,0.0,0.16935587630933804,0.0,0.0,0.0,0.0,0.0,0.0,0.39195000252237755,0.0,0.0,1.5749999999999998e-09
4330.0,0.8894143082297226,0.010104952,0.185963798,0.002197260746775552,1.3364658915125693,0.0,0.0,0.44924884402962234,0.0,0.15242028867840424,0.0,0.0,0.0,0.0,0.0,0.0,0.0,1.575021454469746e-09
4331.0,0.9137321095402218,0.045396364,0.160806353,0.009871165015285057,1.1556668998717157,0.0,0.0,0.2518059553467788,0.0,0.556742172081618,0.0,0.0,0.0,0.0,0.0,0.0,0.0,1.5750429092317427e-09
4332.0,0.9541104737815472,0.127687768,0.122762896,0.027764933516733516,0.8822600151848095,0.0,0.0,0.0,0.044085525080004274,0.7833599481188736,0.0,0.0,0.0,0.0,0.0,0.0,0.0,1.7500715158733263e-09
4333.0,1.0063195413854273,0.25784742,0.092590165,0.05606736327132967,0.6654176713040723,0.0,0.0,0.0,0.28483450681002537,0.7392637523446639,0.0,0.0,0.0,0.0,0.0,0.0,0.0,1.7500953551472252e-09
4334.0,1.0683278222862287,0.403594311,0.104096788,0.08775914395063174,0.7481123104294468,0.0,0.0,0.0,0.23245636790615015,0.45441917550558325,0.0,0.0,0.0,0.0,0.0,0.0,0.0,1.7501191947458603e-09
4335.0,1.1331419169601287,0.540717488,0.125036126,0.11757575013493188,0.8985970355685463,0.0,0.0,0.0,0.11696913125665051,0.2219566176377501,0.0,0.0,0.0,0.0,0.0,0.0,0.0,1.7501430346692358e-09
4336.0,1.1954795080698424,0.649758199,0.136509374,0.14128599379376341,0.9810518186057522,0.0,0.0,0.0,0.07314169567032666,0.10498446295464112,0.0,0.0,0.0,0.0,0.0,0.0,0.0,1.7501668749173558e-09
4337.0,1.249183824108628,0.719253495,0.1478186,0.15639732593926478,1.0623278248551358,0.0,0.0,0.0,0.030458673314227296,0.031841337217455426,0.0,0.0,0.0,0.0,0.0,0.0,0.0,1.7501907154902246e-09
4338.0,1.295952592268411,0.735549481,0.157879097,0.15994078961606442,1.1346295913105862,0.0,0.0,0.0,0.001382211341760254,0.0013822301700849617,0.0,0.0,0.0,0.0,0.0,0.0,0.0,1.7502145563878474e-09
4339.0,1.3367270196933603,0.709711173,0.165987305,0.1543224056859382,1.182404614007422,0.0,0.0,0.0,0.0,0.0,0.0,0.0,0.0,0.0,0.010496229825600585,0.0,0.0,1.5749999999999998e-09
4340.0,1.3670703143934633,0.642225078,0.174261681,0.13964796215600697,1.2274223522374565,0.0,0.0,0.0,0.0,0.0,0.0,0.0,0.0,0.0,0.024943943562460207,0.0,0.0,1.5749999999999998e-09
4341.0,1.3881639874223612,0.540991607,0.18035569,0.11763535565494282,1.2705286317674185,0.0,0.0,0.0,0.0,0.0,0.0,0.0,0.0,0.0,0.02563347407005542,0.0,0.0,1.5749999999999998e-09
4342.0,1.3951662862762253,0.424850584,0.185235748,0.09238119205988006,1.3027850942163453,0.0,0.0,0.0,0.0,0.0,0.0,0.0,0.0,0.0,0.028448520891997803,0.0,0.0,1.5749999999999998e-09
4343.0,1.381568876914598,0.295793536,0.19087716,0.06431851688189524,1.3172503600327026,0.0,0.0,0.0,0.0,0.0,0.0,0.0,0.0,0.0,0.054526386583256106,0.0,0.0,1.5749999999999998e-09
4344.0,1.3498215629116903,0.172626404,0.200751962,0.03753656834453227,1.3122849945671582,0.0,0.0,0.0,0.0,0.0,0.0,0.0,0.0,0.0,0.13045898438312892,0.0,0.0,1.5749999999999998e-09
4345.0,1.3121110588288691,0.075979601,0.229025448,0.016521305082198158,1.295589753746671,0.0,0.0,0.0,0.0,0.0,0.0,0.0,0.0,0.0,0.3503472664274685,0.0,0.0,1.5749999999999998e-09
4346.0,1.277820488287064,0.020912952,0.271611486,0.004547395032534668,1.2732730932545293,0.0,0.0,0.0,0.0,0.0,0.0,0.0,0.0,0.0,0.6787169751675178,0.0,0.0,1.5749999999999998e-09
4347.0,1.2225942248233233,0.001906644,0.296691166,0.0004145882156862422,1.222179636607637,0.0,0.0,0.0,0.0,0.0,0.0,0.0,0.0,0.0,0.9100505497864573,0.0,0.0,1.5749999999999998e-09
4348.0,1.1459538764518895,9.8e-07,0.294739943,2.1309507772427228e-07,1.1459536633568117,0.0,0.0,0.0,0.0,0.0,0.0,0.0,0.0,0.0,0.9722536701256914,0.0,0.0,1.5749999999999998e-09
4349.0,1.0678716826252743,0.0,0.274584298,0.0,1.0678716826252743,0.0,0.0,0.0,0.0,0.0,0.0,0.0,0.0,0.0,0.9054830916298903,0.0,0.0,1.5749999999999998e-09
4350.0,1.000747963824192,0.0,0.250734698,0.0,1.000747963824192,0.0,0.0,0.0,0.0,0.0,0.0,0.0,0.0,0.0,0.8012069074981544,0.0,0.0,1.5749999999999998e-09
4351.0,0.9474486112989973,0.0,0.23044854,0.0,0.9474486112989973,0.0,0.0,0.0,0.0,0.0,0.0,0.0,0.0,0.0,0.7087157431140588,0.0,0.0,1.5749999999999998e-09
4352.0,0.9109418705946208,3.36e-06,0.214913846,7.306116950546477e-07,0.9109411399829258,0.0,0.0,0.0,0.0,0.0,0.0,0.0,0.0,0.0,0.6335800403856587,0.0,0.0,1.5749999999999998e-09
4353.0,0.8910007837968789,0.000404614,0.198766535,8.798086916155991e-05,0.8909128029277175,0.0,0.0,0.0,0.0,0.0,0.0,0.0,0.0,0.0,0.5375625092491144,0.0,0.0,1.5749999999999998e-09
4354.0,0.8937709972500362,0.00606635,0.185592223,0.0013190911477067744,0.8924519061023294,0.0,0.0,0.0,0.0,0.0,0.0,0.0,0.0,0.0,0.44134358762863113,0.0,0.0,1.5749999999999998e-09
4355.0,0.9177950896714889,0.037922784,0.166686981,0.00824608020816407,0.9095490094633248,0.0,0.0,0.0,0.0,0.0,0.0,0.0,0.0,0.0,0.28838019536880993,0.0,0.0,1.5749999999999998e-09
4356.0,0.9544464594879157,0.124332708,0.133973442,0.027035395994825764,0.92741106349309,0.0,0.0,0.0,0.0,0.0,0.0,0.0,0.0,0.0,0.03541577445704431,0.0,0.0,1.5749999999999998e-09
4357.0,1.001958402700093,0.264582375,0.132224359,0.057531838535813826,0.9444265641642791,0.0,0.0,0.0,0.0,0.0,0.0,0.0,0.0,0.0,0.005830140264897217,0.0,0.0,1.5749999999999998e-09
4358.0,1.064189189850208,0.421005277,0.154098371,0.09154505329045283,0.9726441365597551,0.0,0.0,0.0,0.0,0.0,0.0,0.0,0.0,0.0,0.1348145139629109,0.0,0.0,1.5749999999999998e-09
4359.0,1.1309657977824448,0.565025509,0.153862256,0.12286138240464439,1.0081044153778005,0.0,0.0,0.0,0.0,0.0,0.0,0.0,0.0,0.0,0.0976573476465016,0.0,0.0,1.5749999999999998e-09
4360.0,1.1924489612150697,0.683865122,0.149817449,0.14870233808725403,1.0437466231278159,0.0,0.0,0.0,0.0,0.0,0.0,0.0,0.0,0.0,0.032946328378390136,0.0,0.0,1.5749999999999998e-09
4361.0,1.2449139125555444,0.759300936,0.155487016,0.16510539997248233,1.079808512583062,0.0,0.0,0.0,0.0,0.0,0.0,0.0,0.0,0.0,0.03762991194873377,0.0,0.0,1.5749999999999998e-09
4362.0,1.289577764177376,0.7823748,0.166816143,0.1701226722607265,1.1194550919166495,0.0,0.0,0.0,0.0,0.0,0.0,0.0,0.0,0.0,0.07940236136672169,0.0,0.0,1.5749999999999998e-09
4363.0,1.325290154681919,0.754167435,0.179749813,0.16398915120248986,1.161301003479429,0.0,0.0,0.0,0.0,0.0,0.0,0.0,0.0,0.0,0.13050684656384987,0.0,0.0,1.5749999999999998e-09
4364.0,1.3484108681114295,0.680051557,0.192465531,0.1478731014239055,1.2005377666875239,0.0,0.0,0.0,0.0,0.0,0.0,0.0,0.0,0.0,0.18265412463615746,0.0,0.0,1.5749999999999998e-09
4365.0,1.3609402428766961,0.57080027,0.199278249,0.12411706928641388,1.2368231735902822,0.0,0.0,0.0,0.0,0.0,0.0,0.0,0.0,0.0,0.19532967321729247,0.0,0.0,1.5749999999999998e-09
4366.0,1.3623398125144799,0.44317238,0.201430963,0.09636515587892931,1.2659746566355508,0.0,0.0,0.0,0.0,0.0,0.0,0.0,0.0,0.0,0.18164909830642115,0.0,0.0,1.5749999999999998e-09
4367.0,1.3469044945140474,0.303028347,0.204300635,0.06589168281288035,1.281012811701167,0.0,0.0,0.0,0.0,0.0,0.0,0.0,0.0,0.0,0.18723441291111498,0.0,0.0,1.5749999999999998e-09
4368.0,1.3148745967845705,0.173118365,0.222602414,0.037643542290993814,1.2772310544935768,0.0,0.0,0.0,0.0,0.0,0.0,0.0,0.0,0.0,0.3225455519153765,0.0,0.0,1.5749999999999998e-09
4369.0,1.2727406507067245,0.075046658,0.25712808,0.016318442264751917,1.2564222084419725,0.0,0.0,0.0,0.0,0.0,0.0,0.0,0.0,0.0,0.5914799766387776,0.0,0.0,1.5749999999999998e-09
4370.0,1.235145849913544,0.020492426,0.279036336,0.004455954195131529,1.2306898957184123,0.0,0.0,0.0,0.0,0.0,0.0,0.0,0.0,0.0,0.7746603367856626,0.0,0.0,1.5749999999999998e-09
4371.0,1.1827988286950695,0.001883801,0.267499546,0.0004096211433796549,1.18238920755169,0.0,0.0,0.0,0.0,0.0,0.0,0.0,0.0,0.0,0.7400495846701033,0.0,0.0,1.5749999999999998e-09
4372.0,1.1116610810775736,8.92e-07,0.243493963,1.9396000952046006e-07,1.111660887117564,0.0,0.0,0.0,0.0,0.0,0.0,0.0,0.0,0.0,0.6382569992590283,0.0,0.0,1.5749999999999998e-09
4373.0,1.0387455022985281,0.0,0.225884662,0.0,1.0387455022985281,0.0,0.0,0.0,0.0,0.0,0.0,0.0,0.0,0.0,0.5846196334191528,0.0,0.0,1.5749999999999998e-09
4374.0,0.9788243382756702,0.0,0.213465464,0.0,0.9788243382756702,0.0,0.0,0.0,0.0,0.0,0.0,0.0,0.0,0.0,0.5552877562294348,0.0,0.0,1.5749999999999998e-09
4375.0,0.9275052996687447,0.0,0.204368657,0.0,0.9275052996687447,0.0,0.0,0.0,0.0,0.0,0.0,0.0,0.0,0.0,0.5412307786013468,0.0,0.0,1.5749999999999998e-09
4376.0,0.8881704928664662,2.74e-06,0.193094649,5.957964418005163e-07,0.8881698970700244,0.0,0.0,0.0,0.0,0.0,0.0,0.0,0.0,0.0,0.4995432761256084,0.0,0.0,1.5749999999999998e-09
4377.0,0.8615185912713959,0.000908625,0.174143088,0.00019757501530328256,0.8613210162560927,0.0,0.0,0.0,0.0,0.0,0.0,0.0,0.0,0.0,0.3901929873171825,0.0,0.0,1.5749999999999998e-09
4378.0,0.8471980343496675,0.009455438,0.159034484,0.00205602785257861,0.8451420064970888,0.0,0.0,0.0,0.0,0.0,0.0,0.0,0.0,0.0,0.29779100372408035,0.0,0.0,1.5749999999999998e-09
4379.0,0.8418712143626248,0.045102432,0.142368031,0.00980725127815684,0.832063963084468,0.0,0.0,0.0,0.0,0.0,0.0,0.0,0.0,0.0,0.1910922615120211,0.0,0.0,1.5749999999999998e-09
4380.0,0.8544584407727116,0.131169073,0.121827958,0.028521922250975246,0.8259365185217363,0.0,0.0,0.0,0.0,0.0,0.0,0.0,0.0,0.0,0.049604378420075194,0.0,0.0,1.5749999999999998e-09
4381.0,0.8921578206929803,0.266745767,0.136242235,0.05800225505253635,0.834155565640444,0.0,0.0,0.0,0.0,0.0,0.0,0.0,0.0,0.0,0.1449764053087617,0.0,0.0,1.5749999999999998e-09
4382.0,0.9497738102536771,0.418138823,0.157643906,0.09092176019053136,0.8588520500631458,0.0,0.0,0.0,0.0,0.0,0.0,0.0,0.0,0.0,0.27408729425920286,0.0,0.0,1.5749999999999998e-09
4383.0,1.0149528174562803,0.560417911,0.168231573,0.12185948806389726,0.8930933293923831,0.0,0.0,0.0,0.0,0.0,0.0,0.0,0.0,0.0,0.3159363936400906,0.0,0.0,1.5749999999999998e-09
4384.0,1.076680739463023,0.672154034,0.172143765,0.14615583277338076,0.9305249066896422,0.0,0.0,0.0,0.0,0.0,0.0,0.0,0.0,0.0,0.3066205637371085,0.0,0.0,1.5749999999999998e-09
4385.0,1.1263309747005827,0.742208935,0.177541824,0.16138884764436157,0.9649421270562212,0.0,0.0,0.0,0.0,0.0,0.0,0.0,0.0,0.0,0.310997570050458,0.0,0.0,1.5749999999999998e-09
4386.0,1.1619721635653182,0.762463092,0.184399494,0.16579299168533565,0.9961791718799824,0.0,0.0,0.0,0.0,0.0,0.0,0.0,0.0,0.0,0.3290445372162185,0.0,0.0,1.5749999999999998e-09
4387.0,1.189916830838574,0.734751894,0.191169824,0.1597673591428431,1.030149471695731,0.0,0.0,0.0,0.0,0.0,0.0,0.0,0.0,0.0,0.34373056307566563,0.0,0.0,1.5749999999999998e-09
4388.0,1.2103652334446342,0.660943175,0.195023116,0.14371809923260437,1.0666471342120298,0.0,0.0,0.0,0.0,0.0,0.0,0.0,0.0,0.0,0.33492535136658363,0.0,0.0,1.5749999999999998e-09
4389.0,1.2264013212179963,0.548202363,0.195479862,0.11920329097154564,1.1071980302464506,0.0,0.0,0.0,0.0,0.0,0.0,0.0,0.0,0.0,0.2976569514773794,0.0,0.0,1.5749999999999998e-09
4390.0,1.2334725968791573,0.423986139,0.190242523,0.09219322371859093,1.1412793731605664,0.0,0.0,0.0,0.0,0.0,0.0,0.0,0.0,0.0,0.22593642819016455,0.0,0.0,1.5749999999999998e-09
4391.0,1.2277341388809933,0.290409965,0.18537761,0.0631478919016104,1.1645862469793828,0.0,0.0,0.0,0.0,0.0,0.0,0.0,0.0,0.0,0.16766688766093774,0.0,0.0,1.5749999999999998e-09
4392.0,1.2065091857351078,0.165092503,0.191961637,0.035898367100489444,1.1706108186346185,0.0,0.0,0.0,0.0,0.0,0.0,0.0,0.0,0.0,0.20895973804661913,0.0,0.0,1.5749999999999998e-09
4393.0,1.179670378210665,0.072029606,0.209729765,0.015662402539815008,1.1640079756708501,0.0,0.0,0.0,0.0,0.0,0.0,0.0,0.0,0.0,0.3432567735544087,0.0,0.0,1.5749999999999998e-09
4394.0,1.1572794878387114,0.019629616,0.229430347,0.0042683413747118554,1.3761429425118479,0.0,0.0,0.22313179604784839,0.0,0.0,0.0,0.0,0.0,0.0,0.2727039650104062,0.0,0.0,1.5749999999999998e-09
4395.0,1.1164894855862644,0.001638064,0.22957446,0.00035618711775237995,1.6498826043142907,0.0,0.0,0.5337493058457788,0.0,0.20081861644306356,0.0,0.0,0.0,0.0,0.0,0.0,0.0,1.575021454469746e-09
4396.0,1.057789885601784,6.06e-07,0.213903351,1.317710378580704e-07,1.5372590566887703,0.0,0.0,0.479469302858024,0.0,0.6811902562133169,0.0,0.0,0.0,0.0,0.0,0.0,0.0,1.5750429092317427e-09
4397.0,0.9967094598503141,0.0,0.195327578,0.0,1.4037605624120504,0.0,0.0,0.4070511025617362,0.0,1.1127033498162255,0.0,0.0,0.0,0.0,0.0,0.0,0.0,1.5750643642859937e-09
4398.0,0.9433633808427759,0.0,0.179538551,0.0,1.2902895735818962,0.0,0.0,0.34692619273912034,0.0,1.4790341852105682,0.0,0.0,0.0,0.0,0.0,0.0,0.0,1.5750858196325029e-09
4399.0,0.9008022219263104,0.0,0.168447893,0.0,1.2105843498187687,0.0,0.0,0.30978212789245835,0.0,1.7912476117158156,0.0,0.0,0.0,0.0,0.0,0.0,0.0,1.5751072752712744e-09
4400.0,0.866351446445032,3.94e-06,0.156238567,8.567291900343192e-07,1.1228395955555892,0.0,0.0,0.2564890058397472,0.0,2.0700271269814357,0.0,0.0,0.0,0.0,0.0,0.0,0.0,1.575128731202312e-09
4401.0,0.8417154590881728,0.001037856,0.14466585,0.00022567551529245136,1.0396699587285996,0.0,0.0,0.19818017515571923,0.0,2.3008390349486922,0.0,0.0,0.0,0.0,0.0,0.0,0.0,1.57515018742562e-09
4402.0,0.8287566456518514,0.010343602,0.131868359,0.002249153747080549,0.9476982394887125,0.0,0.0,0.12119074758394165,0.0,2.4791698512497575,0.0,0.0,0.0,0.0,0.0,0.0,0.0,1.5751716439412022e-09
4403.0,0.8210712502227733,0.043594158,0.116377598,0.009479286211565515,0.8363707987033121,0.0,0.0,0.02477883469210437,0.0,2.588207753567342,0.0,0.0,0.0,0.0,0.0,0.0,0.0,1.5751931007490627e-09
4404.0,0.8273437250191557,0.125103121,0.094826611,0.027202917645963307,0.681490336141826,0.0,0.0,0.0,0.11865047123136646,2.610473449000679,0.0,0.0,0.0,0.0,0.0,0.0,0.0,1.7502383976102281e-09
4405.0,0.8605573606346335,0.256526501,0.089076855,0.05578013741727614,0.6401685688883966,0.0,0.0,0.0,0.16460865432896082,2.491787418683132,0.0,0.0,0.0,0.0,0.0,0.0,0.0,1.7502622391573711e-09
4406.0,0.9159460548702822,0.403465826,0.10242267,0.08773120566383441,0.7360809278193365,0.0,0.0,0.0,0.09213392138711121,2.3271448219734903,0.0,0.0,0.0,0.0,0.0,0.0,0.0,1.750286081029281e-09
4407.0,0.977916509618707,0.540648482,0.107330912,0.11756074519724471,0.7713549870224586,0.0,0.0,0.0,0.08900077739900367,2.234979200917757,0.0,0.0,0.0,0.0,0.0,0.0,0.0,1.7503099232259622e-09
4408.0,1.0348783284265999,0.651110737,0.104324938,0.14158009500828897,0.7497519558681176,0.0,0.0,0.0,0.14354627755019336,2.1459479793025724,0.0,0.0,0.0,0.0,0.0,0.0,0.0,1.7503337657474187e-09
4409.0,1.0874456330617273,0.722492196,0.102768749,0.15710156189979607,0.7385680935163331,0.0,0.0,0.0,0.19177597764559803,2.0023724702927894,0.0,0.0,0.0,0.0,0.0,0.0,0.0,1.750357608593656e-09
4410.0,1.1500079562531902,0.74263015,0.102676143,0.161480438300651,0.737902562043646,0.0,0.0,0.0,0.25062495590889317,1.8105692169301129,0.0,0.0,0.0,0.0,0.0,0.0,0.0,1.7503814517646773e-09
4411.0,1.1594978838337175,0.719623706,0.105102045,0.15647782608397842,0.7553367901784798,0.0,0.0,0.0,0.24768326757125939,1.5599195979905174,0.0,0.0,0.0,0.0,0.0,0.0,0.0,1.7504052952604874e-09
4412.0,1.182284837389295,0.652045933,0.108030194,0.14178344772697002,0.7763805164620579,0.0,0.0,0.0,0.2641208732002671,1.3122150816624703,0.0,0.0,0.0,0.0,0.0,0.0,0.0,1.7504291390810913e-09
4413.0,1.1979582374664641,0.549257598,0.110988039,0.11943274544536438,0.7976376589671867,0.0,0.0,0.0,0.28088783305391296,1.0480763338620256,0.0,0.0,0.0,0.0,0.0,0.0,0.0,1.7504529832264928e-09
4414.0,1.207252359787577,0.427206223,0.114535538,0.09289341152497733,0.8231324674442375,0.0,0.0,0.0,0.29122648081836233,0.7671742242267156,0.0,0.0,0.0,0.0,0.0,0.0,0.0,1.7504768276966966e-09
4415.0,1.2036944706321178,0.292507772,0.120918058,0.06360404735642215,0.86900171927516,0.0,0.0,0.0,0.27108870400053553,0.4759372931912232,0.0,0.0,0.0,0.0,0.0,0.0,0.0,1.750500672491707e-09
4416.0,1.1848214184307366,0.165975983,0.133760543,0.03609047448749744,0.961296796862045,0.0,0.0,0.0,0.18743414708119396,0.20484210611566098,0.0,0.0,0.0,0.0,0.0,0.0,0.0,1.7505245176115285e-09
4417.0,1.1608551776541038,0.071354794,0.156947513,0.015515668748397384,1.1279345772569431,0.0,0.0,0.0,0.017404931648763184,0.017405168736750163,0.0,0.0,0.0,0.0,0.0,0.0,0.0,1.7505483630561654e-09
4418.0,1.1386489683790124,0.020066351,0.192593638,0.004363306761211764,1.1342856616178008,0.0,0.0,0.0,0.0,0.0,0.0,0.0,0.0,0.0,0.24982689618938622,0.0,0.0,1.5749999999999998e-09
4419.0,1.1028787262296493,0.001805655,0.220728404,0.00039262876792675594,1.1024860974617225,0.0,0.0,0.0,0.0,0.0,0.0,0.0,0.0,0.0,0.48382256264644824,0.0,0.0,1.5749999999999998e-09
4420.0,1.0502847206046224,6.38e-07,0.228574104,1.3872924447763847e-07,1.0502845818753779,0.0,0.0,0.0,0.0,0.0,0.0,0.0,0.0,0.0,0.5924087647030069,0.0,0.0,1.5749999999999998e-09
4421.0,0.9897761378037471,0.0,0.225375801,0.0,0.9897761378037471,0.0,0.0,0.0,0.0,0.0,0.0,0.0,0.0,0.0,0.6299319669362109,0.0,0.0,1.5749999999999998e-09
4422.0,0.9367994209899331,0.0,0.216080589,0.0,0.9367994209899331,0.0,0.0,0.0,0.0,0.0,0.0,0.0,0.0,0.0,0.6161067904461556,0.0,0.0,1.5749999999999998e-09
4423.0,0.8798309266845842,0.0,0.202584584,0.0,0.8798309266845842,0.0,0.0,0.0,0.0,0.0,0.0,0.0,0.0,0.0,0.5760835554570581,0.0,0.0,1.5749999999999998e-09
4424.0,0.8485397523426309,3.42e-06,0.192471418,7.436583324663379e-07,0.8485390086842983,0.0,0.0,0.0,0.0,0.0,0.0,0.0,0.0,0.0,0.5346951907379912,0.0,0.0,1.5749999999999998e-09
4425.0,0.88273686991975,0.000658073,0.178385767,0.00014309399702371942,0.8825937759227264,0.0,0.0,0.0,0.0,0.0,0.0,0.0,0.0,0.0,0.3994110857267893,0.0,0.0,1.5749999999999998e-09
4426.0,0.7513019215881407,0.007623394,0.163761357,0.0016576609560742357,0.7496442606320666,0.0,0.0,0.0,0.0,0.0,0.0,0.0,0.0,0.0,0.42725936433214906,0.0,0.0,1.5749999999999998e-09
4427.0,0.8570306231340195,0.042400825,0.14409072,0.00921980316219211,0.8478108199718273,0.0,0.0,0.0,0.0,0.0,0.0,0.0,0.0,0.0,0.187725852405062,0.0,0.0,1.5749999999999998e-09
4428.0,0.7524500581542756,0.128376869,0.113971634,0.027914774364850736,0.7585037506249643,0.0,0.0,0.03396846683553951,0.0,0.0,0.0,0.0,0.0,0.0,0.060576108353578614,0.0,0.0,1.5749999999999998e-09
4429.0,0.8369271065642939,0.261816305,0.104416999,0.05693037333005794,0.7504135705897019,0.0,0.0,0.0,0.029583162644534058,0.030571620151985557,0.0,0.0,0.0,0.0,0.0,0.0,0.0,1.7500238382997177e-09
4430.0,0.9460979929760671,0.407527024,0.119177893,0.08861428862655243,0.8564956767383004,0.0,0.0,0.0,0.0009880276112142334,0.000988041070013277,0.0,0.0,0.0,0.0,0.0,0.0,0.0,1.7500476769241584e-09
4431.0,0.9057797052120722,0.537247777,0.12632761,0.11682128244592603,0.8120124106893248,0.0,0.0,0.02305398792317876,0.0,0.0,0.0,0.0,0.0,0.0,0.09586613200048498,0.0,0.0,1.5749999999999998e-09
4432.0,1.0691733496333506,0.644157326,0.126394175,0.14006811780676467,0.9083569253267816,0.0,0.0,0.0,0.02074830649980432,0.020748589130860886,0.0,0.0,0.0,0.0,0.0,0.0,0.0,1.7500238382997177e-09
4433.0,1.0120223990636503,0.712066534,0.129781234,0.15483456470161547,0.8571878343620348,0.0,0.0,0.0,0.0,0.0,0.0,0.0,0.0,0.0,0.0755108654107638,0.0,0.0,1.5749999999999998e-09
4434.0,1.1054642585859447,0.732237993,0.136937554,0.15922072656224506,0.9462435320236995,0.0,0.0,0.0,0.0,0.0,0.0,0.0,0.0,0.0,0.03788548747589465,0.0,0.0,1.5749999999999998e-09
4435.0,1.1342967290237198,0.706029872,0.144725306,0.1535219290301,0.9807747999936197,0.0,0.0,0.0,0.0,0.0,0.0,0.0,0.0,0.0,0.059322451126834354,0.0,0.0,1.5749999999999998e-09
4436.0,1.156089075455179,0.638883508,0.152566952,0.13892135795307728,1.0171677175021017,0.0,0.0,0.0,0.0,0.0,0.0,0.0,0.0,0.0,0.07928508520972168,0.0,0.0,1.5749999999999998e-09
4437.0,1.2394802886089036,0.53614998,0.159667774,0.11658257312241535,1.1228977154864883,0.0,0.0,0.0,0.0,0.0,0.0,0.0,0.0,0.0,0.024586559515990723,0.0,0.0,1.5749999999999998e-09
4438.0,1.1099878280431872,0.414669114,0.166718124,0.09016729293641339,1.019820535106774,0.0,0.0,0.0,0.0,0.0,0.0,0.0,0.0,0.0,0.17833248510075636,0.0,0.0,1.5749999999999998e-09
4439.0,1.2358623229761136,0.281955708,0.174462947,0.061309564807206354,1.1745527581689075,0.0,0.0,0.0,0.0,0.0,0.0,0.0,0.0,0.0,0.0792599758464795,0.0,0.0,1.5749999999999998e-09
4440.0,1.0641647146927438,0.157506662,0.193134254,0.03424887181732723,1.0299158428754165,0.0,0.0,0.0,0.0,0.0,0.0,0.0,0.0,0.0,0.3580819595448428,0.0,0.0,1.5749999999999998e-09
4441.0,1.10084278549907,0.066217015,0.237771794,0.014398489753157453,1.0864442957459126,0.0,0.0,0.0,0.0,0.0,0.0,0.0,0.0,0.0,0.6223500828500386,0.0,0.0,1.5749999999999998e-09
4442.0,1.1446522104437378,0.017276704,0.291248179,0.0037567148792849447,1.1408954955644528,0.0,0.0,0.0,0.0,0.0,0.0,0.0,0.0,0.0,0.9522175801248669,0.0,0.0,1.5749999999999998e-09
4443.0,0.9641522198201505,0.001504785,0.318858706,0.0003272064046258358,0.9638250134155246,0.0,0.0,0.0,0.0,0.0,0.0,0.0,0.0,0.0,1.3277166165356673,0.0,0.0,1.5749999999999998e-09
4444.0,1.0691777992983718,5e-07,0.322507891,1.0872197843075115e-07,1.0691776905763932,0.0,0.0,0.0,0.0,0.0,0.0,0.0,0.0,0.0,1.2485895345539169,0.0,0.0,1.5749999999999998e-09
4445.0,0.8774144995977284,0.0,0.312279298,0.0,0.8774144995977284,0.0,0.0,0.0,0.0,0.0,0.0,0.0,0.0,0.0,1.366842903676479,0.0,0.0,1.5749999999999998e-09
4446.0,0.9632154653407773,0.0,0.296546724,0.0,0.9632154653407774,0.0,0.0,0.0,0.0,0.0,0.0,0.0,0.0,0.0,1.1679766598372199,0.0,0.0,1.5749999999999998e-09
4447.0,0.7918783179212404,0.0,0.286143393,0.0,0.7918783179212403,0.0,0.0,0.0,0.0,0.0,0.0,0.0,0.0,0.0,1.2645481959434448,0.0,0.0,1.5749999999999998e-09
4448.0,0.8290948561907304,2.76e-06,0.274055433,6.001453209377463e-07,0.8290942560454095,0.0,0.0,0.0,0.0,0.0,0.0,0.0,0.0,0.0,1.1404597244998158,0.0,0.0,1.5749999999999998e-09
4449.0,0.809885817283056,0.00081908,0.25738207,0.0001781039961861193,0.8097077132868699,0.0,0.0,0.0,0.0,0.0,0.0,0.0,0.0,0.0,1.040019821541713,0.0,0.0,1.5749999999999998e-09
4450.0,0.8515702991974036,0.009114715,0.235614588,0.0019819396952648885,0.8495883595021386,0.0,0.0,0.0,0.0,0.0,0.0,0.0,0.0,0.0,0.8437028283062903,0.0,0.0,1.5749999999999998e-09
4451.0,0.7340531701063676,0.044909005,0.210197266,0.009765191745912992,0.7242879783604546,0.0,0.0,0.0,0.0,0.0,0.0,0.0,0.0,0.0,0.7863365599606796,0.0,0.0,1.5749999999999998e-09
4452.0,0.8432440830105089,0.129359075,0.180052746,0.02812834912394384,0.8151157338865651,0.0,0.0,0.0,0.0,0.0,0.0,0.0,0.0,0.0,0.47886920452696546,0.0,0.0,1.5749999999999998e-09
4453.0,0.7785367912962826,0.259905158,0.202215517,0.05651480596423395,0.7220219853320485,0.0,0.0,0.0,0.0,0.0,0.0,0.0,0.0,0.0,0.7312401232697563,0.0,0.0,1.5749999999999998e-09
4454.0,0.8886711341772533,0.404856957,0.23999419,0.0880336986929871,0.8006374354842662,0.0,0.0,0.0,0.0,0.0,0.0,0.0,0.0,0.0,0.9241286348246815,0.0,0.0,1.5749999999999998e-09
4455.0,1.0065865502844988,0.533818619,0.247001358,0.11607563276170275,0.890510917522796,0.0,0.0,0.0,0.0,0.0,0.0,0.0,0.0,0.0,0.8846135619432843,0.0,0.0,1.5749999999999998e-09
4456.0,0.9706383015358049,0.634827477,0.252983542,0.13803939852328437,0.8325989030125205,0.0,0.0,0.0,0.0,0.0,0.0,0.0,0.0,0.0,0.9855177338451411,0.0,0.0,1.5749999999999998e-09
4457.0,1.1358565036009765,0.695530512,0.268170576,0.15123890664718664,0.9846175969537899,0.0,0.0,0.0,0.0,0.0,0.0,0.0,0.0,0.0,0.9426436860797994,0.0,0.0,1.5749999999999998e-09
4458.0,1.0809217241937716,0.703666761,0.285919439,0.15300808482375708,0.9279136393700145,0.0,0.0,0.0,0.0,0.0,0.0,0.0,0.0,0.0,1.1269033844461407,0.0,0.0,1.5749999999999998e-09
4459.0,1.2346452096026814,0.671461675,0.301893201,0.14600528349285208,1.0886399261098294,0.0,0.0,0.0,0.0,0.0,0.0,0.0,0.0,0.0,1.0809757214263018,0.0,0.0,1.5749999999999998e-09
4460.0,1.148461531670921,0.598052376,0.313129943,0.13004287504786297,1.0184186566230582,0.0,0.0,0.0,0.0,0.0,0.0,0.0,0.0,0.0,1.2319520764525,0.0,0.0,1.5749999999999998e-09
4461.0,1.2297433776217481,0.493556637,0.317163248,0.10732090808453616,1.1224224695372118,0.0,0.0,0.0,0.0,0.0,0.0,0.0,0.0,0.0,1.1569344136414277,0.0,0.0,1.5749999999999998e-09
4462.0,1.3034911337529285,0.378837112,0.319036649,0.08237584063926412,1.2211152931136644,0.0,0.0,0.0,0.0,0.0,0.0,0.0,0.0,0.0,1.071705159665901,0.0,0.0,1.5749999999999998e-09
4463.0,1.1718181023446579,0.256556206,0.321251501,0.055786596590014705,1.1160315057546433,0.0,0.0,0.0,0.0,0.0,0.0,0.0,0.0,0.0,1.1927064222786183,0.0,0.0,1.5749999999999998e-09
4464.0,1.2804772232830914,0.144144299,0.333761706,0.03134330673358749,1.2491339165495041,0.0,0.0,0.0,0.0,0.0,0.0,0.0,0.0,0.0,1.1495110926368866,0.0,0.0,1.5749999999999998e-09
4465.0,1.1210553308609044,0.062167047,0.363865304,0.013517848686074987,1.1075374821748294,0.0,0.0,0.0,0.0,0.0,0.0,0.0,0.0,0.0,1.5074530328115985,0.0,0.0,1.5749999999999998e-09
4466.0,1.1709147233527155,0.017512933,0.385368309,0.0038080814477703803,1.1671066419049454,0.0,0.0,0.0,0.0,0.0,0.0,0.0,0.0,0.0,1.6024195034385498,0.0,0.0,1.5749999999999998e-09
4467.0,1.1316333195301609,0.001409394,0.389384423,0.0003064642081368602,1.131326855322024,0.0,0.0,0.0,0.0,0.0,0.0,0.0,0.0,0.0,1.6670618935773847,0.0,0.0,1.5749999999999998e-09
4468.0,1.0653506774112553,3.58e-07,0.381149941,7.784493655641784e-08,1.0653505995663188,0.0,0.0,0.0,0.0,0.0,0.0,0.0,0.0,0.0,1.6738594035469117,0.0,0.0,1.5749999999999998e-09
4469.0,1.0661272269511555,0.0,0.371321573,0.0,1.0661272269511555,0.0,0.0,0.0,0.0,0.0,0.0,0.0,0.0,0.0,1.602449251021695,0.0,0.0,1.5749999999999998e-09
4470.0,0.8752561800800528,0.0,0.351978855,0.0,0.8752561800800527,0.0,0.0,0.0,0.0,0.0,0.0,0.0,0.0,0.0,1.654310000543707,0.0,0.0,1.5749999999999998e-09
4471.0,0.9659656523015664,0.0,0.334955541,0.0,0.9659656523015664,0.0,0.0,0.0,0.0,0.0,0.0,0.0,0.0,0.0,1.441259090008977,0.0,0.0,1.5749999999999998e-09
4472.0,0.8712933294108525,2.04e-06,0.316406067,4.435856719974647e-07,0.8712928858251804,0.0,0.0,0.0,0.0,0.0,0.0,0.0,0.0,0.0,1.4026223652127703,0.0,0.0,1.5749999999999998e-09
4473.0,0.8038558752283559,0.000721315,0.29711563,0.00015684558774355456,0.8036990296406124,0.0,0.0,0.0,0.0,0.0,0.0,0.0,0.0,0.0,1.3315816518728332,0.0,0.0,1.5749999999999998e-09
4474.0,0.8698759591131358,0.008196854,0.283019825,0.0017823563675760327,0.8680936027455597,0.0,0.0,0.0,0.0,0.0,0.0,0.0,0.0,0.0,1.1658847672507144,0.0,0.0,1.5749999999999998e-09
4475.0,0.9496002553192168,0.042054128,0.263048164,0.009144415994680098,0.9404558393245367,0.0,0.0,0.0,0.0,0.0,0.0,0.0,0.0,0.0,0.9499922091230675,0.0,0.0,1.5749999999999998e-09
4476.0,0.8973133095781481,0.12466656,0.246823933,0.02710799009471189,0.8702053194834363,0.0,0.0,0.0,0.0,0.0,0.0,0.0,0.0,0.0,0.9036440598644929,0.0,0.0,1.5749999999999998e-09
4477.0,1.0556627177389535,0.258033634,0.284307753,0.05610785438031268,0.9995548633586409,0.0,0.0,0.0,0.0,0.0,0.0,0.0,0.0,0.0,1.0436794578562891,0.0,0.0,1.5749999999999998e-09
4478.0,1.0172379654260735,0.408036681,0.317895691,0.08872511046127458,0.928512854964799,0.0,0.0,0.0,0.0,0.0,0.0,0.0,0.0,0.0,1.3561078757879643,0.0,0.0,1.5749999999999998e-09
4479.0,1.1946651323775654,0.544962882,0.32177898,0.11849888540472799,1.0761662469728375,0.0,0.0,0.0,0.0,0.0,0.0,0.0,0.0,0.0,1.2363625140051737,0.0,0.0,1.5749999999999998e-09
4480.0,1.1496652950493655,0.649480546,0.320641136,0.14122561982680898,1.0084396752225566,0.0,0.0,0.0,0.0,0.0,0.0,0.0,0.0,0.0,1.2959117431101825,0.0,0.0,1.5749999999999998e-09
4481.0,1.268177030264595,0.713068869,0.322369025,0.15505251639011625,1.1131245138744787,0.0,0.0,0.0,0.0,0.0,0.0,0.0,0.0,0.0,1.2036447230748695,0.0,0.0,1.5749999999999998e-09
4482.0,1.3941360788321657,0.728617745,0.325228903,0.15843352551230508,1.2357025533198607,0.0,0.0,0.0,0.0,0.0,0.0,0.0,0.0,0.0,1.101619766767138,0.0,0.0,1.5749999999999998e-09
4483.0,1.2958858402936244,0.697012978,0.32632816,0.15156125992013925,1.1443245803734854,0.0,0.0,0.0,0.0,0.0,0.0,0.0,0.0,0.0,1.2008977691940166,0.0,0.0,1.5749999999999998e-09
4484.0,1.4565559967441641,0.621759639,0.324929198,0.13519787612093925,1.3213581206232248,0.0,0.0,0.0,0.0,0.0,0.0,0.0,0.0,0.0,1.0138103097587687,0.0,0.0,1.5749999999999998e-09
4485.0,1.3310708894974053,0.512429598,0.320737508,0.11142471940206897,1.2196461700953365,0.0,0.0,0.0,0.0,0.0,0.0,0.0,0.0,0.0,1.085397844819544,0.0,0.0,1.5749999999999998e-09
4486.0,1.4047919436387613,0.396866438,0.31365302,0.08629620862425008,1.3184957350145112,0.0,0.0,0.0,0.0,0.0,0.0,0.0,0.0,0.0,0.935634195155606,0.0,0.0,1.5749999999999998e-09
4487.0,1.3876677967765196,0.27115304,0.305750859,0.058960589932625214,1.3287072068438943,0.0,0.0,0.0,0.0,0.0,0.0,0.0,0.0,0.0,0.868632268628471,0.0,0.0,1.5749999999999998e-09
4488.0,1.3560139357382983,0.154732187,0.302803425,0.03364557899511391,1.3223683567431843,0.0,0.0,0.0,0.0,0.0,0.0,0.0,0.0,0.0,0.8537887969501621,0.0,0.0,1.5749999999999998e-09
4489.0,1.3980499781865126,0.069560897,0.308843971,0.015125596686515405,1.382924381499997,0.0,0.0,0.0,0.0,0.0,0.0,0.0,0.0,0.0,0.8366443597277827,0.0,0.0,1.5749999999999998e-09
4490.0,1.2146106698402532,0.018820524,0.3198118,0.004092409208766869,1.2105182606314864,0.0,0.0,0.0,0.0,0.0,0.0,0.0,0.0,0.0,1.087872969274667,0.0,0.0,1.5749999999999998e-09
4491.0,1.3111342523646843,0.001417743,0.32303829,0.0003082796477326969,1.3108259727169516,0.0,0.0,0.0,0.0,0.0,0.0,0.0,0.0,0.0,1.0107530705199794,0.0,0.0,1.5749999999999998e-09
4492.0,1.0761734226547797,2.68e-07,0.314460392,5.827498043888262e-08,1.0761733643797993,0.0,0.0,0.0,0.0,0.0,0.0,0.0,0.0,0.0,1.1837589055541153,0.0,0.0,1.5749999999999998e-09
4493.0,1.0730293973428773,0.0,0.299765664,0.0,1.0730293973428773,0.0,0.0,0.0,0.0,0.0,0.0,0.0,0.0,0.0,1.0812962815864018,0.0,0.0,1.5749999999999998e-09
4494.0,1.0825482517457397,0.0,0.284106344,0.0,1.0825482517457397,0.0,0.0,0.0,0.0,0.0,0.0,0.0,0.0,0.0,0.9592386035557244,0.0,0.0,1.5749999999999998e-09
4495.0,0.8918707863014654,0.0,0.272441743,0.0,0.8918707863014654,0.0,0.0,0.0,0.0,0.0,0.0,0.0,0.0,0.0,1.0660860894971957,0.0,0.0,1.5749999999999998e-09
4496.0,0.9285243819503273,1.77e-06,0.264516192,3.848758036448591e-07,0.9285239970745237,0.0,0.0,0.0,0.0,0.0,0.0,0.0,0.0,0.0,0.9724743271304378,0.0,0.0,1.5749999999999998e-09
4497.0,0.9683108777486146,0.000699715,0.252052603,0.00015214879827534606,0.9681587289503393,0.0,0.0,0.0,0.0,0.0,0.0,0.0,0.0,0.0,0.8432675292747088,0.0,0.0,1.5749999999999998e-09
4498.0,0.8615519677587515,0.009335108,0.235364498,0.002029862821249465,0.859522104937502,0.0,0.0,0.0,0.0,0.0,0.0,0.0,0.0,0.0,0.8319717612502511,0.0,0.0,1.5749999999999998e-09
4499.0,0.9495001268570744,0.047576533,0.209116021,0.01034522958927184,0.9391548972678027,0.0,0.0,0.0,0.0,0.0,0.0,0.0,0.0,0.0,0.5636990584000968,0.0,0.0,1.5749999999999998e-09
4500.0,0.9942819076009813,0.130643708,0.189320833,0.028407684806578706,0.9658742227944026,0.0,0.0,0.0,0.0,0.0,0.0,0.0,0.0,0.0,0.3947176697052722,0.0,0.0,1.5749999999999998e-09
4501.0,1.044826621500517,0.258120164,0.213470426,0.0561266698058999,0.9886999516946172,0.0,0.0,0.0,0.0,0.0,0.0,0.0,0.0,0.0,0.5454478032122703,0.0,0.0,1.5749999999999998e-09
4502.0,1.1592331007670815,0.402765687,0.244698178,0.08757896466932133,1.0716541360977603,0.0,0.0,0.0,0.0,0.0,0.0,0.0,0.0,0.0,0.6869180813414177,0.0,0.0,1.5749999999999998e-09
4503.0,1.114311140576145,0.537719692,0.256996369,0.11692389751082832,0.9973872430653167,0.0,0.0,0.0,0.0,0.0,0.0,0.0,0.0,0.0,0.8495683746677554,0.0,0.0,1.5749999999999998e-09
4504.0,1.2941725352744262,0.643263977,0.253734078,0.13987386446534644,1.1542986708090799,0.0,0.0,0.0,0.0,0.0,0.0,0.0,0.0,0.0,0.6692118425726148,0.0,0.0,1.5749999999999998e-09
4505.0,1.2184667175497799,0.703515652,0.248585363,0.15297522708487968,1.0654914904649002,0.0,0.0,0.0,0.0,0.0,0.0,0.0,0.0,0.0,0.7210167565798857,0.0,0.0,1.5749999999999998e-09
4506.0,1.3205618786353706,0.714016002,0.244376138,0.15525846473731036,1.1653034138980602,0.0,0.0,0.0,0.0,0.0,0.0,0.0,0.0,0.0,0.590954398907896,0.0,0.0,1.5749999999999998e-09
4507.0,1.412877851916484,0.680179139,0.242235068,0.14790084335880982,1.2649770085576741,0.0,0.0,0.0,0.0,0.0,0.0,0.0,0.0,0.0,0.4758935780401963,0.0,0.0,1.5749999999999998e-09
4508.0,1.2907214500785653,0.608018811,0.241555455,0.13221001611006594,1.1585114339684994,0.0,0.0,0.0,0.0,0.0,0.0,0.0,0.0,0.0,0.5774749783777322,0.0,0.0,1.5749999999999998e-09
4509.0,1.4324384523579496,0.503929093,0.23738413,0.109576335959548,1.3228621163984016,0.0,0.0,0.0,0.0,0.0,0.0,0.0,0.0,0.0,0.3831462376113699,0.0,0.0,1.5749999999999998e-09
4510.0,1.2907125497485985,0.385953601,0.227844012,0.08392327816638546,1.2067892715822128,0.0,0.0,0.0,0.0,0.0,0.0,0.0,0.0,0.0,0.43065712335203415,0.0,0.0,1.5749999999999998e-09
4511.0,1.4149605181294818,0.259773521,0.216912976,0.05648618229408457,1.3584743358353972,0.0,0.0,0.0,0.0,0.0,0.0,0.0,0.0,0.0,0.2004139906467527,0.0,0.0,1.5749999999999998e-09
4512.0,1.2373864972334288,0.144508292,0.211622127,0.031422454811777384,1.2059640424216513,0.0,0.0,0.0,0.0,0.0,0.0,0.0,0.0,0.0,0.3149005434094099,0.0,0.0,1.5749999999999998e-09
4513.0,1.2828268983951605,0.061239714,0.216574523,0.013316205729226739,1.2695106926659336,0.0,0.0,0.0,0.0,0.0,0.0,0.0,0.0,0.0,0.2869452738878601,0.0,0.0,1.5749999999999998e-09
4514.0,1.3355544069698362,0.015735237,0.229440241,0.003421532195433515,1.3321328747744026,0.0,0.0,0.0,0.0,0.0,0.0,0.0,0.0,0.0,0.3167851379504382,0.0,0.0,1.5749999999999998e-09
4515.0,1.128531570035656,0.001208783,0.234630221,0.00026284255850691737,1.1282687274771492,0.0,0.0,0.0,0.0,0.0,0.0,0.0,0.0,0.0,0.557948110730017,0.0,0.0,1.5749999999999998e-09
4516.0,1.2020657192475641,2.16e-07,0.226705867,4.6967894682084504e-08,1.2020656722796694,0.0,0.0,0.0,0.0,0.0,0.0,0.0,0.0,0.0,0.4272012168128247,0.0,0.0,1.5749999999999998e-09
4517.0,0.9817347311758569,0.0,0.216454025,0.0,0.9817347311758569,0.0,0.0,0.0,0.0,0.0,0.0,0.0,0.0,0.0,0.573855252489184,0.0,0.0,1.5749999999999998e-09
4518.0,0.9988655535355546,0.0,0.203859717,0.0,0.9988655535355546,0.0,0.0,0.0,0.0,0.0,0.0,0.0,0.0,0.0,0.4662129260075719,0.0,0.0,1.5749999999999998e-09
4519.0,0.953678810277982,0.0,0.190905719,0.0,0.953678810277982,0.0,0.0,0.0,0.0,0.0,0.0,0.0,0.0,0.0,0.4183031812824563,0.0,0.0,1.5749999999999998e-09
4520.0,0.9797566430900224,1.08e-06,0.179711839,2.348394734104225e-07,0.9797564082505491,0.0,0.0,0.0,0.0,0.0,0.0,0.0,0.0,0.0,0.31177853407461426,0.0,0.0,1.5749999999999998e-09
4521.0,0.8423763053384328,0.000493728,0.166831478,0.00010735816993331583,0.8422689471684994,0.0,0.0,0.0,0.0,0.0,0.0,0.0,0.0,0.0,0.35669871414819204,0.0,0.0,1.5749999999999998e-09
4522.0,0.9637339063115727,0.006994181,0.153946549,0.0015208423916455392,1.0687823444590623,0.0,0.0,0.10656928053913495,0.0,0.0,0.0,0.0,0.0,0.0,0.03758520700688721,0.0,0.0,1.5749999999999998e-09
4523.0,0.8863147835677281,0.040026657,0.13874411,0.00870355467801815,0.9971121941877525,0.0,0.0,0.11950096529804273,0.0,0.09591235248522145,0.0,0.0,0.0,0.0,0.0,0.0,0.0,1.575021454469746e-09
4524.0,1.0306551443557845,0.12044431,0.114245466,0.02618988734785341,0.82104780721331,0.0,0.0,0.0,0.1834174497946211,0.20346191476416806,0.0,0.0,0.0,0.0,0.0,0.0,0.0,1.7500476769241584e-09
4525.0,0.9735931960858244,0.250221474,0.125112043,0.05440914739827753,0.8991426282171002,0.0,0.0,0.0,0.020041420470446655,0.020041693472382625,0.0,0.0,0.0,0.0,0.0,0.0,0.0,1.7500715158733263e-09
4526.0,1.0786321265589578,0.39832772,0.152998805,0.08661395556442057,0.9920181709945373,0.0,0.0,0.0,0.0,0.0,0.0,0.0,0.0,0.0,0.10753822935755042,0.0,0.0,1.5749999999999998e-09
4527.0,1.1945561035854568,0.534755624,0.164402711,0.11627937883650176,1.078276724748955,0.0,0.0,0.0,0.0,0.0,0.0,0.0,0.0,0.0,0.10323611853949122,0.0,0.0,1.5749999999999998e-09
4528.0,1.1393565411116158,0.641362169,0.170811344,0.13946032780863557,0.9998962133029802,0.0,0.0,0.0,0.0,0.0,0.0,0.0,0.0,0.0,0.22767354809445142,0.0,0.0,1.5749999999999998e-09
4529.0,1.3061612187439433,0.708935715,0.181225146,0.1541537870300383,1.152007431713905,0.0,0.0,0.0,0.0,0.0,0.0,0.0,0.0,0.0,0.15040319292490528,0.0,0.0,1.5749999999999998e-09
4530.0,1.2217442478111802,0.728526696,0.193717294,0.1584137274574768,1.0633305203537033,0.0,0.0,0.0,0.0,0.0,0.0,0.0,0.0,0.0,0.32885741520949974,0.0,0.0,1.5749999999999998e-09
4531.0,1.3130633891356651,0.701030866,0.205438412,0.1524349253850856,1.1606284637505793,0.0,0.0,0.0,0.0,0.0,0.0,0.0,0.0,0.0,0.3157956219981238,0.0,0.0,1.5749999999999998e-09
4532.0,1.3287434647102903,0.629909852,0.21274792,0.13697009068492333,1.1917733740253669,0.0,0.0,0.0,0.0,0.0,0.0,0.0,0.0,0.0,0.3371819475380525,0.0,0.0,1.5749999999999998e-09
4533.0,1.3327752931867123,0.524462633,0.211431991,0.11404123014552191,1.2187340630411905,0.0,0.0,0.0,0.0,0.0,0.0,0.0,0.0,0.0,0.3007640725372869,0.0,0.0,1.5749999999999998e-09
4534.0,1.3975115117232735,0.404492805,0.202649643,0.08795451604120808,1.3095569956820654,0.0,0.0,0.0,0.0,0.0,0.0,0.0,0.0,0.0,0.14682504592744652,0.0,0.0,1.5749999999999998e-09
4535.0,1.246869750316425,0.275577202,0.194050776,0.05992259722370152,1.1869471530927236,0.0,0.0,0.0,0.0,0.0,0.0,0.0,0.0,0.0,0.20763741731675953,0.0,0.0,1.5749999999999998e-09
4536.0,1.3619660006557348,0.154771429,0.193942113,0.03365411193086907,1.3283118887248657,0.0,0.0,0.0,0.0,0.0,0.0,0.0,0.0,0.0,0.06549175338173657,0.0,0.0,1.5749999999999998e-09
4537.0,1.1938863580051549,0.065987236,0.203775108,0.014348525698193773,1.179537832306961,0.0,0.0,0.0,0.0,0.0,0.0,0.0,0.0,0.0,0.2849325877975483,0.0,0.0,1.5749999999999998e-09
4538.0,1.2435966707199702,0.016758235,0.212536437,0.0036439769284149185,1.2399526937915553,0.0,0.0,0.0,0.0,0.0,0.0,0.0,0.0,0.0,0.28748276304994264,0.0,0.0,1.5749999999999998e-09
4539.0,1.2645790901242486,0.001230338,0.217942757,0.00026752956299706706,1.2643115605612514,0.0,0.0,0.0,0.0,0.0,0.0,0.0,0.0,0.0,0.3019774922828523,0.0,0.0,1.5749999999999998e-09
4540.0,1.0454852429182664,1.59e-07,0.219234959,3.457358914097887e-08,1.0454852083446773,0.0,0.0,0.0,0.0,0.0,0.0,0.0,0.0,0.0,0.5300905116707668,0.0,0.0,1.5749999999999998e-09
4541.0,1.1186967564187935,0.0,0.220876279,0.0,1.1186967564187935,0.0,0.0,0.0,0.0,0.0,0.0,0.0,0.0,0.0,0.4686746368440715,0.0,0.0,1.5749999999999998e-09
4542.0,0.9192747612790468,0.0,0.218286793,0.0,0.9192747612790468,0.0,0.0,0.0,0.0,0.0,0.0,0.0,0.0,0.0,0.6494867748354429,0.0,0.0,1.5749999999999998e-09
4543.0,1.0110878694167873,0.0,0.212756407,0.0,1.0110878694167873,0.0,0.0,0.0,0.0,0.0,0.0,0.0,0.0,0.0,0.5179284456633447,0.0,0.0,1.5749999999999998e-09
4544.0,0.9060956654259972,1.97e-06,0.207741916,4.283645950171596e-07,0.9060952370614023,0.0,0.0,0.0,0.0,0.0,0.0,0.0,0.0,0.0,0.5868834392047669,0.0,0.0,1.5749999999999998e-09
4545.0,0.8356877418659833,0.000575484,0.196988468,0.0001251355180704848,0.8355626063479128,0.0,0.0,0.0,0.0,0.0,0.0,0.0,0.0,0.0,0.5801342730162913,0.0,0.0,1.5749999999999998e-09
4546.0,0.9034389304299697,0.007428898,0.183885488,0.0016153689762405006,0.9018235614537292,0.0,0.0,0.0,0.0,0.0,0.0,0.0,0.0,0.0,0.419706141097,0.0,0.0,1.5749999999999998e-09
4547.0,0.9871216286401546,0.044775771,0.167695268,0.009736220817764506,0.9773854078223901,0.0,0.0,0.0,0.0,0.0,0.0,0.0,0.0,0.0,0.22779005245756861,0.0,0.0,1.5749999999999998e-09
4548.0,0.9239563108432519,0.137858427,0.141322015,0.02997648185358257,0.8939798289896694,0.0,0.0,0.0,0.0,0.0,0.0,0.0,0.0,0.0,0.12165899318220129,0.0,0.0,1.5749999999999998e-09
4549.0,1.0752188675154735,0.283792384,0.156994338,0.0617089389041189,1.0135099286113547,0.0,0.0,0.0,0.0,0.0,0.0,0.0,0.0,0.0,0.11476116583895153,0.0,0.0,1.5749999999999998e-09
4550.0,1.0285257506605188,0.445444076,0.194976809,0.09685912244595576,0.931666628214563,0.0,0.0,0.0,0.0,0.0,0.0,0.0,0.0,0.0,0.46957306288091016,0.0,0.0,1.5749999999999998e-09
4551.0,1.1425317170784384,0.591598887,0.221775183,0.12863960286414078,1.0138921142142978,0.0,0.0,0.0,0.0,0.0,0.0,0.0,0.0,0.0,0.5799394317700353,0.0,0.0,1.5749999999999998e-09
4552.0,1.2019010636431455,0.702747174,0.223430723,0.15280812618779865,1.0490929374553468,0.0,0.0,0.0,0.0,0.0,0.0,0.0,0.0,0.0,0.5566364766400402,0.0,0.0,1.5749999999999998e-09
4553.0,1.2522321706234087,0.768969348,0.221826251,0.1672077377343296,1.085024432889079,0.0,0.0,0.0,0.0,0.0,0.0,0.0,0.0,0.0,0.5091741234536236,0.0,0.0,1.5749999999999998e-09
4554.0,1.3604084509109886,0.783032116,0.222483959,0.17026560165267488,1.1901428492583137,0.0,0.0,0.0,0.0,0.0,0.0,0.0,0.0,0.0,0.40878245668849705,0.0,0.0,1.5749999999999998e-09
4555.0,1.2652621876993873,0.748519882,0.224139641,0.16276112493158482,1.1025010627678025,0.0,0.0,0.0,0.0,0.0,0.0,0.0,0.0,0.0,0.5083231318013589,0.0,0.0,1.5749999999999998e-09
4556.0,1.4183048003656689,0.669042082,0.223810042,0.14547915761693772,1.2728256427487312,0.0,0.0,0.0,0.0,0.0,0.0,0.0,0.0,0.0,0.33562982292741916,0.0,0.0,1.5749999999999998e-09
4557.0,1.3015397456570688,0.553819107,0.222211075,0.12042461801158375,1.1811151276454852,0.0,0.0,0.0,0.0,0.0,0.0,0.0,0.0,0.0,0.4158490430574675,0.0,0.0,1.5749999999999998e-09
4558.0,1.369671422577181,0.424712077,0.220275428,0.09235107454974706,1.277320348027434,0.0,0.0,0.0,0.0,0.0,0.0,0.0,0.0,0.0,0.305732909791772,0.0,0.0,1.5749999999999998e-09
4559.0,1.421493327327404,0.285018291,0.218776451,0.06197550497294311,1.3595178223544608,0.0,0.0,0.0,0.0,0.0,0.0,0.0,0.0,0.0,0.21276273855165137,0.0,0.0,1.5749999999999998e-09
4560.0,1.2567023391007768,0.1542767,0.222935852,0.03354653609953493,1.223155803001242,0.0,0.0,0.0,0.0,0.0,0.0,0.0,0.0,0.0,0.37901712203922316,0.0,0.0,1.5749999999999998e-09
4561.0,1.3576983149350865,0.061461582,0.240618494,0.013364449585047688,1.3443338653500387,0.0,0.0,0.0,0.0,0.0,0.0,0.0,0.0,0.0,0.38491889006056956,0.0,0.0,1.5749999999999998e-09
4562.0,1.1917458391474123,0.014237332,0.267944078,0.0030958218052308866,1.1886500173421815,0.0,0.0,0.0,0.0,0.0,0.0,0.0,0.0,0.0,0.7369834926799326,0.0,0.0,1.5749999999999998e-09
4563.0,1.272978733783386,0.000907612,0.286990738,0.00019735474457498184,1.272781379038811,0.0,0.0,0.0,0.0,0.0,0.0,0.0,0.0,0.0,0.7897347485196303,0.0,0.0,1.5749999999999998e-09
4564.0,1.0612609962900885,1.08e-07,0.287954326,2.3483947341042252e-08,1.061260972806141,0.0,0.0,0.0,0.0,0.0,0.0,0.0,0.0,0.0,1.0081801719294112,0.0,0.0,1.5749999999999998e-09
4565.0,1.053321942956851,0.0,0.277373818,0.0,1.053321942956851,0.0,0.0,0.0,0.0,0.0,0.0,0.0,0.0,0.0,0.9400802726486571,0.0,0.0,1.5749999999999998e-09
4566.0,1.0662829822256077,0.0,0.260618619,0.0,1.0662829822256077,0.0,0.0,0.0,0.0,0.0,0.0,0.0,0.0,0.0,0.806704656941719,0.0,0.0,1.5749999999999998e-09
4567.0,0.8831996840782357,0.0,0.240717506,0.0,0.8831996840782357,0.0,0.0,0.0,0.0,0.0,0.0,0.0,0.0,0.0,0.8467646408005898,0.0,0.0,1.5749999999999998e-09
4568.0,0.9147178163343733,1.25e-06,0.221642488,2.7180494607687796e-07,0.9147175445294272,0.0,0.0,0.0,0.0,0.0,0.0,0.0,0.0,0.0,0.678160362395145,0.0,0.0,1.5749999999999998e-09
4569.0,0.9510265259469001,0.000682992,0.199698941,0.00014851248298475118,0.9508780134639153,0.0,0.0,0.0,0.0,0.0,0.0,0.0,0.0,0.0,0.48429822023336033,0.0,0.0,1.5749999999999998e-09
4570.0,0.8452421965887869,0.00967245,0.181211436,0.002103215800545038,0.8431389807882418,0.0,0.0,0.0,0.0,0.0,0.0,0.0,0.0,0.0,0.4591731142035636,0.0,0.0,1.5749999999999998e-09
4571.0,0.9257764188221239,0.052234557,0.161650522,0.011358088758987684,0.9681036822425502,0.0,0.0,0.05368535217941399,0.0,0.0,0.0,0.0,0.0,0.0,0.193630006366037,0.0,0.0,1.5749999999999998e-09
4572.0,1.017489398497722,0.148991407,0.130348568,0.03239728107644253,0.9367759586169926,0.0,0.0,0.0,0.04831615880428699,0.04831681696147259,0.0,0.0,0.0,0.0,0.0,0.0,0.0,1.7500238382997177e-09
4573.0,0.9654716874881601,0.293232758,0.132799737,0.06376169118093135,0.9017099963072288,0.0,0.0,0.0,0.0,0.0,0.0,0.0,0.0,0.0,0.05268177677507702,0.0,0.0,1.5749999999999998e-09
4574.0,1.1340274952921379,0.451682629,0.176840353,0.09821565809536595,1.035811837196772,0.0,0.0,0.0,0.0,0.0,0.0,0.0,0.0,0.0,0.23508659878560376,0.0,0.0,1.5749999999999998e-09
4575.0,1.0948061679469139,0.593644232,0.208626975,0.1290843507740877,0.9657218171728261,0.0,0.0,0.0,0.0,0.0,0.0,0.0,0.0,0.0,0.5336175119634046,0.0,0.0,1.5749999999999998e-09
4576.0,1.2724714179750674,0.702409803,0.222417865,0.15273476690262835,1.119736651072439,0.0,0.0,0.0,0.0,0.0,0.0,0.0,0.0,0.0,0.4787136571727566,0.0,0.0,1.5749999999999998e-09
4577.0,1.2043553168823777,0.768762085,0.229110058,0.16716266964749857,1.0371926472348791,0.0,0.0,0.0,0.0,0.0,0.0,0.0,0.0,0.0,0.6093524395645766,0.0,0.0,1.5749999999999998e-09
4578.0,1.3079857763878362,0.786583655,0.233742961,0.17103786234578283,1.1369479140420533,0.0,0.0,0.0,0.0,0.0,0.0,0.0,0.0,0.0,0.5428924533699563,0.0,0.0,1.5749999999999998e-09
4579.0,1.4090218042069576,0.754487651,0.23805637,0.16405878023658024,1.2449630239703773,0.0,0.0,0.0,0.0,0.0,0.0,0.0,0.0,0.0,0.4658765167573081,0.0,0.0,1.5749999999999998e-09
4580.0,1.2997062876832095,0.675631639,0.240504552,0.14691201696498213,1.1527942707182273,0.0,0.0,0.0,0.0,0.0,0.0,0.0,0.0,0.0,0.575639617804049,0.0,0.0,1.5749999999999998e-09
4581.0,1.4467501089497117,0.558536594,0.239524847,0.12145040705130643,1.3252997018984052,0.0,0.0,0.0,0.0,0.0,0.0,0.0,0.0,0.0,0.3960933414146099,0.0,0.0,1.5749999999999998e-09
4582.0,1.3151861073334745,0.424432763,0.236729251,0.09229033940838023,1.2228957679250945,0.0,0.0,0.0,0.0,0.0,0.0,0.0,0.0,0.0,0.47840616765280664,0.0,0.0,1.5749999999999998e-09
4583.0,1.3615966394619354,0.281262048,0.23479927,0.06115873263208979,1.3004379068298457,0.0,0.0,0.0,0.0,0.0,0.0,0.0,0.0,0.0,0.38699383570237816,0.0,0.0,1.5749999999999998e-09
4584.0,1.3243044478877675,0.151328839,0.243075879,0.03290554153941723,1.2913989063483504,0.0,0.0,0.0,0.0,0.0,0.0,0.0,0.0,0.0,0.4555143360502397,0.0,0.0,1.5749999999999998e-09
4585.0,1.278354505085282,0.060675004,0.269433264,0.01319341295234748,1.2651610921329346,0.0,0.0,0.0,0.0,0.0,0.0,0.0,0.0,0.0,0.6711747498297117,0.0,0.0,1.5749999999999998e-09
4586.0,1.3128764832062925,0.014079609,0.294757099,0.00306152589202282,1.3098149573142697,0.0,0.0,0.0,0.0,0.0,0.0,0.0,0.0,0.0,0.8085156711809263,0.0,0.0,1.5749999999999998e-09
4587.0,1.1404401505354742,0.000934998,0.298182564,0.00020330966477759095,1.1402368408706964,0.0,0.0,0.0,0.0,0.0,0.0,0.0,0.0,0.0,1.002711574442717,0.0,0.0,1.5749999999999998e-09
4588.0,1.1873201733198016,6.28e-08,0.284531591,1.3655480490902348e-08,1.187320159664321,0.0,0.0,0.0,0.0,0.0,0.0,0.0,0.0,0.0,0.8575228179420232,0.0,0.0,1.5749999999999998e-09
4589.0,0.9801771814311108,0.0,0.267893682,0.0,0.9801771814311108,0.0,0.0,0.0,0.0,0.0,0.0,0.0,0.0,0.0,0.945094147694544,0.0,0.0,1.5749999999999998e-09
4590.0,0.9846562502384454,0.0,0.252567825,0.0,0.9846562502384454,0.0,0.0,0.0,0.0,0.0,0.0,0.0,0.0,0.0,0.8304727535583883,0.0,0.0,1.5749999999999998e-09
4591.0,1.0087226184772957,0.0,0.239046225,0.0,1.0087226184772957,0.0,0.0,0.0,0.0,0.0,0.0,0.0,0.0,0.0,0.7092307124572511,0.0,0.0,1.5749999999999998e-09
4592.0,0.8970018000291688,1.09e-06,0.2258473,2.370139129790375e-07,0.8970015630152559,0.0,0.0,0.0,0.0,0.0,0.0,0.0,0.0,0.0,0.7260950632442632,0.0,0.0,1.5749999999999998e-09
4593.0,0.8161916685667939,0.000791579,0.210440394,0.00017212406992847114,0.8160195444968654,0.0,0.0,0.0,0.0,0.0,0.0,0.0,0.0,0.0,0.6963522816446202,0.0,0.0,1.5749999999999998e-09
4594.0,0.9178907674686857,0.009897061,0.195080451,0.002152056105139657,0.915738711363546,0.0,0.0,0.0,0.0,0.0,0.0,0.0,0.0,0.0,0.4862458236177684,0.0,0.0,1.5749999999999998e-09
4595.0,0.8101127751972403,0.049536215,0.175111635,0.010771350597542105,0.7993414245996983,0.0,0.0,0.0,0.0,0.0,0.0,0.0,0.0,0.0,0.4591332349923726,0.0,0.0,1.5749999999999998e-09
4596.0,0.9266419716616896,0.142731375,0.140300946,0.03103607494828291,0.8956058967134066,0.0,0.0,0.0,0.0,0.0,0.0,0.0,0.0,0.0,0.11269480962055883,0.0,0.0,1.5749999999999998e-09
4597.0,0.8757034194110406,0.28698127,0.133450384,0.06240234289393916,0.8133010765171014,0.0,0.0,0.0,0.0,0.0,0.0,0.0,0.0,0.0,0.14576670088576024,0.0,0.0,1.5749999999999998e-09
4598.0,0.9944265367130316,0.447249666,0.181812607,0.09725173708002531,0.8971747996330064,0.0,0.0,0.0,0.0,0.0,0.0,0.0,0.0,0.0,0.40945773054622436,0.0,0.0,1.5749999999999998e-09
4599.0,1.1234984589376598,0.594663128,0.215404611,0.12930590355195803,0.9941925553857016,0.0,0.0,0.0,0.0,0.0,0.0,0.0,0.0,0.0,0.5538556054505984,0.0,0.0,1.5749999999999998e-09
4600.0,1.0935712539135487,0.707499618,0.227522291,0.1538415164159214,0.9397297374976273,0.0,0.0,0.0,0.0,0.0,0.0,0.0,0.0,0.0,0.6954045453604655,0.0,0.0,1.5749999999999998e-09
4601.0,1.2583889431300757,0.77457927,0.238902759,0.16842758137169397,1.0899613617583817,0.0,0.0,0.0,0.0,0.0,0.0,0.0,0.0,0.0,0.6269609221785568,0.0,0.0,1.5749999999999998e-09
4602.0,1.1925446400121913,0.794177206,0.25313263,0.17268903412185244,1.019855605890339,0.0,0.0,0.0,0.0,0.0,0.0,0.0,0.0,0.0,0.7993324815882326,0.0,0.0,1.5749999999999998e-09
4603.0,1.2820970753376033,0.765805897,0.266377704,0.1665198644315521,1.1155772109060513,0.0,0.0,0.0,0.0,0.0,0.0,0.0,0.0,0.0,0.7987992402322036,0.0,0.0,1.5749999999999998e-09
4604.0,1.3680982970050124,0.690732754,0.274355323,0.1501956631636027,1.2179026338414096,0.0,0.0,0.0,0.0,0.0,0.0,0.0,0.0,0.0,0.7538065659481853,0.0,0.0,1.5749999999999998e-09
4605.0,1.262538700728573,0.576529134,0.274726203,0.12536277614289532,1.1371759245856778,0.0,0.0,0.0,0.0,0.0,0.0,0.0,0.0,0.0,0.8371986782295332,0.0,0.0,1.5749999999999998e-09
4606.0,1.3926252555697627,0.4397826,0.270032313,0.09562806870283934,1.2969971868669234,0.0,0.0,0.0,0.0,0.0,0.0,0.0,0.0,0.0,0.6436438401072957,0.0,0.0,1.5749999999999998e-09
4607.0,1.2543749143136618,0.293252714,0.26295587,0.06376603049253449,1.1906088838211275,0.0,0.0,0.0,0.0,0.0,0.0,0.0,0.0,0.0,0.6991758754039624,0.0,0.0,1.5749999999999998e-09
4608.0,1.3548301978522972,0.157772162,0.26129014,0.03430660318787396,1.3205235946644232,0.0,0.0,0.0,0.0,0.0,0.0,0.0,0.0,0.0,0.5572900639840418,0.0,0.0,1.5749999999999998e-09
4609.0,1.1859384033420264,0.06132439,0.269939304,0.013334618013717943,1.1726037853283084,0.0,0.0,0.0,0.0,0.0,0.0,0.0,0.0,0.0,0.7673688139334169,0.0,0.0,1.5749999999999998e-09
4610.0,1.22570487364787,0.013067155,0.290294169,0.002841373888122564,1.2228634997597474,0.0,0.0,0.0,0.0,0.0,0.0,0.0,0.0,0.0,0.8633933929580786,0.0,0.0,1.5749999999999998e-09
4611.0,1.2428379208400782,0.00067403,0.304693535,0.00014656375024335843,1.2426913570898348,0.0,0.0,0.0,0.0,0.0,0.0,0.0,0.0,0.0,0.9470494487625564,0.0,0.0,1.5749999999999998e-09
4612.0,1.0577008823021186,3.76e-08,0.305439163,8.175892777992486e-09,1.0577008741262257,0.0,0.0,0.0,0.0,0.0,0.0,0.0,0.0,0.0,1.1373985359301768,0.0,0.0,1.5749999999999998e-09
4613.0,1.1093692576103245,0.0,0.297390795,0.0,1.1093692576103245,0.0,0.0,0.0,0.0,0.0,0.0,0.0,0.0,0.0,1.027888952008016,0.0,0.0,1.5749999999999998e-09
4614.0,0.9143551296381052,0.0,0.283932933,0.0,0.9143551296381053,0.0,0.0,0.0,0.0,0.0,0.0,0.0,0.0,0.0,1.1261854729560816,0.0,0.0,1.5749999999999998e-09
4615.0,0.9967762118251008,0.0,0.26762139,0.0,0.9967762118251008,0.0,0.0,0.0,0.0,0.0,0.0,0.0,0.0,0.0,0.9265382365826641,0.0,0.0,1.5749999999999998e-09
4616.0,0.8330176568749682,8.46e-07,0.252887163,1.8395758750483097e-07,0.8330174729173807,0.0,0.0,0.0,0.0,0.0,0.0,0.0,0.0,0.0,0.9844065170512445,0.0,0.0,1.5749999999999998e-09
4617.0,0.8688680019940301,0.000697618,0.23427613,0.0001516928182978075,0.8687163091757323,0.0,0.0,0.0,0.0,0.0,0.0,0.0,0.0,0.0,0.8149557834998785,0.0,0.0,1.5749999999999998e-09
4618.0,0.8541602822186444,0.008463364,0.219857644,0.0018403073565191916,0.8523199748621253,0.0,0.0,0.0,0.0,0.0,0.0,0.0,0.0,0.0,0.7277307949888598,0.0,0.0,1.5749999999999998e-09
4619.0,0.8983123673672119,0.044975834,0.200915211,0.009779723308106088,0.8885326440591058,0.0,0.0,0.0,0.0,0.0,0.0,0.0,0.0,0.0,0.5553845563604671,0.0,0.0,1.5749999999999998e-09
4620.0,0.8037980235835358,0.140253488,0.152772074,0.030497273394347237,0.7733007501891884,0.0,0.0,0.0,0.0,0.0,0.0,0.0,0.0,0.0,0.3246262026504939,0.0,0.0,1.5749999999999998e-09
4621.0,0.9454460470557736,0.28879981,0.125850259,0.06279777342725006,0.8826482736285234,0.0,0.0,0.0,0.0,0.0,0.0,0.0,0.0,0.0,0.021799690977591674,0.0,0.0,1.5749999999999998e-09
4622.0,0.9194193913910219,0.451711319,0.16227598,0.09822189656248831,0.8211974948285337,0.0,0.0,0.0,0.0,0.0,0.0,0.0,0.0,0.0,0.34503117233267283,0.0,0.0,1.5749999999999998e-09
4623.0,1.0460415100414384,0.599839928,0.195981251,0.13043156742783865,0.9156099426135998,0.0,0.0,0.0,0.0,0.0,0.0,0.0,0.0,0.0,0.49284837107100027,0.0,0.0,1.5749999999999998e-09
4624.0,1.16692072102867,0.715111274,0.205056781,0.15549662501482994,1.0114240960138403,0.0,0.0,0.0,0.0,0.0,0.0,0.0,0.0,0.0,0.46225732250538515,0.0,0.0,1.5749999999999998e-09
4625.0,1.1329349855383126,0.787888228,0.216665485,0.1713215338609175,0.9616134516773953,0.0,0.0,0.0,0.0,0.0,0.0,0.0,0.0,0.0,0.5954962314154839,0.0,0.0,1.5749999999999998e-09
4626.0,1.2931579036577894,0.811820095,0.233456047,0.17652537371648072,1.1166325299413087,0.0,0.0,0.0,0.0,0.0,0.0,0.0,0.0,0.0,0.5611458728360711,0.0,0.0,1.5749999999999998e-09
4627.0,1.225555793870874,0.783377206,0.250445753,0.17034063938774824,1.0552151544831256,0.0,0.0,0.0,0.0,0.0,0.0,0.0,0.0,0.0,0.7446631560183716,0.0,0.0,1.5749999999999998e-09
4628.0,1.3720433480142042,0.706758706,0.260846686,0.1536804095789552,1.218362938435249,0.0,0.0,0.0,0.0,0.0,0.0,0.0,0.0,0.0,0.656263749674709,0.0,0.0,1.5749999999999998e-09
4629.0,1.2795315684737518,0.590387222,0.26236903,0.1283761336321502,1.1511554348416015,0.0,0.0,0.0,0.0,0.0,0.0,0.0,0.0,0.0,0.7344118817833152,0.0,0.0,1.5749999999999998e-09
4630.0,1.3493409480932714,0.451845484,0.257962264,0.09825106993096065,1.2510898781623108,0.0,0.0,0.0,0.0,0.0,0.0,0.0,0.0,0.0,0.6028073364630906,0.0,0.0,1.5749999999999998e-09
4631.0,1.416914131057852,0.302956651,0.246523027,0.06587609295094922,1.3510380381069025,0.0,0.0,0.0,0.0,0.0,0.0,0.0,0.0,0.0,0.4206488203101975,0.0,0.0,1.5749999999999998e-09
4632.0,1.271387807551284,0.164616263,0.234421851,0.03579481159047372,1.2355929959608105,0.0,0.0,0.0,0.0,0.0,0.0,0.0,0.0,0.0,0.44912634971926463,0.0,0.0,1.5749999999999998e-09
4633.0,1.3745465525682903,0.064013602,0.244291102,0.01391937091183738,1.3606271816564528,0.0,0.0,0.0,0.0,0.0,0.0,0.0,0.0,0.0,0.3950195029902976,0.0,0.0,1.5749999999999998e-09
4634.0,1.2123366470329373,0.014708231,0.274056733,0.0031982159470730115,1.2091384310858642,0.0,0.0,0.0,0.0,0.0,0.0,0.0,0.0,0.0,0.7604248921684134,0.0,0.0,1.5749999999999998e-09
4635.0,1.2342335715915598,0.00084732,0.294878572,0.00018424461352788815,1.234049326978032,0.0,0.0,0.0,0.0,0.0,0.0,0.0,0.0,0.0,0.8851542914377061,0.0,0.0,1.5749999999999998e-09
4636.0,1.1566497932432966,4.38e-08,0.300126674,9.524045310533802e-09,1.1566497837192513,0.0,0.0,0.0,0.0,0.0,0.0,0.0,0.0,0.0,1.000270365513839,0.0,0.0,1.5749999999999998e-09
4637.0,1.0755882287092728,0.0,0.294386753,0.0,1.0755882287092728,0.0,0.0,0.0,0.0,0.0,0.0,0.0,0.0,0.0,1.0400808344577182,0.0,0.0,1.5749999999999998e-09
4638.0,1.084739946750846,0.0,0.284676171,0.0,1.084739946750846,0.0,0.0,0.0,0.0,0.0,0.0,0.0,0.0,0.0,0.9611420838360943,0.0,0.0,1.5749999999999998e-09
4639.0,0.904026349207987,0.0,0.274914213,0.0,0.904026349207987,0.0,0.0,0.0,0.0,0.0,0.0,0.0,0.0,0.0,1.0716994249371583,0.0,0.0,1.5749999999999998e-09
4640.0,0.9351884702653124,8.3e-07,0.267201963,1.804784841950469e-07,0.9351882897868281,0.0,0.0,0.0,0.0,0.0,0.0,0.0,0.0,0.0,0.9851118629058134,0.0,0.0,1.5749999999999998e-09
4641.0,0.9713213991109436,0.000596402,0.248899509,0.0001296840107601137,0.9711917151001834,0.0,0.0,0.0,0.0,0.0,0.0,0.0,0.0,0.0,0.8175742047737792,0.0,0.0,1.5749999999999998e-09
4642.0,0.8684585888154189,0.007277082,0.230662821,0.0015823575044856151,0.8668762313109334,0.0,0.0,0.0,0.0,0.0,0.0,0.0,0.0,0.0,0.7908280962086045,0.0,0.0,1.5749999999999998e-09
4643.0,0.9539235678521747,0.04152139,0.206544196,0.009028575335989613,0.944894992516185,0.0,0.0,0.0,0.0,0.0,0.0,0.0,0.0,0.0,0.5394760302991636,0.0,0.0,1.5749999999999998e-09
4644.0,1.050805387407853,0.131189269,0.155077744,0.02852631374912802,1.0652653310077018,0.0,0.0,0.04298625734897689,0.0,0.0,0.0,0.0,0.0,0.0,0.049231778740067504,0.0,0.0,1.5749999999999998e-09
4645.0,1.0093945898900327,0.27129122,0.128604349,0.05899063633858433,0.9242407812012885,0.0,0.0,0.0,0.026163172350159913,0.0386876316140792,0.0,0.0,0.0,0.0,0.0,0.0,0.0,1.7500238382997177e-09
4646.0,1.1833684468131536,0.427023796,0.149998059,0.09285374387625897,1.077990941261535,0.0,0.0,0.0,0.012523761675359497,0.012523932272607735,0.0,0.0,0.0,0.0,0.0,0.0,0.0,1.7500476769241584e-09
4647.0,1.1536815486982896,0.572132496,0.170147149,0.12440675377928766,1.029274794919002,0.0,0.0,0.0,0.0,0.0,0.0,0.0,0.0,0.0,0.19352159675615063,0.0,0.0,1.5749999999999998e-09
4648.0,1.2816075591892933,0.688024705,0.180349068,0.14960681427366787,1.1320007449156253,0.0,0.0,0.0,0.0,0.0,0.0,0.0,0.0,0.0,0.16411377059927612,0.0,0.0,1.5749999999999998e-09
4649.0,1.346746514407085,0.760226415,0.192463366,0.16530663978823457,1.1814398746188504,0.0,0.0,0.0,0.0,0.0,0.0,0.0,0.0,0.0,0.20173645750090943,0.0,0.0,1.5749999999999998e-09
4650.0,1.400564308903,0.781354448,0.206601681,0.16990080288445494,1.230663506018545,0.0,0.0,0.0,0.0,0.0,0.0,0.0,0.0,0.0,0.254120644204395,0.0,0.0,1.5749999999999998e-09
4651.0,1.5090209480846386,0.75432572,0.219914659,0.16402356931920167,1.344997378765437,0.0,0.0,0.0,0.0,0.0,0.0,0.0,0.0,0.0,0.23546314074448244,0.0,0.0,1.5749999999999998e-09
4652.0,1.3988332032238688,0.684084734,0.228349862,0.1487500913895083,1.2500831118343605,0.0,0.0,0.0,0.0,0.0,0.0,0.0,0.0,0.0,0.39099867492610424,0.0,0.0,1.5749999999999998e-09
4653.0,1.5581149161990264,0.578755296,0.22868594,0.12584684161679,1.4322680745822363,0.0,0.0,0.0,0.0,0.0,0.0,0.0,0.0,0.0,0.21122900369581615,0.0,0.0,1.5749999999999998e-09
4654.0,1.419332782977218,0.448061727,0.220102369,0.09742831483707823,1.32190446814014,0.0,0.0,0.0,0.0,0.0,0.0,0.0,0.0,0.0,0.25990506668993213,0.0,0.0,1.5749999999999998e-09
4655.0,1.481599172447124,0.304519856,0.20971136,0.0662160024315349,1.4153831700155892,0.0,0.0,0.0,0.0,0.0,0.0,0.0,0.0,0.0,0.09174930800958765,0.0,0.0,1.5749999999999998e-09
4656.0,1.5330939918209452,0.168033977,0.214644068,0.03653797284605467,1.4965560189748903,0.0,0.0,0.0,0.0,0.0,0.0,0.0,0.0,0.0,0.04602634803777173,0.0,0.0,1.5749999999999998e-09
4657.0,1.3353897523653422,0.066624959,0.245987769,0.01448719471069536,1.320902557654647,0.0,0.0,0.0,0.0,0.0,0.0,0.0,0.0,0.0,0.4469375624840747,0.0,0.0,1.5749999999999998e-09
4658.0,1.4618538909087964,0.015836375,0.282989907,0.0034435240423425738,1.4584103668664539,0.0,0.0,0.0,0.0,0.0,0.0,0.0,0.0,0.0,0.5753529914610312,0.0,0.0,1.5749999999999998e-09
4659.0,1.2293962667529028,0.001043572,0.301410903,0.00022691842494987168,1.2291693483279529,0.0,0.0,0.0,0.0,0.0,0.0,0.0,0.0,0.0,0.9369801685231902,0.0,0.0,1.5749999999999998e-09
4660.0,1.3005851905177626,2.84e-08,0.297896609,6.175408374866666e-09,1.300585184342354,0.0,0.0,0.0,0.0,0.0,0.0,0.0,0.0,0.0,0.8403081583810306,0.0,0.0,1.5749999999999998e-09
4661.0,1.0553690078499827,0.0,0.284983446,0.0,1.0553690078499827,0.0,0.0,0.0,0.0,0.0,0.0,0.0,0.0,0.0,0.9927213157554436,0.0,0.0,1.5749999999999998e-09
4662.0,1.0657756654173645,0.0,0.270651012,0.0,1.0657756654173645,0.0,0.0,0.0,0.0,0.0,0.0,0.0,0.0,0.0,0.8793117652091016,0.0,0.0,1.5749999999999998e-09
4663.0,1.080498961020173,0.0,0.256403969,0.0,1.080498961020173,0.0,0.0,0.0,0.0,0.0,0.0,0.0,0.0,0.0,0.7621992560647792,0.0,0.0,1.5749999999999998e-09
4664.0,0.9683220029110915,5.12e-07,0.241918789,1.113313059130892e-07,0.9683218915797857,0.0,0.0,0.0,0.0,0.0,0.0,0.0,0.0,0.0,0.7702756929593628,0.0,0.0,1.5749999999999998e-09
4665.0,0.8914435724629212,0.00058927,0.22403865,0.00012813320045977747,0.8913154392624614,0.0,0.0,0.0,0.0,0.0,0.0,0.0,0.0,0.0,0.718782963360626,0.0,0.0,1.5749999999999998e-09
4666.0,1.0144410509830164,0.006757922,0.208910527,0.0014694692998413975,1.012971581683175,0.0,0.0,0.0,0.0,0.0,0.0,0.0,0.0,0.0,0.4884055504047367,0.0,0.0,1.5749999999999998e-09
4667.0,0.9354777294893378,0.039533251,0.18651219,0.008596266525038943,0.9268814629642989,0.0,0.0,0.0,0.0,0.0,0.0,0.0,0.0,0.0,0.4135255569348738,0.0,0.0,1.5749999999999998e-09
4668.0,1.0314739697130821,0.128207455,0.153964665,0.027877936314343,1.003596033398739,0.0,0.0,0.0,0.0,0.0,0.0,0.0,0.0,0.0,0.10290171231120325,0.0,0.0,1.5749999999999998e-09
4669.0,1.085376316843717,0.26927924,0.149076107,0.05855314344625812,1.0268231733974587,0.0,0.0,0.0,0.0,0.0,0.0,0.0,0.0,0.0,0.04454197609781128,0.0,0.0,1.5749999999999998e-09
4670.0,1.0953379599126216,0.426785694,0.165226536,0.09280197003524232,1.0025359898773794,0.0,0.0,0.0,0.0,0.0,0.0,0.0,0.0,0.0,0.18489743593797034,0.0,0.0,1.5749999999999998e-09
4671.0,1.1621968956470674,0.572442367,0.174615393,0.12447413335564428,1.0377227622914231,0.0,0.0,0.0,0.0,0.0,0.0,0.0,0.0,0.0,0.2171855552810254,0.0,0.0,1.5749999999999998e-09
4672.0,1.2213259343026024,0.688094306,0.173097605,0.14962194859050937,1.071703985712093,0.0,0.0,0.0,0.0,0.0,0.0,0.0,0.0,0.0,0.17229644594727528,0.0,0.0,1.5749999999999998e-09
4673.0,1.3983970900552827,0.760066544,0.179226286,0.16527187680540714,1.2331252132498756,0.0,0.0,0.0,0.0,0.0,0.0,0.0,0.0,0.0,0.05492020568417285,0.0,0.0,1.5749999999999998e-09
4674.0,1.3172242718966396,0.781000303,0.192550536,0.16982379619435223,1.1474004757022873,0.0,0.0,0.0,0.0,0.0,0.0,0.0,0.0,0.0,0.23640232099292235,0.0,0.0,1.5749999999999998e-09
4675.0,1.4167316747935002,0.74972874,0.206208521,0.16302398379838848,1.253707690995112,0.0,0.0,0.0,0.0,0.0,0.0,0.0,0.0,0.0,0.22825093654245532,0.0,0.0,1.5749999999999998e-09
4676.0,1.5117533353854193,0.672738932,0.217459748,0.14628301530886115,1.3654703200765583,0.0,0.0,0.0,0.0,0.0,0.0,0.0,0.0,0.0,0.19734749233937574,0.0,0.0,1.5749999999999998e-09
4677.0,1.3880772099551308,0.563052736,0.22610001,0.12243241483753486,1.265644795117596,0.0,0.0,0.0,0.0,0.0,0.0,0.0,0.0,0.0,0.3592679819146887,0.0,0.0,1.5749999999999998e-09
4678.0,1.5359220569189227,0.436864686,0.230408535,0.09499358593689775,1.440928470982025,0.0,0.0,0.0,0.0,0.0,0.0,0.0,0.0,0.0,0.2149483795266963,0.0,0.0,1.5749999999999998e-09
4679.0,1.3719343192220952,0.298678038,0.233902346,0.06494573441035015,1.306988584811745,0.0,0.0,0.0,0.0,0.0,0.0,0.0,0.0,0.0,0.3739972346635674,0.0,0.0,1.5749999999999998e-09
4680.0,1.496983313300268,0.165774156,0.248282505,0.03604658842601596,1.460936724874252,0.0,0.0,0.0,0.0,0.0,0.0,0.0,0.0,0.0,0.3233949728027278,0.0,0.0,1.5749999999999998e-09
4681.0,1.2987962331938112,0.068171344,0.281506613,0.014823446783926634,1.2839727864098847,0.0,0.0,0.0,0.0,0.0,0.0,0.0,0.0,0.0,0.7391305840091731,0.0,0.0,1.5749999999999998e-09
4682.0,1.339121196455262,0.017493199,0.31148739,0.0038037904087256757,1.3353174060465365,0.0,0.0,0.0,0.0,0.0,0.0,0.0,0.0,0.0,0.9032487925813997,0.0,0.0,1.5749999999999998e-09
4683.0,1.3576627136152204,0.001150299,0.3104732,0.0002501255661338293,1.3574125880490866,0.0,0.0,0.0,0.0,0.0,0.0,0.0,0.0,0.0,0.8738649320452287,0.0,0.0,1.5749999999999998e-09
4684.0,1.1147962060595096,1.63e-08,0.294206696,3.544336496842488e-09,1.1147962025151732,0.0,0.0,0.0,0.0,0.0,0.0,0.0,0.0,0.0,0.9995788451411856,0.0,0.0,1.5749999999999998e-09
4685.0,1.1856891961028126,0.0,0.27297731,0.0,1.1856891961028126,0.0,0.0,0.0,0.0,0.0,0.0,0.0,0.0,0.0,0.7761166386643013,0.0,0.0,1.5749999999999998e-09
4686.0,0.9693900375074523,0.0,0.249262522,0.0,0.9693900375074523,0.0,0.0,0.0,0.0,0.0,0.0,0.0,0.0,0.0,0.8219847476289612,0.0,0.0,1.5749999999999998e-09
4687.0,0.9739558827820926,0.0,0.227049875,0.0,0.9877518462561878,0.0,0.0,0.013795963474095337,0.0,0.0,0.0,0.0,0.0,0.0,0.6439873248791127,0.0,0.0,1.5749999999999998e-09
4688.0,0.9515627675776286,2e-07,0.210708979,4.348879137230046e-08,1.5143020657651778,0.0,0.0,0.5627393416763405,0.0,0.012416367126685804,0.0,0.0,0.0,0.0,0.0,0.0,0.0,1.575021454469746e-09
4689.0,0.9890997167259891,0.00041525,0.194166133,9.029360308673884e-05,1.3954136064772837,0.0,0.0,0.40640418335438144,0.0,0.5188816055033643,0.0,0.0,0.0,0.0,0.0,0.0,0.0,1.5750429092317427e-09
4690.0,0.8808411086362001,0.006937836,0.177761285,0.0015085905118961778,1.2775168973153845,0.0,0.0,0.3981843791910806,0.0,0.8846383024727419,0.0,0.0,0.0,0.0,0.0,0.0,0.0,1.5750643642859937e-09
4691.0,1.0215412524665877,0.044404203,0.155233635,0.009655425601601392,1.1156174514838193,0.0,0.0,0.10373162461883313,0.0,1.2429921934671497,0.0,0.0,0.0,0.0,0.0,0.0,0.0,1.5750858196325029e-09
4692.0,0.9519521552637963,0.135313223,0.128218325,0.029423042624802845,0.9214665428019132,0.0,0.0,0.0,0.0010625698370802003,1.3363337239573376,0.0,0.0,0.0,0.0,0.0,0.0,0.0,1.7501191947458603e-09
4693.0,1.106229682963368,0.280038979,0.112659936,0.060892783669215154,0.8096530799182162,0.0,0.0,0.0,0.23568381937593652,1.3352529509831699,0.0,0.0,0.0,0.0,0.0,0.0,0.0,1.7501430346692358e-09
4694.0,1.056986635071984,0.442708965,0.1191062,0.09626438908766034,0.855980440707467,0.0,0.0,0.0,0.10474180527685668,1.099550943192111,0.0,0.0,0.0,0.0,0.0,0.0,0.0,1.7501668749173558e-09
4695.0,1.1698288890963462,0.59224109,0.119726032,0.12877924602556912,0.8604349868899882,0.0,0.0,0.0,0.18061465618078895,0.9947941601621716,0.0,0.0,0.0,0.0,0.0,0.0,0.0,1.7501907154902246e-09
4696.0,1.2889658692419694,0.708993277,0.116945865,0.15416630353908317,0.8404547627379259,0.0,0.0,0.0,0.29434480296496035,0.8141659531937713,0.0,0.0,0.0,0.0,0.0,0.0,0.0,1.7502145563878474e-09
4697.0,1.217888199101729,0.780580918,0.12386548,0.16973260346050387,0.8901839548137876,0.0,0.0,0.0,0.1579716408274375,0.5198100599044463,0.0,0.0,0.0,0.0,0.0,0.0,0.0,1.7502383976102281e-09
4698.0,1.3864751585605521,0.800837945,0.137858229,0.1741373715656342,0.9907456338508904,0.0,0.0,0.0,0.22159215314402758,0.3618313383803158,0.0,0.0,0.0,0.0,0.0,0.0,0.0,1.7502622391573711e-09
4699.0,1.2917116075376625,0.769923197,0.153751407,0.16741514643513794,1.1049651245968146,0.0,0.0,0.0,0.019331336505709718,0.14023425647834623,0.0,0.0,0.0,0.0,0.0,0.0,0.0,1.750286081029281e-09
4700.0,1.3824299800891426,0.691680616,0.167409211,0.15040177002744134,1.203119654646604,0.0,0.0,0.0,0.028908555415097167,0.12090100974366505,0.0,0.0,0.0,0.0,0.0,0.0,0.0,1.7503099232259622e-09
4701.0,1.400637736375243,0.575685966,0.176013103,0.12517943435667628,1.2649532390104696,0.0,0.0,0.0,0.010505063008096924,0.09199080745128346,0.0,0.0,0.0,0.0,0.0,0.0,0.0,1.7503337657474187e-09
4702.0,1.4067833827195078,0.443777601,0.18086399,0.096496757527945,1.2998151050769056,0.0,0.0,0.0,0.010471520114657226,0.08148449137200468,0.0,0.0,0.0,0.0,0.0,0.0,0.0,1.750357608593656e-09
4703.0,1.4725898596850155,0.30018164,0.185941589,0.06527268357877503,1.3363062821084604,0.0,0.0,0.0,0.07101089399778027,0.07101186130005134,0.0,0.0,0.0,0.0,0.0,0.0,0.0,1.7503814517646773e-09
4704.0,1.2807909586645059,0.165925819,0.200494792,0.03607956662884544,1.2447113920356605,0.0,0.0,0.0,0.0,0.0,0.0,0.0,0.0,0.0,0.19618438346311254,0.0,0.0,1.5749999999999998e-09
4705.0,1.4084188096015176,0.070136255,0.228438059,0.015250704806647326,1.3931681047948703,0.0,0.0,0.0,0.0,0.0,0.0,0.0,0.0,0.0,0.2485475272811958,0.0,0.0,1.5749999999999998e-09
4706.0,1.2145416920330314,0.017586609,0.25663249,0.003824101848736108,1.2107175901842955,0.0,0.0,0.0,0.0,0.0,0.0,0.0,0.0,0.0,0.633622938604757,0.0,0.0,1.5749999999999998e-09
4707.0,1.2364942434039636,0.00098844,0.265535581,0.00021493030472018333,1.2362793130992433,0.0,0.0,0.0,0.0,0.0,0.0,0.0,0.0,0.0,0.6720450532888483,0.0,0.0,1.5749999999999998e-09
4708.0,1.2339554375300115,7.64e-09,0.260112749,1.6612718304218777e-09,1.2339554358687397,0.0,0.0,0.0,0.0,0.0,0.0,0.0,0.0,0.0,0.6353966677383835,0.0,0.0,1.5749999999999998e-09
4709.0,0.9940816506766966,0.0,0.249765543,0.0,0.9940816506766966,0.0,0.0,0.0,0.0,0.0,0.0,0.0,0.0,0.0,0.8009081951136974,0.0,0.0,1.5749999999999998e-09
4710.0,1.0861261653937175,0.0,0.240664371,0.0,1.0861261653937175,0.0,0.0,0.0,0.0,0.0,0.0,0.0,0.0,0.0,0.6434562942193449,0.0,0.0,1.5749999999999998e-09
4711.0,0.8883395981359057,0.0,0.233313218,0.0,0.8883395981359057,0.0,0.0,0.0,0.0,0.0,0.0,0.0,0.0,0.0,0.7884123355713014,0.0,0.0,1.5749999999999998e-09
4712.0,0.919677498960202,3.3e-07,0.22652604,7.175650576429576e-08,0.9196774272036963,0.0,0.0,0.0,0.0,0.0,0.0,0.0,0.0,0.0,0.7082970993189981,0.0,0.0,1.5749999999999998e-09
4713.0,0.8992335460191624,0.000758782,0.215504871,0.00016499256047528444,0.899068553458687,0.0,0.0,0.0,0.0,0.0,0.0,0.0,0.0,0.0,0.6497001458465198,0.0,0.0,1.5749999999999998e-09
4714.0,0.9052968645612183,0.009892048,0.207965715,0.0021509660585839105,0.9031458985026344,0.0,0.0,0.0,0.0,0.0,0.0,0.0,0.0,0.0,0.5914411538736776,0.0,0.0,1.5749999999999998e-09
4715.0,0.9319398658263219,0.050431463,0.193747967,0.01096601686503445,0.9209738489612874,0.0,0.0,0.0,0.0,0.0,0.0,0.0,0.0,0.0,0.4714345242286537,0.0,0.0,1.5749999999999998e-09
4716.0,1.0221887487218604,0.148851247,0.158096594,0.03236680413144882,0.9898219445904115,0.0,0.0,0.0,0.0,0.0,0.0,0.0,0.0,0.0,0.14637073225151184,0.0,0.0,1.5749999999999998e-09
4717.0,0.9639942397131881,0.302830308,0.14872351,0.06584862042910745,0.8981456192840807,0.0,0.0,0.0,0.0,0.0,0.0,0.0,0.0,0.0,0.1706855216083446,0.0,0.0,1.5749999999999998e-09
4718.0,1.1283735899286933,0.468967107,0.176365282,0.10197406338397154,1.0263995265447219,0.0,0.0,0.0,0.0,0.0,0.0,0.0,0.0,0.0,0.24108471702829723,0.0,0.0,1.5749999999999998e-09
4719.0,1.081326687707362,0.619018466,0.182789348,0.13460182461737732,0.9467248630899846,0.0,0.0,0.0,0.0,0.0,0.0,0.0,0.0,0.0,0.3669272109218684,0.0,0.0,1.5749999999999998e-09
4720.0,1.1953326541252816,0.739962116,0.179176027,0.16090029043064996,1.0344323636946315,0.0,0.0,0.0,0.0,0.0,0.0,0.0,0.0,0.0,0.2532518589207571,0.0,0.0,1.5749999999999998e-09
4721.0,1.3119419535594299,0.81780088,0.185099783,0.1778258592720186,1.1341160942874113,0.0,0.0,0.0,0.0,0.0,0.0,0.0,0.0,0.0,0.19614038125455469,0.0,0.0,1.5749999999999998e-09
4722.0,1.2298301550889783,0.843833361,0.197821158,0.1834864649475805,1.0463436901413976,0.0,0.0,0.0,0.0,0.0,0.0,0.0,0.0,0.0,0.3753374818387466,0.0,0.0,1.5749999999999998e-09
4723.0,1.4001682457193763,0.816426761,0.213542985,0.17752706539946006,1.2226411803199162,0.0,0.0,0.0,0.0,0.0,0.0,0.0,0.0,0.0,0.3120280342993733,0.0,0.0,1.5749999999999998e-09
4724.0,1.302883688482543,0.738833868,0.228925777,0.16065495972120888,1.142228728761334,0.0,0.0,0.0,0.0,0.0,0.0,0.0,0.0,0.0,0.502991985909769,0.0,0.0,1.5749999999999998e-09
4725.0,1.459686672061079,0.621226473,0.23663683,0.13508194239623522,1.3246047296648438,0.0,0.0,0.0,0.0,0.0,0.0,0.0,0.0,0.0,0.3760330039797353,0.0,0.0,1.5749999999999998e-09
4726.0,1.3257640950028062,0.481949842,0.239875099,0.10479708065325585,1.2209670143495504,0.0,0.0,0.0,0.0,0.0,0.0,0.0,0.0,0.0,0.502943184756519,0.0,0.0,1.5749999999999998e-09
4727.0,1.39128798724182,0.329376927,0.243340142,0.07162102230576219,1.319666964936058,0.0,0.0,0.0,0.0,0.0,0.0,0.0,0.0,0.0,0.42914545617197536,0.0,0.0,1.5749999999999998e-09
4728.0,1.4463050944512341,0.184494711,0.252882607,0.040117259979859335,1.4061878344713747,0.0,0.0,0.0,0.0,0.0,0.0,0.0,0.0,0.0,0.4112034128953718,0.0,0.0,1.5749999999999998e-09
4729.0,1.2503764623245954,0.077057533,0.269141399,0.01675569488150579,1.2336207674430897,0.0,0.0,0.0,0.0,0.0,0.0,0.0,0.0,0.0,0.7006175285368362,0.0,0.0,1.5749999999999998e-09
4730.0,1.3890784915767804,0.018613394,0.284312368,0.004047370041982146,1.3850311215347983,0.0,0.0,0.0,0.0,0.0,0.0,0.0,0.0,0.0,0.6582363662972671,0.0,0.0,1.5749999999999998e-09
4731.0,1.163870148681454,0.001118106,0.300556611,0.00024312539283058692,1.1636270232886234,0.0,0.0,0.0,0.0,0.0,0.0,0.0,0.0,0.0,0.9963829538689277,0.0,0.0,1.5749999999999998e-09
4732.0,1.1675326159640762,3.26e-09,0.314157286,7.088672993684976e-10,1.167532615255209,0.0,0.0,0.0,0.0,0.0,0.0,0.0,0.0,0.0,1.0902213230094804,0.0,0.0,1.5749999999999998e-09
4733.0,1.0860883392413412,0.0,0.316992113,0.0,1.0860883392413412,0.0,0.0,0.0,0.0,0.0,0.0,0.0,0.0,0.0,1.1920386481575616,0.0,0.0,1.5749999999999998e-09
4734.0,1.0202128854685362,0.0,0.31166052,0.0,1.0202128854685362,0.0,0.0,0.0,0.0,0.0,0.0,0.0,0.0,0.0,1.2195975464041822,0.0,0.0,1.5749999999999998e-09
4735.0,1.0413666359746894,0.0,0.300871042,0.0,1.0413666359746894,0.0,0.0,0.0,0.0,0.0,0.0,0.0,0.0,0.0,1.120903062221331,0.0,0.0,1.5749999999999998e-09
4736.0,0.9289827464437921,2.34e-07,0.290204336,5.088188590559154e-08,0.9289826955619063,0.0,0.0,0.0,0.0,0.0,0.0,0.0,0.0,0.0,1.1566285944003112,0.0,0.0,1.5749999999999998e-09
4737.0,0.8520531398482576,0.000690344,0.266210168,0.00015011113095559695,0.851903028717302,0.0,0.0,0.0,0.0,0.0,0.0,0.0,0.0,0.0,1.0612693915718925,0.0,0.0,1.5749999999999998e-09
4738.0,0.9764168115187809,0.008743059,0.238953144,0.0019011253440335692,0.9745156861747473,0.0,0.0,0.0,0.0,0.0,0.0,0.0,0.0,0.0,0.742768699604959,0.0,0.0,1.5749999999999998e-09
4739.0,0.896205224996825,0.047803389,0.207759629,0.010394558055549613,0.8858106669412754,0.0,0.0,0.0,0.0,0.0,0.0,0.0,0.0,0.0,0.6072953073290805,0.0,0.0,1.5749999999999998e-09
4740.0,0.9880072069721638,0.144533371,0.16259838,0.03142790808877151,0.9565792988833923,0.0,0.0,0.0,0.0,0.0,0.0,0.0,0.0,0.0,0.21196636012277345,0.0,0.0,1.5749999999999998e-09
4741.0,1.0938560624726286,0.293952734,0.151415745,0.06391824561121667,1.029937816861412,0.0,0.0,0.0,0.0,0.0,0.0,0.0,0.0,0.0,0.05824160734278113,0.0,0.0,1.5749999999999998e-09
4742.0,1.0549373443464172,0.457427798,0.169503041,0.099464910375564,0.9554724339708531,0.0,0.0,0.0,0.0,0.0,0.0,0.0,0.0,0.0,0.2626949472102765,0.0,0.0,1.5749999999999998e-09
4743.0,1.2402902146361596,0.607354167,0.180030529,0.13206549328880168,1.108224721347358,0.0,0.0,0.0,0.0,0.0,0.0,0.0,0.0,0.0,0.1856005501684695,0.0,0.0,1.5749999999999998e-09
4744.0,1.1979359871415098,0.723286625,0.188972661,0.1572743056850016,1.0406616814565082,0.0,0.0,0.0,0.0,0.0,0.0,0.0,0.0,0.0,0.31742800358459605,0.0,0.0,1.5749999999999998e-09
4745.0,1.379893399047701,0.795933292,0.209137109,0.1730708844102815,1.2068225146374194,0.0,0.0,0.0,0.0,0.0,0.0,0.0,0.0,0.0,0.29618299414470584,0.0,0.0,1.5749999999999998e-09
4746.0,1.3035845867176148,0.816217492,0.241928706,0.17748156112005165,1.126103025597563,0.0,0.0,0.0,0.0,0.0,0.0,0.0,0.0,0.0,0.6125658294382557,0.0,0.0,1.5749999999999998e-09
4747.0,1.4079070431282537,0.783739717,0.279498534,0.17041946521399404,1.2374875779142596,0.0,0.0,0.0,0.0,0.0,0.0,0.0,0.0,0.0,0.7711843326194573,0.0,0.0,1.5749999999999998e-09
4748.0,1.5085158571088306,0.703654305,0.313037834,0.15300537634183042,1.3555104807670002,0.0,0.0,0.0,0.0,0.0,0.0,0.0,0.0,0.0,0.8941982926254084,0.0,0.0,1.5749999999999998e-09
4749.0,1.3814932246098446,0.587934499,0.338675894,0.127842803837945,1.2536504207718995,0.0,0.0,0.0,0.0,0.0,0.0,0.0,0.0,0.0,1.180311379731478,0.0,0.0,1.5749999999999998e-09
4750.0,1.53550596924278,0.45213224,0.355582109,0.09831342329025443,1.4371925459525257,0.0,0.0,0.0,0.0,0.0,0.0,0.0,0.0,0.0,1.1182691375661375,0.0,0.0,1.5749999999999998e-09
4751.0,1.361049271668805,0.305100018,0.366845209,0.06634215515243558,1.2947071165163695,0.0,0.0,0.0,0.0,0.0,0.0,0.0,0.0,0.0,1.3416990795611048,0.0,0.0,1.5749999999999998e-09
4752.0,1.4072817981978596,0.167204796,0.380783435,0.0363576724484603,1.3709241257493994,0.0,0.0,0.0,0.0,0.0,0.0,0.0,0.0,0.0,1.3656519089608266,0.0,0.0,1.5749999999999998e-09
4753.0,1.372719769091962,0.067366085,0.39938934,0.0146483480806683,1.3580714210112936,0.0,0.0,0.0,0.0,0.0,0.0,0.0,0.0,0.0,1.5122196575980853,0.0,0.0,1.5749999999999998e-09
4754.0,1.3374746434108504,0.016413298,0.408051084,0.003568972462266982,1.3339056709485833,0.0,0.0,0.0,0.0,0.0,0.0,0.0,0.0,0.0,1.5986347569508854,0.0,0.0,1.5749999999999998e-09
4755.0,1.3677400599737652,0.001025015,0.408372018,0.0002228833174423928,1.3675171766563228,0.0,0.0,0.0,0.0,0.0,0.0,0.0,0.0,0.0,1.5673297073869736,0.0,0.0,1.5749999999999998e-09
4756.0,1.1186834054238812,1.11e-09,0.399096625,2.413627921162676e-10,1.1186834051825185,0.0,0.0,0.0,0.0,0.0,0.0,0.0,0.0,0.0,1.7495040187497597,0.0,0.0,1.5749999999999998e-09
4757.0,1.2038146245867036,0.0,0.380078606,0.0,1.2038146245867036,0.0,0.0,0.0,0.0,0.0,0.0,0.0,0.0,0.0,1.5276960160630675,0.0,0.0,1.5749999999999998e-09
4758.0,0.9810382846056555,0.0,0.359674297,0.0,0.9810382846056553,0.0,0.0,0.0,0.0,0.0,0.0,0.0,0.0,0.0,1.6038327234292613,0.0,0.0,1.5749999999999998e-09
4759.0,1.0064730718273691,0.0,0.341698925,0.0,1.0064730718273691,0.0,0.0,0.0,0.0,0.0,0.0,0.0,0.0,0.0,1.4492143433598144,0.0,0.0,1.5749999999999998e-09
4760.0,0.9628527786445091,3.98e-08,0.325197479,8.654269483087792e-09,0.9628527699902396,0.0,0.0,0.0,0.0,0.0,0.0,0.0,0.0,0.0,1.3742437152588682,0.0,0.0,1.5749999999999998e-09
4761.0,0.9947224714345131,0.00020949,0.298745488,4.555233452291612e-05,0.9946769190999901,0.0,0.0,0.0,0.0,0.0,0.0,0.0,0.0,0.0,1.1523170617138325,0.0,0.0,1.5749999999999998e-09
4762.0,0.8615386177637641,0.005158168,0.273235883,0.0011216124600763816,0.8604170053036876,0.0,0.0,0.0,0.0,0.0,0.0,0.0,0.0,0.0,1.103247115854018,0.0,0.0,1.5749999999999998e-09
4763.0,0.9758471934006967,0.035598387,0.245490998,0.0077406541271670655,0.9681065392735295,0.0,0.0,0.0,0.0,0.0,0.0,0.0,0.0,0.0,0.7961634370816553,0.0,0.0,1.5749999999999998e-09
4764.0,0.881001313575673,0.120810834,0.210052978,0.02626958577669812,0.8547317277989749,0.0,0.0,0.0,0.0,0.0,0.0,0.0,0.0,0.0,0.6548558560577505,0.0,0.0,1.5749999999999998e-09
4765.0,0.9890752405686,0.259552722,0.258842408,0.05643817088585351,0.9326370696827465,0.0,0.0,0.0,0.0,0.0,0.0,0.0,0.0,0.0,0.9275854751857997,0.0,0.0,1.5749999999999998e-09
4766.0,1.0627184175726923,0.415726838,0.297734613,0.09039728862824076,0.9723211289444516,0.0,0.0,0.0,0.0,0.0,0.0,0.0,0.0,0.0,1.1674079972438336,0.0,0.0,1.5749999999999998e-09
4767.0,1.1417240168836178,0.561146392,0.298872362,0.12201789185503567,1.0197061250285824,0.0,0.0,0.0,0.0,0.0,0.0,0.0,0.0,0.0,1.128199661068545,0.0,0.0,1.5749999999999998e-09
4768.0,1.2700750163806551,0.674968056,0.289339763,0.14676772485175607,1.1233072915288989,0.0,0.0,0.0,0.0,0.0,0.0,0.0,0.0,0.0,0.9560905722845222,0.0,0.0,1.5749999999999998e-09
4769.0,1.2203268775134635,0.747171626,0.290451317,0.16246795481208254,1.0578589227013808,0.0,0.0,0.0,0.0,0.0,0.0,0.0,0.0,0.0,1.0295273454334788,0.0,0.0,1.5749999999999998e-09
4770.0,1.3851979677098647,0.771605792,0.303883179,0.16778101654973335,1.2174169511601314,0.0,0.0,0.0,0.0,0.0,0.0,0.0,0.0,0.0,0.9665000698178372,0.0,0.0,1.5749999999999998e-09
4771.0,1.2955387294247789,0.744896982,0.317837333,0.16197334722027126,1.1335653822045075,0.0,0.0,0.0,0.0,0.0,0.0,0.0,0.0,0.0,1.150635947152201,0.0,0.0,1.5749999999999998e-09
4772.0,1.3872761842578414,0.673195287,0.325682167,0.1463822469457947,1.2408939373120467,0.0,0.0,0.0,0.0,0.0,0.0,0.0,0.0,0.0,1.0996858548333068,0.0,0.0,1.5749999999999998e-09
4773.0,1.4686848596607105,0.564978566,0.325235189,0.12285117493297744,1.345833684727733,0.0,0.0,0.0,0.0,0.0,0.0,0.0,0.0,0.0,0.9915338109508828,0.0,0.0,1.5749999999999998e-09
4774.0,1.3420827655028127,0.43645709,0.315537409,0.09490495664985683,1.2471778088529557,0.0,0.0,0.0,0.0,0.0,0.0,0.0,0.0,0.0,1.0204946583696766,0.0,0.0,1.5749999999999998e-09
4775.0,1.4635471704355512,0.29508347,0.302466726,0.06416411732122242,1.3993830531143288,0.0,0.0,0.0,0.0,0.0,0.0,0.0,0.0,0.0,0.7743543461211828,0.0,0.0,1.5749999999999998e-09
4776.0,1.3087712272576277,0.161771519,0.293215107,0.03517623919885571,1.273594988058772,0.0,0.0,0.0,0.0,0.0,0.0,0.0,0.0,0.0,0.8336538076541892,0.0,0.0,1.5749999999999998e-09
4777.0,1.3961564427353976,0.065020971,0.294590231,0.014138417213216993,1.3820180255221806,0.0,0.0,0.0,0.0,0.0,0.0,0.0,0.0,0.0,0.7351133728390676,0.0,0.0,1.5749999999999998e-09
4778.0,1.229018004229212,0.01711333,0.300907281,0.0037211901902766535,1.2252968140389353,0.0,0.0,0.0,0.0,0.0,0.0,0.0,0.0,0.0,0.9372333229519658,0.0,0.0,1.5749999999999998e-09
4779.0,1.2461955530712527,0.001037814,0.297446375,0.00022566638264626316,1.2459698866886064,0.0,0.0,0.0,0.0,0.0,0.0,0.0,0.0,0.0,0.8916877596752144,0.0,0.0,1.5749999999999998e-09
4780.0,1.2422749782194498,1.43e-10,0.284457848,3.109448583119483e-11,1.2422749781883553,0.0,0.0,0.0,0.0,0.0,0.0,0.0,0.0,0.0,0.8020380306536504,0.0,0.0,1.5749999999999998e-09
4781.0,1.0374505107879077,0.0,0.275947479,0.0,1.0374505107879077,0.0,0.0,0.0,0.0,0.0,0.0,0.0,0.0,0.0,0.9457010353661507,0.0,0.0,1.5749999999999998e-09
4782.0,1.1079808141349425,0.0,0.26791132,0.0,1.1079808141349425,0.0,0.0,0.0,0.0,0.0,0.0,0.0,0.0,0.0,0.8174172739924533,0.0,0.0,1.5749999999999998e-09
4783.0,0.9280726929543185,0.0,0.259151263,0.0,0.9280726929543185,0.0,0.0,0.0,0.0,0.0,0.0,0.0,0.0,0.0,0.9343694999175617,0.0,0.0,1.5749999999999998e-09
4784.0,0.9524305452497047,5.26e-08,0.250350791,1.1437552130915022e-08,0.9524305338121526,0.0,0.0,0.0,0.0,0.0,0.0,0.0,0.0,0.0,0.8467653133531755,0.0,0.0,1.5749999999999998e-09
4785.0,0.9236336761317956,0.000401924,0.2327886,8.739594491760247e-05,0.9235462801868779,0.0,0.0,0.0,0.0,0.0,0.0,0.0,0.0,0.0,0.7494353817221938,0.0,0.0,1.5749999999999998e-09
4786.0,0.9605142286949171,0.006764475,0.211486303,0.0014708942100907108,0.9590433344848264,0.0,0.0,0.0,0.0,0.0,0.0,0.0,0.0,0.0,0.5608451251044553,0.0,0.0,1.5749999999999998e-09
4787.0,0.8458006895443941,0.042401804,0.182327928,0.009220016039825876,0.8365806735045682,0.0,0.0,0.0,0.0,0.0,0.0,0.0,0.0,0.0,0.4737553137296759,0.0,0.0,1.5749999999999998e-09
4788.0,0.9638829860885687,0.134642838,0.138086338,0.029277271457782243,0.9346057146307865,0.0,0.0,0.0,0.0,0.0,0.0,0.0,0.0,0.0,0.05777927000410461,0.0,0.0,1.5749999999999998e-09
4789.0,0.9145687365573772,0.278798975,0.127324553,0.06062315229293106,0.8539455842644462,0.0,0.0,0.0,0.0,0.0,0.0,0.0,0.0,0.0,0.061097687956657834,0.0,0.0,1.5749999999999998e-09
4790.0,1.0933910224817076,0.438286339,0.155000641,0.09530271579050179,0.9980883066912059,0.0,0.0,0.0,0.0,0.0,0.0,0.0,0.0,0.0,0.11585468698267407,0.0,0.0,1.5749999999999998e-09
4791.0,1.0774150121856008,0.585043515,0.168967016,0.12721417683776168,0.950200835347839,0.0,0.0,0.0,0.0,0.0,0.0,0.0,0.0,0.0,0.26411429535657144,0.0,0.0,1.5749999999999998e-09
4792.0,1.207899855042925,0.701057783,0.172516388,0.15244077832407246,1.0554590767188525,0.0,0.0,0.0,0.0,0.0,0.0,0.0,0.0,0.0,0.184364323150343,0.0,0.0,1.5749999999999998e-09
4793.0,1.332637339572118,0.773225592,0.18614632,0.1681332322710576,1.1645041073010605,0.0,0.0,0.0,0.0,0.0,0.0,0.0,0.0,0.0,0.173273514935844,0.0,0.0,1.5749999999999998e-09
4794.0,1.2790175761680525,0.794403757,0.208482763,0.17273829626772336,1.1062792799003291,0.0,0.0,0.0,0.0,0.0,0.0,0.0,0.0,0.0,0.39202364096063697,0.0,0.0,1.5749999999999998e-09
4795.0,1.4392849959373617,0.764361382,0.23070669,0.1662057633742063,1.2730792325631555,0.0,0.0,0.0,0.0,0.0,0.0,0.0,0.0,0.0,0.3849403682667004,0.0,0.0,1.5749999999999998e-09
4796.0,1.341584350024461,0.687299528,0.24763023,0.14944912891736292,1.1921352211070981,0.0,0.0,0.0,0.0,0.0,0.0,0.0,0.0,0.0,0.5875087723029129,0.0,0.0,1.5749999999999998e-09
4797.0,1.4241789881458418,0.573978374,0.255547394,0.12480812879549125,1.2993708593503506,0.0,0.0,0.0,0.0,0.0,0.0,0.0,0.0,0.0,0.5371714108065743,0.0,0.0,1.5749999999999998e-09
4798.0,1.4389890612158802,0.440825623,0.254396582,0.09585486775105688,1.3431341934648233,0.0,0.0,0.0,0.0,0.0,0.0,0.0,0.0,0.0,0.4851375369306831,0.0,0.0,1.5749999999999998e-09
4799.0,1.4368930440079706,0.298132117,0.249723539,0.06482702718797635,1.372066016819994,0.0,0.0,0.0,0.0,0.0,0.0,0.0,0.0,0.0,0.42262195885422216,0.0,0.0,1.5749999999999998e-09
4800.0,1.4929804106462559,0.164671751,0.248991151,0.035806877120752055,1.4571735335255038,0.0,0.0,0.0,0.0,0.0,0.0,0.0,0.0,0.0,0.33225098984304857,0.0,0.0,1.5749999999999998e-09
4801.0,1.3052266890970807,0.066930817,0.259562184,0.014553701684453106,1.2906729874126277,0.0,0.0,0.0,0.0,0.0,0.0,0.0,0.0,0.0,0.5747223711103765,0.0,0.0,1.5749999999999998e-09
4802.0,1.4250979419652818,0.016229037,0.275507853,0.0035289060213317255,1.42156903594395,0.0,0.0,0.0,0.0,0.0,0.0,0.0,0.0,0.0,0.5584230503564112,0.0,0.0,1.5749999999999998e-09
4803.0,1.2143303109461945,0.000915361,0.281908059,0.0001990397177967016,1.214131271228398,0.0,0.0,0.0,0.0,0.0,0.0,0.0,0.0,0.0,0.8118571708661917,0.0,0.0,1.5749999999999998e-09
4804.0,1.2113553909037313,3.34e-11,0.278608978,7.262628159174178e-12,1.2113553908964687,0.0,0.0,0.0,0.0,0.0,0.0,0.0,0.0,0.0,0.7909235481805652,0.0,0.0,1.5749999999999998e-09
4805.0,1.2103274072922576,0.0,0.267922351,0.0,1.2103274072922576,0.0,0.0,0.0,0.0,0.0,0.0,0.0,0.0,0.0,0.7151499573147964,0.0,0.0,1.5749999999999998e-09
4806.0,1.000356351305514,0.0,0.255435846,0.0,1.000356351305514,0.0,0.0,0.0,0.0,0.0,0.0,0.0,0.0,0.0,0.8353842569211334,0.0,0.0,1.5749999999999998e-09
4807.0,1.0905674080486758,0.0,0.24775189,0.0,1.0905674080486758,0.0,0.0,0.0,0.0,0.0,0.0,0.0,0.0,0.0,0.6899509191946409,0.0,0.0,1.5749999999999998e-09
4808.0,0.9790490703574193,1.22e-08,0.241207804,2.6528162737103286e-09,0.979049067704603,0.0,0.0,0.0,0.0,0.0,0.0,0.0,0.0,0.0,0.7544388814533781,0.0,0.0,1.5749999999999998e-09
4809.0,0.9050276318295611,0.000246821,0.222996724,5.3669734876512864e-05,0.9049739620946847,0.0,0.0,0.0,0.0,0.0,0.0,0.0,0.0,0.0,0.6976364317038029,0.0,0.0,1.5749999999999998e-09
4810.0,1.0299097454708046,0.00675466,0.199774463,0.0014687599976541152,1.0368961605496927,0.0,0.0,0.008455175076542394,0.0,0.0,0.0,0.0,0.0,0.0,0.39882282704992494,0.0,0.0,1.5749999999999998e-09
4811.0,0.9479203267873743,0.044773679,0.170076949,0.009735765925006752,1.2222918853863307,0.0,0.0,0.28410732452396326,0.0,0.007609657568888155,0.0,0.0,0.0,0.0,0.0,0.0,0.0,1.575021454469746e-09
4812.0,1.0519179226541218,0.140348315,0.1373425,0.030517892952444538,0.9870392446225748,0.0,0.0,0.0,0.03436078507910242,0.26330614598398255,0.0,0.0,0.0,0.0,0.0,0.0,0.0,1.7500476769241584e-09
4813.0,1.1674970146442103,0.289000346,0.145915115,0.06284137876858326,1.0486480505933422,0.0,0.0,0.0,0.056007585282284666,0.2289417742275514,0.0,0.0,0.0,0.0,0.0,0.0,0.0,1.7500715158733263e-09
4814.0,1.1326346011518102,0.450294221,0.165646236,0.09791375716610778,1.1904496834993739,0.0,0.0,0.15572883951367125,0.0,0.17293107036910077,0.0,0.0,0.0,0.0,0.0,0.0,0.0,1.5750858196325029e-09
4815.0,1.3278734622057038,0.5964023,0.169178037,0.12968407599330078,1.2158316751712688,0.0,0.0,0.017642288958865722,0.0,0.31308467031624365,0.0,0.0,0.0,0.0,0.0,0.0,0.0,1.5751072752712744e-09
4816.0,1.2857550919552805,0.711542769,0.167301677,0.15472067516754992,1.2023468401272002,0.0,0.0,0.07131242333946973,0.0,0.3289584656337692,0.0,0.0,0.0,0.0,0.0,0.0,0.0,1.575128731202312e-09
4817.0,1.4122770831434792,0.78250558,0.17053168,0.17015110958140484,1.2255599003325162,0.0,0.0,0.0,0.01656607322955835,0.3931351656657606,0.0,0.0,0.0,0.0,0.0,0.0,0.0,1.7501668749173558e-09
4818.0,1.4672541383680817,0.804210954,0.178957313,0.17487081198912363,1.2861123908710388,0.0,0.0,0.0,0.006270935507919434,0.37656373726691617,0.0,0.0,0.0,0.0,0.0,0.0,0.0,1.7501907154902246e-09
4819.0,1.5125610355802401,0.773938666,0.188169125,0.16828828590315265,1.3523149134557098,0.0,0.0,0.008042163778622071,0.0,0.37028767232073684,0.0,0.0,0.0,0.0,0.0,0.0,0.0,1.5751931007490627e-09
4820.0,1.6122197440865318,0.694893092,0.195458763,0.15110030352020398,1.404703349555912,0.0,0.0,0.0,0.056416091010415524,0.3775205757739106,0.0,0.0,0.0,0.0,0.0,0.0,0.0,1.7502383976102281e-09
4821.0,1.4683867001067188,0.575622305,0.197691139,0.12516559165693852,1.4207467645276326,0.0,0.0,0.07752565607785229,0.0,0.32109934229146814,0.0,0.0,0.0,0.0,0.0,0.0,0.0,1.575236015241634e-09
4822.0,1.6319116226451356,0.439148728,0.196230413,0.09549023706701561,1.4102489660483524,0.0,0.0,0.0,0.12617241952976757,0.3908680588426243,0.0,0.0,0.0,0.0,0.0,0.0,0.0,1.750286081029281e-09
4823.0,1.451073422482594,0.295208687,0.188549262,0.06419134500116874,1.3550468437564769,0.0,0.0,0.0,0.03183523372494849,0.2646903150254196,0.0,0.0,0.0,0.0,0.0,0.0,0.0,1.7503099232259622e-09
4824.0,1.5038276320471695,0.162801156,0.185279041,0.03540012754226671,1.3315447488798808,0.0,0.0,0.0,0.13688275562502197,0.23285147576840695,0.0,0.0,0.0,0.0,0.0,0.0,0.0,1.7503337657474187e-09
4825.0,1.5565239899669248,0.06622325,0.201227274,0.014399845516228483,1.446159903354168,0.0,0.0,0.0,0.09596424109652808,0.0959655483104375,0.0,0.0,0.0,0.0,0.0,0.0,0.0,1.750357608593656e-09
4826.0,1.336295356189795,0.015917588,0.2301788,0.0034611833184111673,1.549057145135246,0.0,0.0,0.21622297226386197,0.0,0.0,0.0,0.0,0.0,0.0,0.10516866901645996,0.0,0.0,1.5749999999999998e-09
4827.0,1.4458489547902798,0.000847177,0.247683492,0.00018421351904205694,1.7800267713865812,0.0,0.0,0.33436203011534327,0.0,0.19460067503747577,0.0,0.0,0.0,0.0,0.0,0.0,0.0,1.575021454469746e-09
4828.0,1.1776277629825542,0.0,0.248056972,0.0,1.782710859830301,0.0,0.0,0.6050830968477469,0.0,0.4955238513492696,0.0,0.0,0.0,0.0,0.0,0.0,0.0,1.5750429092317427e-09
4829.0,1.2601289481392488,0.0,0.240745215,0.0,1.7301634611289245,0.0,0.0,0.4700345129896758,0.0,1.040091888634996,0.0,0.0,0.0,0.0,0.0,0.0,0.0,1.5750643642859937e-09
4830.0,1.0227160900226222,0.0,0.223526253,0.0,1.6064159594767424,0.0,0.0,0.5836998694541202,0.0,1.4631087825060247,0.0,0.0,0.0,0.0,0.0,0.0,0.0,1.5750858196325029e-09
4831.0,1.0558629736633136,0.0,0.205685539,0.0,1.4782001131794391,0.0,0.0,0.4223371395161256,0.0,1.9884187349858302,0.0,0.0,0.0,0.0,0.0,0.0,0.0,1.5751072752712744e-09
4832.0,1.006637726431863,1.38e-08,0.193965124,3.0007266046887323e-09,1.3939690152435265,0.0,0.0,0.38733129181239,0.0,2.3684950749068614,0.0,0.0,0.0,0.0,0.0,0.0,0.0,1.575128731202312e-09
4833.0,1.0455720203854966,0.000371715,0.1777264,8.082718042477334e-05,1.2772661893113169,0.0,0.0,0.2317749961062451,0.0,2.7170609746086503,0.0,0.0,0.0,0.0,0.0,0.0,0.0,1.57515018742562e-09
4834.0,0.9270157835204347,0.006420556,0.159066113,0.00139611110189086,1.1431603183324106,0.0,0.0,0.21754064591386682,0.0,2.9256214601147934,0.0,0.0,0.0,0.0,0.0,0.0,0.0,1.5751716439412022e-09
4835.0,1.0751743658656407,0.043604052,0.132264404,0.009481437602074703,0.9505444958014819,0.0,0.0,0.0,0.1151484324620841,3.1213681894994303,0.0,0.0,0.0,0.0,0.0,0.0,0.0,1.7502145563878474e-09
4836.0,0.998867778368065,0.134947981,0.10094514,0.029343622959110832,0.725462364045507,0.0,0.0,0.0,0.24406179136344713,3.0061772386962793,0.0,0.0,0.0,0.0,0.0,0.0,0.0,1.7502383976102281e-09
4837.0,1.1068171017413853,0.278782706,0.098163835,0.060619614697196886,0.7054739614296744,0.0,0.0,0.0,0.3407235256145139,2.76207449808834,0.0,0.0,0.0,0.0,0.0,0.0,0.0,1.7502622391573711e-09
4838.0,1.2267484320868416,0.441305846,0.11429499,0.09595928934035278,0.8214037213080053,0.0,0.0,0.0,0.3093854214384834,2.4213133483236353,0.0,0.0,0.0,0.0,0.0,0.0,0.0,1.750286081029281e-09
4839.0,1.1804780794054104,0.592389952,0.124237146,0.12881161516787543,0.8928550065850303,0.0,0.0,0.0,0.15881145765250465,2.1118949444811155,0.0,0.0,0.0,0.0,0.0,0.0,0.0,1.7503099232259622e-09
4840.0,1.3659778036397134,0.707833821,0.129059119,0.15391418683863636,0.9275090764287455,0.0,0.0,0.0,0.2845545403723317,1.9530547192292456,0.0,0.0,0.0,0.0,0.0,0.0,0.0,1.7503337657474187e-09
4841.0,1.2946398000978576,0.779376347,0.13497417,0.16947067677594327,0.9700187691381691,0.0,0.0,0.0,0.15515035418374523,1.6684735749314452,0.0,0.0,0.0,0.0,0.0,0.0,0.0,1.750357608593656e-09
4842.0,1.4735822409766983,0.802225794,0.141827364,0.17443915094372045,1.019270613461754,0.0,0.0,0.0,0.27987247657122377,1.5133004933012046,0.0,0.0,0.0,0.0,0.0,0.0,0.0,1.7503814517646773e-09
4843.0,1.3691529806064608,0.775117591,0.147630858,0.16854463601999561,1.0609785795606064,0.0,0.0,0.0,0.139629765025859,1.2334074030046513,0.0,0.0,0.0,0.0,0.0,0.0,0.0,1.7504052952604874e-09
4844.0,1.4632089598966722,0.698490886,0.151521927,0.15188262208353653,1.0889425223061828,0.0,0.0,0.0,0.22238381550695277,1.0937608368731706,0.0,0.0,0.0,0.0,0.0,0.0,0.0,1.7504291390810913e-09
4845.0,1.5522896797337074,0.583032909,0.15525403,0.1267769827134322,1.1157640242154507,0.0,0.0,0.0,0.3097486728048245,0.8713621224842263,0.0,0.0,0.0,0.0,0.0,0.0,0.0,1.7504529832264928e-09
4846.0,1.398043303688981,0.448559581,0.157516408,0.09753657018077756,1.132023054538699,0.0,0.0,0.0,0.1684836789695044,0.5616015802459781,0.0,0.0,0.0,0.0,0.0,0.0,0.0,1.7504768276966966e-09
4847.0,1.5424036889695563,0.299944519,0.160404634,0.06522112305028006,1.1527798662272826,0.0,0.0,0.0,0.32440269969199365,0.39311025130822796,0.0,0.0,0.0,0.0,0.0,0.0,0.0,1.750500672491707e-09
4848.0,1.3431107491142866,0.162302477,0.172418206,0.035291692807302974,1.2391177953613735,0.0,0.0,0.0,0.0687012609456101,0.06870219678632407,0.0,0.0,0.0,0.0,0.0,0.0,0.0,1.7505245176115285e-09
4849.0,1.383271056771319,0.06421854,0.191425774,0.013963933441468662,1.3693071233298502,0.0,0.0,0.0,0.0,0.0,0.0,0.0,0.0,0.0,0.0064123471199499515,0.0,0.0,1.5749999999999998e-09
4850.0,1.3456918308056363,0.014032389,0.215036651,0.0030512581883798194,1.3426405726172563,0.0,0.0,0.0,0.0,0.0,0.0,0.0,0.0,0.0,0.20276317035529906,0.0,0.0,1.5749999999999998e-09
4851.0,1.2809422632740124,0.000646555,0.223019652,0.00014058947752858866,1.2808016737964838,0.0,0.0,0.0,0.0,0.0,0.0,0.0,0.0,0.0,0.32197349664288843,0.0,0.0,1.5749999999999998e-09
4852.0,1.2715057366733593,0.0,0.21820218,0.0,1.2715057366733593,0.0,0.0,0.0,0.0,0.0,0.0,0.0,0.0,0.0,0.29664771125571604,0.0,0.0,1.5749999999999998e-09
4853.0,1.0281141126493971,0.0,0.207363726,0.0,1.0281141126493971,0.0,0.0,0.0,0.0,0.0,0.0,0.0,0.0,0.0,0.46214662581948573,0.0,0.0,1.5749999999999998e-09
4854.0,1.1202810061535144,0.0,0.197147579,0.0,1.1969682581402692,0.0,0.0,0.07668725198675487,0.0,0.0,0.0,0.0,0.0,0.0,0.21987210413163746,0.0,0.0,1.5749999999999998e-09
4855.0,0.913985767444381,0.0,0.189491044,0.0,1.3618151477692853,0.0,0.0,0.44782938032490416,0.0,0.06901852678807938,0.0,0.0,0.0,0.0,0.0,0.0,0.0,1.575021454469746e-09
4856.0,0.9512890841810258,6.36e-09,0.184713695,1.3829435656391549e-09,1.3274817771938376,0.0,0.0,0.3761926943957555,0.0,0.4720640289308268,0.0,0.0,0.0,0.0,0.0,0.0,0.0,1.5750429092317427e-09
4857.0,0.9305113703661282,0.000497193,0.173377566,0.00010811161324384093,1.2460124271739672,0.0,0.0,0.315609168421083,0.0,0.8106310235724238,0.0,0.0,0.0,0.0,0.0,0.0,0.0,1.5750643642859937e-09
4858.0,0.9909376253647941,0.00853271,0.15963701,0.0018553862251517097,1.1472631833861069,0.0,0.0,0.1581809442464646,0.0,1.0946682329787847,0.0,0.0,0.0,0.0,0.0,0.0,0.0,1.5750858196325029e-09
4859.0,0.9059977627962901,0.045916115,0.142883443,0.009984181729307779,1.0268603356411359,0.0,0.0,0.13084675457415357,0.0,1.2370161715583337,0.0,0.0,0.0,0.0,0.0,0.0,0.0,1.5751072752712744e-09
4860.0,1.0567352020003353,0.133772929,0.11742346,0.029088115002712814,0.8438870943762425,0.0,0.0,0.0,0.18375999262138001,1.354761400411888,0.0,0.0,0.0,0.0,0.0,0.0,0.0,1.7501430346692358e-09
4861.0,0.9973970070904736,0.276578609,0.113365168,0.06014034712421031,0.8147213702184777,0.0,0.0,0.0,0.12253528974778564,1.1709829536371401,0.0,0.0,0.0,0.0,0.0,0.0,0.0,1.7501668749173558e-09
4862.0,1.1682134877067798,0.439440622,0.132868554,0.09555370765335974,0.9548863401660358,0.0,0.0,0.0,0.11777343988738427,1.0484317131108551,0.0,0.0,0.0,0.0,0.0,0.0,0.0,1.7501907154902246e-09
4863.0,1.1212511371202434,0.590141116,0.13876588,0.12832261936970282,0.9972686486308815,0.0,0.0,0.004340130880340943,0.0,0.9306439918012044,0.0,0.0,0.0,0.0,0.0,0.0,0.0,1.5751931007490627e-09
4864.0,1.2396293683858994,0.710822939,0.136449551,0.1545641524840823,0.9806218886952652,0.0,0.0,0.0,0.10444332720655188,0.9345374326402481,0.0,0.0,0.0,0.0,0.0,0.0,0.0,1.7502383976102281e-09
4865.0,1.3617857702238183,0.78625128,0.137628163,0.17096558941062098,0.9890922186964164,0.0,0.0,0.0,0.20172796211678087,0.8300813754451501,0.0,0.0,0.0,0.0,0.0,0.0,0.0,1.7502622391573711e-09
4866.0,1.2795582684637268,0.809722551,0.143956062,0.17606927544942963,1.0345689258264594,0.0,0.0,0.0,0.06892006718783765,0.6283421062088973,0.0,0.0,0.0,0.0,0.0,0.0,0.0,1.750286081029281e-09
4867.0,1.455839524681519,0.779542259,0.153024859,0.16950675333771406,1.0997436426148937,0.0,0.0,0.0,0.18658912872891137,0.5594134799333916,0.0,0.0,0.0,0.0,0.0,0.0,0.0,1.7503099232259622e-09
4868.0,1.3423208485794742,0.70098558,0.162583939,0.15242507821805518,1.1684418758819939,0.0,0.0,0.0,0.02145389447942505,0.37281673104188057,0.0,0.0,0.0,0.0,0.0,0.0,0.0,1.7503337657474187e-09
4869.0,1.43180875676261,0.58499722,0.168875219,0.1272041102697788,1.2136554132714337,0.0,0.0,0.0,0.09094923322139771,0.35135775816479026,0.0,0.0,0.0,0.0,0.0,0.0,0.0,1.750357608593656e-09
4870.0,1.5111458911149585,0.450140929,0.172514775,0.09788042474707259,1.2398118077232714,0.0,0.0,0.0,0.1734536586446145,0.2604037388534182,0.0,0.0,0.0,0.0,0.0,0.0,0.0,1.7503814517646773e-09
4871.0,1.3418246579336328,0.301986183,0.176249297,0.06566507054902175,1.266650694258076,0.0,0.0,0.0,0.009508893126535157,0.08694653306719421,0.0,0.0,0.0,0.0,0.0,0.0,0.0,1.7504052952604874e-09
4872.0,1.4636517485627143,0.164255753,0.187916577,0.035716420869585576,1.350499926928226,0.0,0.0,0.0,0.07743540076490259,0.07743645558106958,0.0,0.0,0.0,0.0,0.0,0.0,0.0,1.7504291390810913e-09
4873.0,1.2665772047024513,0.064441898,0.21611012,0.014012501288785333,1.2525647034136658,0.0,0.0,0.0,0.0,0.0,0.0,0.0,0.0,0.0,0.30055373843859373,0.0,0.0,1.5749999999999998e-09
4874.0,1.3938045427908181,0.013742393,0.258702274,0.0029882003106658115,1.3908163424801523,0.0,0.0,0.0,0.0,0.0,0.0,0.0,0.0,0.0,0.4683991014727561,0.0,0.0,1.5749999999999998e-09
4875.0,1.172303167828022,0.000612041,0.283448886,0.00013308461680147074,1.1721700832112205,0.0,0.0,0.0,0.0,0.0,0.0,0.0,0.0,0.0,0.8648918191609534,0.0,0.0,1.5749999999999998e-09
4876.0,1.1675815672789298,0.0,0.286650152,0.0,1.16758156727893,0.0,0.0,0.0,0.0,0.0,0.0,0.0,0.0,0.0,0.8924868711216104,0.0,0.0,1.5749999999999998e-09
4877.0,1.162986795181955,0.0,0.277588874,0.0,1.162986795181955,0.0,0.0,0.0,0.0,0.0,0.0,0.0,0.0,0.0,0.8319609632219698,0.0,0.0,1.5749999999999998e-09
4878.0,0.9498739387158196,0.0,0.263546721,0.0,0.9498739387158196,0.0,0.0,0.0,0.0,0.0,0.0,0.0,0.0,0.0,0.9441570889602194,0.0,0.0,1.5749999999999998e-09
4879.0,1.0567441023303017,0.0,0.246389495,0.0,1.0567441023303017,0.0,0.0,0.0,0.0,0.0,0.0,0.0,0.0,0.0,0.7139831017597477,0.0,0.0,1.5749999999999998e-09
4880.0,0.9332415328343985,3.14e-09,0.22993112,6.827740245451173e-10,0.9332415321516244,0.0,0.0,0.0,0.0,0.0,0.0,0.0,0.0,0.0,0.7192042803246488,0.0,0.0,1.5749999999999998e-09
4881.0,0.858005204765694,0.000516443,0.205795388,0.00011229740941342485,0.8578929073562805,0.0,0.0,0.0,0.0,0.0,0.0,0.0,0.0,0.0,0.6210966575513748,0.0,0.0,1.5749999999999998e-09
4882.0,0.9266241710017565,0.008169279,0.180010848,0.0017763603504655767,1.0986830652188213,0.0,0.0,0.17383525456753027,0.0,0.0,0.0,0.0,0.0,0.0,0.1950007648686543,0.0,0.0,1.5749999999999998e-09
4883.0,0.959279314661552,0.046517442,0.15501558,0.010114936651555434,1.114050355774289,0.0,0.0,0.16488597776429223,0.0,0.15645172911077726,0.0,0.0,0.0,0.0,0.0,0.0,0.0,1.575021454469746e-09
4884.0,1.000062641416543,0.13905028,0.120240713,0.030235643085899818,0.8641338444574679,0.0,0.0,0.0,0.1056931538731753,0.30484697796012183,0.0,0.0,0.0,0.0,0.0,0.0,0.0,1.7500476769241584e-09
4885.0,1.1005935782598566,0.284547791,0.11682323,0.06187319759123978,0.839573421872831,0.0,0.0,0.0,0.1991469587957859,0.1991496715528669,0.0,0.0,0.0,0.0,0.0,0.0,0.0,1.7500715158733263e-09
4886.0,1.0602374633435603,0.446123994,0.138531531,0.09700696650621712,0.9802639705821641,0.0,0.0,0.017033473744820886,0.0,0.0,0.0,0.0,0.0,0.0,0.015320482261265991,0.0,0.0,1.5749999999999998e-09
4887.0,1.2374354485482824,0.595878357,0.152021859,0.12957014775421088,1.092535383246115,0.0,0.0,0.0,0.015329917547956422,0.015330126370338799,0.0,0.0,0.0,0.0,0.0,0.0,0.0,1.7500238382997177e-09
4888.0,1.1854288627011973,0.713635771,0.159153416,0.15517578580414895,1.0302530768970484,0.0,0.0,0.0,0.0,0.0,0.0,0.0,0.0,0.0,0.11353466184181518,0.0,0.0,1.5749999999999998e-09
4889.0,1.299928794932448,0.787864801,0.172199875,0.17131643980134012,1.1286123551311078,0.0,0.0,0.0,0.0,0.0,0.0,0.0,0.0,0.0,0.10893636099173658,0.0,0.0,1.5749999999999998e-09
4890.0,1.4144954791384854,0.8140583,0.188151574,0.1770120578679479,1.2374834212705375,0.0,0.0,0.0,0.0,0.0,0.0,0.0,0.0,0.0,0.11470535842626758,0.0,0.0,1.5749999999999998e-09
4891.0,1.3213139530178064,0.789993159,0.203081548,0.17177923838647793,1.1495347146313284,0.0,0.0,0.0,0.0,0.0,0.0,0.0,0.0,0.0,0.30995129832681007,0.0,0.0,1.5749999999999998e-09
4892.0,1.4770889529848688,0.718774117,0.213821408,0.15629308809011241,1.3207958648947564,0.0,0.0,0.0,0.0,0.0,0.0,0.0,0.0,0.0,0.21587429209565331,0.0,0.0,1.5749999999999998e-09
4893.0,1.365085550810173,0.608040847,0.219482489,0.13221480770509936,1.2328707431050734,0.0,0.0,0.0,0.0,0.0,0.0,0.0,0.0,0.0,0.3444839005809126,0.0,0.0,1.5749999999999998e-09
4894.0,1.507292067238018,0.472651992,0.222326218,0.10277531935895114,1.4045167478790666,0.0,0.0,0.0,0.0,0.0,0.0,0.0,0.0,0.0,0.19327492093804272,0.0,0.0,1.5749999999999998e-09
4895.0,1.346737615077043,0.322222728,0.225366176,0.0700653849670276,1.2766722301100153,0.0,0.0,0.0,0.0,0.0,0.0,0.0,0.0,0.0,0.3429667026494597,0.0,0.0,1.5749999999999998e-09
4896.0,1.390794021428489,0.176781765,0.234229621,0.03844012648256024,1.3523538949459286,0.0,0.0,0.0,0.0,0.0,0.0,0.0,0.0,0.0,0.3309839515332888,0.0,0.0,1.5749999999999998e-09
4897.0,1.435041785374178,0.070075928,0.265916205,0.015237587065061741,1.4198041983091163,0.0,0.0,0.0,0.0,0.0,0.0,0.0,0.0,0.0,0.4912555983022876,0.0,0.0,1.5749999999999998e-09
4898.0,1.2436522975322797,0.015445948,0.304038316,0.0033586280505970077,1.2402936694816828,0.0,0.0,0.0,0.0,0.0,0.0,0.0,0.0,0.0,0.9447382744610852,0.0,0.0,1.5749999999999998e-09
4899.0,1.3429794699972237,0.000653688,0.323519845,0.00014214050527288174,1.3428373294919507,0.0,0.0,0.0,0.0,0.0,0.0,0.0,0.0,0.0,0.9822025047124101,0.0,0.0,1.5749999999999998e-09
4900.0,1.1018462929531547,0.0,0.323546021,0.0,1.1018462929531547,0.0,0.0,0.0,0.0,0.0,0.0,0.0,0.0,0.0,1.2233816602913228,0.0,0.0,1.5749999999999998e-09
4901.0,1.1008027345141829,0.0,0.309483349,0.0,1.1008027345141829,0.0,0.0,0.0,0.0,0.0,0.0,0.0,0.0,0.0,1.1233610241200687,0.0,0.0,1.5749999999999998e-09
4902.0,1.0368742171723673,0.0,0.291831357,0.0,1.0368742171723673,0.0,0.0,0.0,0.0,0.0,0.0,0.0,0.0,0.0,1.0604299834243955,0.0,0.0,1.5749999999999998e-09
4903.0,0.9869903495230918,0.0,0.27371713,0.0,0.9869903495230918,0.0,0.0,0.0,0.0,0.0,0.0,0.0,0.0,0.0,0.980132349098668,0.0,0.0,1.5749999999999998e-09
4904.0,0.9493132209277019,3.92e-10,0.25676901,8.523803108970892e-11,0.9493132208424638,0.0,0.0,0.0,0.0,0.0,0.0,0.0,0.0,0.0,0.8960084361310611,0.0,0.0,1.5749999999999998e-09
4905.0,0.9861826483283463,0.000374181,0.230970254,8.13633972223938e-05,0.9861012849311239,0.0,0.0,0.0,0.0,0.0,0.0,0.0,0.0,0.0,0.6738124711053849,0.0,0.0,1.5749999999999998e-09
4906.0,0.8763998669811668,0.007382432,0.205968921,0.0016052652253409744,1.4058951178665207,0.0,0.0,0.531100516110695,0.0,0.0,0.0,0.0,0.0,0.0,0.07434157652572314,0.0,0.0,1.5749999999999998e-09
4907.0,1.0139938116520286,0.045854808,0.179378467,0.00997085089264447,1.2891390980158033,0.0,0.0,0.2851161372564192,0.0,0.4779904644996255,0.0,0.0,0.0,0.0,0.0,0.0,0.0,1.575021454469746e-09
4908.0,0.9453147679387107,0.142876736,0.142986164,0.03106768281929626,1.0275985605769486,0.0,0.0,0.11335147545753418,0.0,0.7345884769876925,0.0,0.0,0.0,0.0,0.0,0.0,0.0,1.5750429092317427e-09
4909.0,1.050300296432045,0.294766346,0.130583857,0.06409516062384667,0.9384669099017587,0.0,0.0,0.0,0.04773822590643945,0.8365947985556164,0.0,0.0,0.0,0.0,0.0,0.0,0.0,1.7500715158733263e-09
4910.0,1.1662977009307867,0.461795337,0.146618459,0.10041460533747092,1.0537027724053802,0.0,0.0,0.0,0.012180323187935424,0.7888451768058095,0.0,0.0,0.0,0.0,0.0,0.0,0.0,1.7500953551472252e-09
4911.0,1.1274034589619646,0.614300195,0.147683989,0.13357586510159247,1.061360416079572,0.0,0.0,0.06753282221919983,0.0,0.7766541082055292,0.0,0.0,0.0,0.0,0.0,0.0,0.0,1.5751072752712744e-09
4912.0,1.30496412986303,0.735035636,0.138884947,0.15982905712605094,0.9981243473529775,0.0,0.0,0.0,0.14701072538400123,0.8374230688535432,0.0,0.0,0.0,0.0,0.0,0.0,0.0,1.7501430346692358e-09
4913.0,1.2422794278844709,0.813302071,0.138147012,0.1768476204418945,0.9928210304264576,0.0,0.0,0.0,0.07261077701611877,0.690400936343725,0.0,0.0,0.0,0.0,0.0,0.0,0.0,1.7501668749173558e-09
4914.0,1.3528432094364964,0.84368516,0.144844144,0.1834542395357297,1.040951304088417,0.0,0.0,0.0,0.1284376658123495,0.6177807548931716,0.0,0.0,0.0,0.0,0.0,0.0,0.0,1.7501907154902246e-09
4915.0,1.39398922388768,0.821926679,0.155897202,0.1787229893317939,1.1203863079589562,0.0,0.0,0.0,0.09487992659692993,0.4893346738567133,0.0,0.0,0.0,0.0,0.0,0.0,0.0,1.7502145563878474e-09
4916.0,1.4207768542648345,0.748269083,0.165962318,0.1627065902046479,1.192721269778339,0.0,0.0,0.0,0.06534899428184765,0.39444808168965656,0.0,0.0,0.0,0.0,0.0,0.0,0.0,1.7502383976102281e-09
4917.0,1.5135645430343247,0.633943895,0.172391639,0.13784726895699276,1.238926866321842,0.0,0.0,0.0,0.13679040775548998,0.32909371435437457,0.0,0.0,0.0,0.0,0.0,0.0,0.0,1.7502622391573711e-09
4918.0,1.3730646551282972,0.489974528,0.174646817,0.10654200012966696,1.2551341524103394,0.0,0.0,0.0,0.011388502588290772,0.19229882378303573,0.0,0.0,0.0,0.0,0.0,0.0,0.0,1.750286081029281e-09
4919.0,1.510480594199753,0.329868322,0.175024366,0.07172787317894415,1.2578474835333928,0.0,0.0,0.0,0.18090523748741602,0.18090770175785706,0.0,0.0,0.0,0.0,0.0,0.0,0.0,1.7503099232259622e-09
4920.0,1.3188730497735615,0.178949784,0.183507073,0.03891154911247116,1.2799615006610903,0.0,0.0,0.0,0.0,0.0,0.0,0.0,0.0,0.0,0.038848647085016355,0.0,0.0,1.5749999999999998e-09
4921.0,1.3556000728946662,0.070849143,0.208937462,0.01540571799416641,1.3401943549004998,0.0,0.0,0.0,0.0,0.0,0.0,0.0,0.0,0.0,0.16137635093227515,0.0,0.0,1.5749999999999998e-09
4922.0,1.4015366647022396,0.015151972,0.240975648,0.003294704745934691,1.398241959956305,0.0,0.0,0.0,0.0,0.0,0.0,0.0,0.0,0.0,0.33357755384572585,0.0,0.0,1.5749999999999998e-09
4923.0,1.1759456096182013,0.000505828,0.26065687,0.00010998924181134,1.17583562037639,0.0,0.0,0.0,0.0,0.0,0.0,0.0,0.0,0.0,0.6974269172247505,0.0,0.0,1.5749999999999998e-09
4924.0,1.098372956432415,0.0,0.265114791,0.0,1.098372956432415,0.0,0.0,0.0,0.0,0.0,0.0,0.0,0.0,0.0,0.8069273187694473,0.0,0.0,1.5749999999999998e-09
4925.0,1.0225113834333168,0.0,0.256683693,0.0,1.0225113834333168,0.0,0.0,0.0,0.0,0.0,0.0,0.0,0.0,0.0,0.8221971259185069,0.0,0.0,1.5749999999999998e-09
4926.0,1.0303948109541692,0.0,0.246328249,0.0,1.0303948109541692,0.0,0.0,0.0,0.0,0.0,0.0,0.0,0.0,0.0,0.7398922365523308,0.0,0.0,1.5749999999999998e-09
4927.0,0.9056284006025658,0.0,0.236290811,0.0,1.2826169909935423,0.0,0.0,0.3769885903909765,0.0,0.0,0.0,0.0,0.0,0.0,0.41553400815599656,0.0,0.0,1.5749999999999998e-09
4928.0,0.9374980933925697,0.0,0.224929881,0.0,1.5793401028763738,0.0,0.0,0.6418420094838041,0.0,0.33928973135187884,0.0,0.0,0.0,0.0,0.037163308924675294,0.0,0.0,1.5749999999999998e-09
4929.0,0.907708841983053,0.000378649,0.205265768,8.233493682165099e-05,1.4751833452397667,0.0,0.0,0.5675568381935353,0.0,0.916942918184369,0.0,0.0,0.0,0.0,0.0,0.0,0.0,1.5750429092317427e-09
4930.0,0.9521501863556459,0.007265116,0.185234595,0.0015797555700978103,1.3312253288440834,0.0,0.0,0.3806548980585354,0.0,1.427731582237202,0.0,0.0,0.0,0.0,0.0,0.0,0.0,1.5750643642859937e-09
4931.0,0.8384379298266971,0.045237236,0.162494043,0.0098365635933176,1.1677958203643313,0.0,0.0,0.3391944541309519,0.0,1.7703015423585904,0.0,0.0,0.0,0.0,0.0,0.0,0.0,1.5750858196325029e-09
4932.0,0.9602983969431345,0.139308717,0.125461986,0.030291838649779235,0.9016575633200796,0.0,0.0,0.0,0.028348994973275636,2.0755524365599274,0.0,0.0,0.0,0.0,0.0,0.0,0.0,1.7501191947458603e-09
4933.0,0.8997119370049955,0.289072986,0.110838438,0.06285717389760966,0.796562521569551,0.0,0.0,0.0,0.04029224153783484,2.047175169034027,0.0,0.0,0.0,0.0,0.0,0.0,0.0,1.7501430346692358e-09
4934.0,1.0198880249246447,0.452748668,0.127860152,0.09844746183369464,0.9188924611639339,0.0,0.0,0.0,0.0025481019270161133,2.006855041490192,0.0,0.0,0.0,0.0,0.0,0.0,0.0,1.7501668749173558e-09
4935.0,1.151262895778999,0.603087526,0.129957486,0.13113773798725417,0.933965369892705,0.0,0.0,0.0,0.08615978789903991,2.004279602785857,0.0,0.0,0.0,0.0,0.0,0.0,0.0,1.7501907154902246e-09
4936.0,1.1191439957497813,0.722405011,0.119340521,0.15708260404841712,0.857664435267339,0.0,0.0,0.0,0.10439695643402515,1.9180925131913522,0.0,0.0,0.0,0.0,0.0,0.0,0.0,1.7502145563878474e-09
4937.0,1.292523758397429,0.79921928,0.113911328,0.17378540264320091,0.8186464578923083,0.0,0.0,0.0,0.3000918978619198,1.8136694290765403,0.0,0.0,0.0,0.0,0.0,0.0,0.0,1.7502383976102281e-09
4938.0,1.2305021275016401,0.827581156,0.116298599,0.1799525211846562,0.8358030566476052,0.0,0.0,0.0,0.21474654966937867,1.5135528259537585,0.0,0.0,0.0,0.0,0.0,0.0,0.0,1.7502622391573711e-09
4939.0,1.3914081411964059,0.804288001,0.124857642,0.17488756539366793,0.8973143247358674,0.0,0.0,0.0,0.3192062510668705,1.2987856591218505,0.0,0.0,0.0,0.0,0.0,0.0,0.0,1.750286081029281e-09
4940.0,1.2955832310746114,0.731203342,0.134407334,0.15899574795483432,0.9659450892702119,0.0,0.0,0.0,0.1706423938495652,0.9795617163863675,0.0,0.0,0.0,0.0,0.0,0.0,0.0,1.7503099232259622e-09
4941.0,1.3809236064917603,0.61620332,0.142321483,0.1339896881319945,1.022821698118824,0.0,0.0,0.0,0.22411222024094152,0.8089059792409702,0.0,0.0,0.0,0.0,0.0,0.0,0.0,1.7503337657474187e-09
4942.0,1.4596688714011459,0.476523896,0.14800586,0.10361724148529901,1.063673606160617,0.0,0.0,0.0,0.29237802375522987,0.5847827403254513,0.0,0.0,0.0,0.0,0.0,0.0,0.0,1.750357608593656e-09
4943.0,1.308995959339377,0.320847705,0.153572453,0.06976639452513202,1.1036790360154785,0.0,0.0,0.0,0.13555052879876636,0.2923967508351676,0.0,0.0,0.0,0.0,0.0,0.0,0.0,1.7503814517646773e-09
4944.0,1.4252002952599347,0.174806528,0.171198143,0.03801062313354099,1.2303495694887416,0.0,0.0,0.0,0.1568401026376521,0.15684223909558037,0.0,0.0,0.0,0.0,0.0,0.0,0.0,1.7504052952604874e-09
4945.0,1.2382097732556723,0.068696147,0.206276275,0.014937562024819422,1.223272211230853,0.0,0.0,0.0,0.0,0.0,0.0,0.0,0.0,0.0,0.2591733439291191,0.0,0.0,1.5749999999999998e-09
4946.0,1.3596207762086112,0.013780186,0.24171761,0.0029964181701274783,1.3566243580384838,0.0,0.0,0.0,0.0,0.0,0.0,0.0,0.0,0.0,0.38052741352803127,0.0,0.0,1.5749999999999998e-09
4947.0,1.1493782606578506,0.000489456,0.258375568,0.00010642924934960347,1.3445168306578257,0.0,0.0,0.19524499924932465,0.0,0.0,0.0,0.0,0.0,0.0,0.5123506755230628,0.0,0.0,1.5749999999999998e-09
4948.0,1.154108762536834,0.0,0.255404742,0.0,1.7959507720206382,0.0,0.0,0.6418420094838041,0.0,0.17572049932439218,0.0,0.0,0.0,0.0,0.039566301111885006,0.0,0.0,1.5749999999999998e-09
4949.0,1.1542667416438719,0.0,0.240768428,0.0,1.7303302859791017,0.0,0.0,0.5760635443352298,0.0,0.7533759142478903,0.0,0.0,0.0,0.0,0.0,0.0,0.0,1.5750429092317427e-09
4950.0,0.9423754492161139,0.0,0.22207143,0.0,1.584217458699918,0.0,0.0,0.6418420094838041,0.0,1.271822841888906,0.0,0.0,0.0,0.0,0.011743125383340576,0.0,0.0,1.5749999999999998e-09
4951.0,1.0391771658020934,0.0,0.201844914,0.0,1.4505986962918873,0.0,0.0,0.4114215304897938,0.0,1.8494633260351243,0.0,0.0,0.0,0.0,0.0,0.0,0.0,1.5750858196325029e-09
4952.0,0.9172165712234382,0.0,0.18372265,0.0,1.3203594348148435,0.0,0.0,0.4031428635914053,0.0,2.2197175106413507,0.0,0.0,0.0,0.0,0.0,0.0,0.0,1.5751072752712744e-09
4953.0,0.8319318216186744,0.00027237,0.162856815,5.922521053036739e-05,1.1704029536322578,0.0,0.0,0.3385303572241138,0.0,2.5825158515476008,0.0,0.0,0.0,0.0,0.0,0.0,0.0,1.575128731202312e-09
4954.0,0.8767825791698783,0.005582458,0.143023578,0.0012138717565331485,1.0278674437434727,0.0,0.0,0.15229873633012755,0.0,2.887157994793128,0.0,0.0,0.0,0.0,0.0,0.0,0.0,1.57515018742562e-09
4955.0,0.9229439040591255,0.040545345,0.121627514,0.00881634024911473,0.8741003661931421,0.0,0.0,0.0,0.040027197616868654,3.024187529490185,0.0,0.0,0.0,0.0,0.0,0.0,0.0,1.7501907154902246e-09
4956.0,0.8220947821693767,0.133477187,0.091176537,0.029023807692022677,0.655258351987056,0.0,0.0,0.0,0.1378126224902981,2.984119137298046,0.0,0.0,0.0,0.0,0.0,0.0,0.0,1.7502145563878474e-09
4957.0,0.9696637209040552,0.284958203,0.073338485,0.061962439200463224,0.5270616366832118,0.0,0.0,0.0,0.3806396450203801,2.8462658660320956,0.0,0.0,0.0,0.0,0.0,0.0,0.0,1.7502383976102281e-09
4958.0,0.9404641131050662,0.455514262,0.074532281,0.09904882353612705,0.5356410895260934,0.0,0.0,0.0,0.3057742000428457,2.4655874500319688,0.0,0.0,0.0,0.0,0.0,0.0,0.0,1.7502622391573711e-09
4959.0,1.1235229350950489,0.614035174,0.074917196,0.13351823788670106,0.538407357875977,0.0,0.0,0.0,0.45159733933237073,2.159779664496555,0.0,0.0,0.0,0.0,0.0,0.0,0.0,1.750286081029281e-09
4960.0,1.0973917003032092,0.737652605,0.074097298,0.1603981012203948,0.532514997517111,0.0,0.0,0.0,0.4044786015657035,1.7081529052935285,0.0,0.0,0.0,0.0,0.0,0.0,0.0,1.7503099232259622e-09
4961.0,1.2164619284740457,0.816544871,0.084562599,0.17755274770520496,0.6077259685842451,0.0,0.0,0.0,0.4311832121845956,1.303651035781395,0.0,0.0,0.0,0.0,0.0,0.0,0.0,1.7503337657474187e-09
4962.0,1.3323814558355238,0.84070218,0.1025241,0.18280560856129097,0.7368098747263906,0.0,0.0,0.0,0.4127659725478423,0.8724500656534856,0.0,0.0,0.0,0.0,0.0,0.0,0.0,1.750357608593656e-09
4963.0,1.2627678824753432,0.811083611,0.122427414,0.17636522972135554,0.8798490069399875,0.0,0.0,0.0,0.20655364581400038,0.45967220885258403,0.0,0.0,0.0,0.0,0.0,0.0,0.0,1.7503814517646773e-09
4964.0,1.4117386156803156,0.734627553,0.142045584,0.159740321943803,1.020838894976664,0.0,0.0,0.0,0.23115939875984876,0.25311230152165637,0.0,0.0,0.0,0.0,0.0,0.0,0.0,1.7504052952604874e-09
4965.0,1.311265531481747,0.615707056,0.160774029,0.1338817785241866,1.155434597004481,0.0,0.0,0.0,0.02194915595307959,0.02194945494196997,0.0,0.0,0.0,0.0,0.0,0.0,0.0,1.7504291390810913e-09
4966.0,1.385665232533296,0.471118115,0.17985306,0.10244178707473228,1.283223445458564,0.0,0.0,0.0,0.0,0.0,0.0,0.0,0.0,0.0,0.009326409724344483,0.0,0.0,1.5749999999999998e-09
4967.0,1.3816779057067066,0.311714704,0.202759531,0.06778047864967196,1.3138974270570347,0.0,0.0,0.0,0.0,0.0,0.0,0.0,0.0,0.0,0.14327434656196533,0.0,0.0,1.5749999999999998e-09
4968.0,1.3608979670592987,0.166095137,0.233375602,0.036116383804733324,1.324781583254565,0.0,0.0,0.0,0.0,0.0,0.0,0.0,0.0,0.0,0.3524186854999617,0.0,0.0,1.5749999999999998e-09
4969.0,1.4066476529374994,0.062681834,0.272615715,0.013629786008295851,1.3930178669292033,0.0,0.0,0.0,0.0,0.0,0.0,0.0,0.0,0.0,0.5661892933150259,0.0,0.0,1.5749999999999998e-09
4970.0,1.2341200921345052,0.012256591,0.313598984,0.0026651216446730774,1.231454970489832,0.0,0.0,0.0,0.0,0.0,0.0,0.0,0.0,0.0,1.022286619198479,0.0,0.0,1.5749999999999998e-09
4971.0,1.3260422290643548,0.000452076,0.332849625,9.830119424212052e-05,1.3259439278701126,0.0,0.0,0.0,0.0,0.0,0.0,0.0,0.0,0.0,1.0661462294585164,0.0,0.0,1.5749999999999998e-09
4972.0,1.1028676000672475,0.0,0.330967911,0.0,1.1028676000672475,0.0,0.0,0.0,0.0,0.0,0.0,0.0,0.0,0.0,1.275699244629416,0.0,0.0,1.5749999999999998e-09
4973.0,1.099476592348642,0.0,0.319112566,0.0,1.099476592348642,0.0,0.0,0.0,0.0,0.0,0.0,0.0,0.0,0.0,1.193889453079477,0.0,0.0,1.5749999999999998e-09
4974.0,1.1071886887676199,0.0,0.301029766,0.0,1.1071886887676199,0.0,0.0,0.0,0.0,0.0,0.0,0.0,0.0,0.0,1.056221711083485,0.0,0.0,1.5749999999999998e-09
4975.0,0.9287669146920094,0.0,0.28013666,0.0,0.9287669146920094,0.0,0.0,0.0,0.0,0.0,0.0,0.0,0.0,0.0,1.0844910155006913,0.0,0.0,1.5749999999999998e-09
4976.0,0.9560818873698503,0.0,0.261198265,0.0,0.9560818873698503,0.0,0.0,0.0,0.0,0.0,0.0,0.0,0.0,0.0,0.9210714932830942,0.0,0.0,1.5749999999999998e-09
4977.0,0.9931871720147208,0.000301516,0.232775047,6.556283209705273e-05,0.9931216091826238,0.0,0.0,0.0,0.0,0.0,0.0,0.0,0.0,0.0,0.6797626513912285,0.0,0.0,1.5749999999999998e-09
4978.0,0.8945030451401037,0.005710341,0.207129702,0.0012416791420684682,0.8932613659980353,0.0,0.0,0.0,0.0,0.0,0.0,0.0,0.0,0.0,0.5953175123606591,0.0,0.0,1.5749999999999998e-09
4979.0,0.9784883525693016,0.040525629,0.185598912,0.008812053124061248,0.9696762994452403,0.0,0.0,0.0,0.0,0.0,0.0,0.0,0.0,0.0,0.36416726611714356,0.0,0.0,1.5749999999999998e-09
4980.0,1.0193117313091045,0.131794281,0.155442084,0.028657869952356717,0.9906538613567478,0.0,0.0,0.0,0.0,0.0,0.0,0.0,0.0,0.0,0.12646165040340504,0.0,0.0,1.5749999999999998e-09
4981.0,1.078449670294606,0.280284768,0.142182988,0.06094622900192819,1.0175034412926778,0.0,0.0,0.0,0.0,0.0,0.0,0.0,0.0,0.0,0.004322934910613891,0.0,0.0,1.5749999999999998e-09
4982.0,1.2031671293313557,0.448691739,0.171317135,0.09756530713922845,1.105601822192127,0.0,0.0,0.0,0.0,0.0,0.0,0.0,0.0,0.0,0.1256029070162654,0.0,0.0,1.5749999999999998e-09
4983.0,1.1782441075829815,0.604130644,0.214169799,0.13136455769264763,1.0468795498903338,0.0,0.0,0.0,0.0,0.0,0.0,0.0,0.0,0.0,0.49229438844578677,0.0,0.0,1.5749999999999998e-09
4984.0,1.3686812651180837,0.725562445,0.242524626,0.15776916899090615,1.2109120961271775,0.0,0.0,0.0,0.0,0.0,0.0,0.0,0.0,0.0,0.5320394567381951,0.0,0.0,1.5749999999999998e-09
4985.0,1.317847291994523,0.802434563,0.27696368,0.17448454650115047,1.1433627454933726,0.0,0.0,0.0,0.0,0.0,0.0,0.0,0.0,0.0,0.8470919316465403,0.0,0.0,1.5749999999999998e-09
4986.0,1.4321135918140582,0.827477015,0.315744195,0.1799298763535447,1.2521837154605133,0.0,0.0,0.0,0.0,0.0,0.0,0.0,0.0,0.0,1.0169748605575648,0.0,0.0,1.5749999999999998e-09
4987.0,1.5414024073479067,0.801213806,0.353501713,0.1742191002687041,1.3671833070792025,0.0,0.0,0.0,0.0,0.0,0.0,0.0,0.0,0.0,1.173327196022941,0.0,0.0,1.5749999999999998e-09
4988.0,1.4317931809351874,0.724113365,0.387820747,0.15745407530189728,1.27433910563329,0.0,0.0,0.0,0.0,0.0,0.0,0.0,0.0,0.0,1.512811974096893,0.0,0.0,1.5749999999999998e-09
4989.0,1.5897888027296914,0.604756671,0.416250195,0.13150068348062974,1.4582881192490618,0.0,0.0,0.0,0.0,0.0,0.0,0.0,0.0,0.0,1.5331768536966717,0.0,0.0,1.5749999999999998e-09
4990.0,1.4481964050698386,0.463418149,0.443284218,0.10076747599999325,1.3474289290698453,0.0,0.0,0.0,0.0,0.0,0.0,0.0,0.0,0.0,1.8383214372612517,0.0,0.0,1.5749999999999998e-09
4991.0,1.5874435772826432,0.310563337,0.463453052,0.0675301208533922,1.519913456429251,0.0,0.0,0.0,0.0,0.0,0.0,0.0,0.0,0.0,1.8107842545058697,0.0,0.0,1.5749999999999998e-09
4992.0,1.4004130042934937,0.167892699,0.47247792,0.036507252798717194,1.3639057514947763,0.0,0.0,0.0,0.0,0.0,0.0,0.0,0.0,0.0,2.031650971716504,0.0,0.0,1.5749999999999998e-09
4993.0,1.4444160096650651,0.066257524,0.487801193,0.014407298190405954,1.4300087114746591,0.0,0.0,0.0,0.0,0.0,0.0,0.0,0.0,0.0,2.075671766634526,0.0,0.0,1.5749999999999998e-09
4994.0,1.4937992370034783,0.013975357,0.496008428,0.003038856924632095,1.4907603800788463,0.0,0.0,0.0,0.0,0.0,0.0,0.0,0.0,0.0,2.073903027821481,0.0,0.0,1.5749999999999998e-09
4995.0,1.2579973306113974,0.000500219,0.495297874,0.00010876959865730383,1.2578885610127402,0.0,0.0,0.0,0.0,0.0,0.0,0.0,0.0,0.0,2.3016683089738055,0.0,0.0,1.5749999999999998e-09
4996.0,1.3344463223885132,0.0,0.495901333,0.0,1.3344463223885132,0.0,0.0,0.0,0.0,0.0,0.0,0.0,0.0,0.0,2.2294474259533903,0.0,0.0,1.5749999999999998e-09
4997.0,1.0866557325269148,0.0,0.488212078,0.0,1.0866557325269148,0.0,0.0,0.0,0.0,0.0,0.0,0.0,0.0,0.0,2.4219776525122207,0.0,0.0,1.5749999999999998e-09
4998.0,1.0943945299357922,0.0,0.476855973,0.0,1.0943945299357922,0.0,0.0,0.0,0.0,0.0,0.0,0.0,0.0,0.0,2.332625943578836,0.0,0.0,1.5749999999999998e-09
4999.0,1.037917775611339,0.0,0.469813292,0.0,1.037917775611339,0.0,0.0,0.0,0.0,0.0,0.0,0.0,0.0,0.0,2.3384890674949474,0.0,0.0,1.5749999999999998e-09
5000.0,0.9952053120853671,0.0,0.462000003,0.0,0.9952053120853671,0.0,0.0,0.0,0.0,0.0,0.0,0.0,0.0,0.0,2.325049772660776,0.0,0.0,1.5749999999999998e-09
5001.0,0.9725941392966855,0.000252939,0.438415353,5.500005700459153e-05,0.9725391392396808,0.0,0.0,0.0,0.0,0.0,0.0,0.0,0.0,0.0,2.1782201585454875,0.0,0.0,1.5749999999999998e-09
5002.0,1.033254026707067,0.006308002,0.412039311,0.0013716369147702702,1.0318823897922966,0.0,0.0,0.0,0.0,0.0,0.0,0.0,0.0,0.0,1.929320226180517,0.0,0.0,1.5749999999999998e-09
5003.0,0.9535920328107518,0.040243606,0.389279379,0.008750728927015297,0.9448413038837365,0.0,0.0,0.0,0.0,0.0,0.0,0.0,0.0,0.0,1.8527925253774529,0.0,0.0,1.5749999999999998e-09
5004.0,1.1056444890178612,0.130976202,0.365735864,0.028479983617571415,1.0771645054002896,0.0,0.0,0.0,0.0,0.0,0.0,0.0,0.0,0.0,1.5512691617744356,0.0,0.0,1.5749999999999998e-09
5005.0,1.0586776887663036,0.282205926,0.396931366,0.061363973199204315,0.9973137155670992,0.0,0.0,0.0,0.0,0.0,0.0,0.0,0.0,0.0,1.8553126430884277,0.0,0.0,1.5749999999999998e-09
5006.0,1.1827988286950695,0.452736523,0.46014008,0.09844482097683854,1.084354007718231,0.0,0.0,0.0,0.0,0.0,0.0,0.0,0.0,0.0,2.2225343697597606,0.0,0.0,1.5749999999999998e-09
5007.0,1.3262758614760706,0.611918956,0.474908437,0.13305807907119954,1.193217782404871,0.0,0.0,0.0,0.0,0.0,0.0,0.0,0.0,0.0,2.2198063355583786,0.0,0.0,1.5749999999999998e-09
5008.0,1.2918139608323151,0.736654525,0.460964877,0.1601810747559305,1.1316328860763847,0.0,0.0,0.0,0.0,0.0,0.0,0.0,0.0,0.0,2.181183059400201,0.0,0.0,1.5749999999999998e-09
5009.0,1.4802841554440602,0.815117852,0.444138542,0.17724245104732844,1.303041704396732,0.0,0.0,0.0,0.0,0.0,0.0,0.0,0.0,0.0,1.8888484316023335,0.0,0.0,1.5749999999999998e-09
5010.0,1.40869026816561,0.840747825,0.431141437,0.1828155337907019,1.225874734374908,0.0,0.0,0.0,0.0,0.0,0.0,0.0,0.0,0.0,1.872609116595996,0.0,0.0,1.5749999999999998e-09
5011.0,1.584275076813276,0.813928084,0.423770947,0.17698374318566126,1.4072913336276147,0.0,0.0,0.0,0.0,0.0,0.0,0.0,0.0,0.0,1.638223022233631,0.0,0.0,1.5749999999999998e-09
5012.0,1.4699865256688625,0.739353737,0.414429017,0.16076800209361852,1.309218523575244,0.0,0.0,0.0,0.0,0.0,0.0,0.0,0.0,0.0,1.6691581907655908,0.0,0.0,1.5749999999999998e-09
5013.0,1.5191672722504053,0.622829743,0.405276207,0.1354305637689526,1.3837367084814527,0.0,0.0,0.0,0.0,0.0,0.0,0.0,0.0,0.0,1.528861512905097,0.0,0.0,1.5749999999999998e-09
5014.0,1.7597263805114445,0.478358317,0.401200506,0.10401612524608886,1.6557102552653558,0.0,0.0,0.0,0.0,0.0,0.0,0.0,0.0,0.0,1.2275971287158205,0.0,0.0,1.5749999999999998e-09
5015.0,1.5828287806931496,0.321400559,0.394614464,0.06988660928645872,1.5129421714066908,0.0,0.0,0.0,0.0,0.0,0.0,0.0,0.0,0.0,1.3230333093345377,0.0,0.0,1.5749999999999998e-09
5016.0,1.7205807054709736,0.174856905,0.39547311,0.038021577307755815,1.6825591281632177,0.0,0.0,0.0,0.0,0.0,0.0,0.0,0.0,0.0,1.159587183160228,0.0,0.0,1.5749999999999998e-09
5017.0,1.5100266803712337,0.069356098,0.410938631,0.015081064381594128,1.4949456159896395,0.0,0.0,0.0,0.0,0.0,0.0,0.0,0.0,0.0,1.4583467438296076,0.0,0.0,1.5749999999999998e-09
5018.0,1.5605113177934387,0.014833255,0.428445511,0.003225401660335664,1.557285916133103,0.0,0.0,0.0,0.0,0.0,0.0,0.0,0.0,0.0,1.521823125419024,0.0,0.0,1.5749999999999998e-09
5019.0,1.491046824210254,0.000481631,0.432843371,0.00010472775038716223,1.4909420964598668,0.0,0.0,0.0,0.0,0.0,0.0,0.0,0.0,0.0,1.6197730423480683,0.0,0.0,1.5749999999999998e-09
5020.0,1.4006533112027406,0.0,0.429199978,0.0,1.4006533112027406,0.0,0.0,0.0,0.0,0.0,0.0,0.0,0.0,0.0,1.6838778577882534,0.0,0.0,1.5749999999999998e-09
5021.0,1.3978074454448302,0.0,0.420057485,0.0,1.3978074454448302,0.0,0.0,0.0,0.0,0.0,0.0,0.0,0.0,0.0,1.6210193757682574,0.0,0.0,1.5749999999999998e-09
5022.0,1.1537705509980305,0.0,0.413103475,0.0,1.1537705509980305,0.0,0.0,0.0,0.0,0.0,0.0,0.0,0.0,0.0,1.8150798916177702,0.0,0.0,1.5749999999999998e-09
5023.0,1.2530042704982882,0.0,0.403229229,0.0,1.2530042704982882,0.0,0.0,0.0,0.0,0.0,0.0,0.0,0.0,0.0,1.6448829355879793,0.0,0.0,1.5749999999999998e-09
5024.0,1.1279152254352285,0.0,0.394765263,0.0,1.1279152254352285,0.0,0.0,0.0,0.0,0.0,0.0,0.0,0.0,0.0,1.7091440023693623,0.0,0.0,1.5749999999999998e-09
5025.0,1.0439588438284406,0.000359506,0.370982203,7.817240715545125e-05,1.0438806714212854,0.0,0.0,0.0,0.0,0.0,0.0,0.0,0.0,0.0,1.6222568564199775,0.0,0.0,1.5749999999999998e-09
5026.0,1.1133966364217258,0.006241829,0.346203394,0.001357247995812874,1.1120393884259128,0.0,0.0,0.0,0.0,0.0,0.0,0.0,0.0,0.0,1.3760202908396575,0.0,0.0,1.5749999999999998e-09
5027.0,1.2006728241073117,0.038374345,0.326837819,0.008344269418768407,1.1923285546885434,0.0,0.0,0.0,0.0,0.0,0.0,0.0,0.0,0.0,1.1565565608426998,0.0,0.0,1.5749999999999998e-09
5028.0,1.1318424757844874,0.126115284,0.290638149,0.02742300637367211,1.1044194694108151,0.0,0.0,0.0,0.0,0.0,0.0,0.0,0.0,0.0,0.9843095041222375,0.0,0.0,1.5749999999999998e-09
5029.0,1.2945663736255395,0.272673828,0.283436321,0.05929127609289271,1.2352750975326467,0.0,0.0,0.0,0.0,0.0,0.0,0.0,0.0,0.0,0.8016965039631873,0.0,0.0,1.5749999999999998e-09
5030.0,1.2523411994155178,0.439634424,0.331625595,0.09559584872708742,1.1567453506884304,0.0,0.0,0.0,0.0,0.0,0.0,0.0,0.0,0.0,1.2265480711315588,0.0,0.0,1.5749999999999998e-09
5031.0,1.388726931042914,0.594216077,0.376002479,0.12920869501359913,1.259518236029315,0.0,0.0,0.0,0.0,0.0,0.0,0.0,0.0,0.0,1.4426985056811934,0.0,0.0,1.5749999999999998e-09
5032.0,1.4654718565415863,0.717139648,0.387240398,0.15593768268338495,1.3095341738582011,0.0,0.0,0.0,0.0,0.0,0.0,0.0,0.0,0.0,1.473446112136776,0.0,0.0,1.5749999999999998e-09
5033.0,1.5339506443305442,0.79621289,0.390267934,0.1731316813057321,1.360818963024812,0.0,0.0,0.0,0.0,0.0,0.0,0.0,0.0,0.0,1.443919313734187,0.0,0.0,1.5749999999999998e-09
5034.0,1.6596871856488762,0.822633076,0.393257921,0.17887659109058895,1.4808105945582875,0.0,0.0,0.0,0.0,0.0,0.0,0.0,0.0,0.0,1.345415819593808,0.0,0.0,1.5749999999999998e-09
5035.0,1.5616639040245945,0.796035989,0.392809497,0.17309321525231933,1.388570688772275,0.0,0.0,0.0,0.0,0.0,0.0,0.0,0.0,0.0,1.4344330369459368,0.0,0.0,1.5749999999999998e-09
5036.0,1.7380608635320272,0.721537184,0.385856759,0.15689390031166586,1.5811669632203613,0.0,0.0,0.0,0.0,0.0,0.0,0.0,0.0,0.0,1.1918695253820366,0.0,0.0,1.5749999999999998e-09
5037.0,1.4740139044802636,0.607187498,0.37396357,0.13202925212195554,1.341984652358308,0.0,0.0,0.0,0.0,0.0,0.0,0.0,0.0,0.0,1.3455790635283353,0.0,0.0,1.5749999999999998e-09
5038.0,1.556797674363452,0.468709051,0.352669523,0.10191795066623968,1.4548797236972122,0.0,0.0,0.0,0.0,0.0,0.0,0.0,0.0,0.0,1.0796500801386266,0.0,0.0,1.5749999999999998e-09
5039.0,1.637790261090254,0.312852113,0.322539757,0.06802780136320184,1.569762459727052,0.0,0.0,0.0,0.0,0.0,0.0,0.0,0.0,0.0,0.7482337767622268,0.0,0.0,1.5749999999999998e-09
5040.0,1.4277546769613092,0.168477538,0.295855942,0.03663442250500412,1.3911202544563048,0.0,0.0,0.0,0.0,0.0,0.0,0.0,0.0,0.0,0.7351074282258965,0.0,0.0,1.5749999999999998e-09
5041.0,1.575083307786816,0.065591,0.29115528,0.014262366574502798,1.5608209412123135,0.0,0.0,0.0,0.0,0.0,0.0,0.0,0.0,0.0,0.5316244973014331,0.0,0.0,1.5749999999999998e-09
5042.0,1.3466308111174448,0.014015056,0.298156451,0.0030474892322755395,1.3435833218851692,0.0,0.0,0.0,0.0,0.0,0.0,0.0,0.0,0.0,0.7991774271501816,0.0,0.0,1.5749999999999998e-09
5043.0,1.4645974043719787,0.000439071,0.289527007,9.547333558313669e-05,1.4645019310363956,0.0,0.0,0.0,0.0,0.0,0.0,0.0,0.0,0.0,0.6162415990953181,0.0,0.0,1.5749999999999998e-09
5044.0,1.186650426739575,0.0,0.268758626,0.0,1.186650426739575,0.0,0.0,0.0,0.0,0.0,0.0,0.0,0.0,0.0,0.7448369948003056,0.0,0.0,1.5749999999999998e-09
5045.0,1.1884482833935683,0.0,0.249672901,0.0,1.1884482833935683,0.0,0.0,0.0,0.0,0.0,0.0,0.0,0.0,0.0,0.6058757722029648,0.0,0.0,1.5749999999999998e-09
5046.0,1.1996715424856623,0.0,0.236887343,0.0,1.1996715424856623,0.0,0.0,0.0,0.0,0.0,0.0,0.0,0.0,0.0,0.502766552753384,0.0,0.0,1.5749999999999998e-09
5047.0,0.9820017400749284,0.0,0.228387429,0.0,0.9820017400749284,0.0,0.0,0.0,0.0,0.0,0.0,0.0,0.0,0.0,0.6593500294170489,0.0,0.0,1.5749999999999998e-09
5048.0,1.0133218402392914,0.0,0.219557505,0.0,1.0133218402392914,0.0,0.0,0.0,0.0,0.0,0.0,0.0,0.0,0.0,0.5645719208792055,0.0,0.0,1.5749999999999998e-09
5049.0,1.052178256055737,0.000299032,0.202310708,6.502270130820876e-05,1.072542922118363,0.0,0.0,0.02042968876393449,0.0,0.0,0.0,0.0,0.0,0.0,0.38140329557374425,0.0,0.0,1.5749999999999998e-09
5050.0,0.9303800912490654,0.005236572,0.185665401,0.0011386609360701508,1.3343214020102112,0.0,0.0,0.40507997169721593,0.0,0.018386719887541043,0.0,0.0,0.0,0.0,0.0,0.0,0.0,1.575021454469746e-09
5051.0,1.0243604182345234,0.037859169,0.16338521,0.008232247510848325,1.17420036959354,0.0,0.0,0.15807219886986462,0.0,0.3829584439566531,0.0,0.0,0.0,0.0,0.0,0.0,0.0,1.5750429092317427e-09
5052.0,1.1168432719525658,0.127600819,0.128725842,0.027746026982128365,0.925113914855816,0.0,0.0,0.0,0.16398333011462157,0.5252182063944953,0.0,0.0,0.0,0.0,0.0,0.0,0.0,1.7500715158733263e-09
5053.0,1.0579434160437255,0.274043366,0.114707384,0.05958907385468489,0.8243674729671557,0.0,0.0,0.0,0.1739868692218849,0.36122772191503166,0.0,0.0,0.0,0.0,0.0,0.0,0.0,1.7500953551472252e-09
5054.0,1.2389484966431958,0.440276094,0.133020696,0.09573537599088673,0.9559797389665189,0.0,0.0,0.0,0.18723338168579015,0.1872359321574872,0.0,0.0,0.0,0.0,0.0,0.0,0.0,1.7501191947458603e-09
5055.0,1.199037397225302,0.594876322,0.160857002,0.12935226129889715,1.0696851359264048,0.0,0.0,0.0,0.0,0.0,0.0,0.0,0.0,0.0,0.08634576307668579,0.0,0.0,1.5749999999999998e-09
5056.0,1.3978563977596086,0.716754001,0.177393001,0.15585382607375317,1.2420025716858554,0.0,0.0,0.0,0.0,0.0,0.0,0.0,0.0,0.0,0.0328675792752207,0.0,0.0,1.5749999999999998e-09
5057.0,1.3336096953713574,0.795086288,0.191653508,0.172886708509044,1.1607229868623135,0.0,0.0,0.0,0.0,0.0,0.0,0.0,0.0,0.0,0.21663313935926073,0.0,0.0,1.5749999999999998e-09
5058.0,1.454557883165886,0.821551548,0.206402268,0.17864141936281244,1.2759164638030736,0.0,0.0,0.0,0.0,0.0,0.0,0.0,0.0,0.0,0.2074345651581455,0.0,0.0,1.5749999999999998e-09
5059.0,1.569300348138819,0.795038315,0.220756679,0.1728762770701015,1.3964240710687175,0.0,0.0,0.0,0.0,0.0,0.0,0.0,0.0,0.0,0.1900877929613401,0.0,0.0,1.5749999999999998e-09
5060.0,1.4424089957568207,0.717323605,0.232125329,0.15597768302135734,1.2864313127354634,0.0,0.0,0.0,0.0,0.0,0.0,0.0,0.0,0.0,0.38178361996145554,0.0,0.0,1.5749999999999998e-09
5061.0,1.6148720284176137,0.601204606,0.236863012,0.1307283084120005,1.4841437200056133,0.0,0.0,0.0,0.0,0.0,0.0,0.0,0.0,0.0,0.21811951565347143,0.0,0.0,1.5749999999999998e-09
5062.0,1.4507129606188365,0.461899772,0.228734926,0.10043731409710575,1.3502756465217307,0.0,0.0,0.0,0.0,0.0,0.0,0.0,0.0,0.0,0.29357347940680933,0.0,0.0,1.5749999999999998e-09
5063.0,1.5198414684956525,0.306482124,0.212044763,0.06664268574987761,1.4573335489957868,0.0,0.0,0.004134766250012061,0.0,0.0,0.0,0.0,0.0,0.0,0.0665683946683584,0.0,0.0,1.5749999999999998e-09
5064.0,1.4877025419740668,0.161085296,0.2016161,0.03502702415444633,1.4489542788849006,0.0,0.0,0.0,0.0037212389347199707,0.0037212896250108556,0.0,0.0,0.0,0.0,0.0,0.0,0.0,1.7500238382997175e-09
5065.0,1.4469792916964064,0.06065183,0.209862748,0.01318837390609117,1.4337909177903154,0.0,0.0,0.0,0.0,0.0,0.0,0.0,0.0,0.0,0.074429540264094,0.0,0.0,1.5749999999999998e-09
5066.0,1.5012198483659955,0.012399121,0.224699029,0.0026961139318445477,1.498523734434151,0.0,0.0,0.0,0.0,0.0,0.0,0.0,0.0,0.0,0.11632061346679712,0.0,0.0,1.5749999999999998e-09
5067.0,1.247116732723128,0.000390751,0.22818832,8.496644358758889e-05,1.2470317662795405,0.0,0.0,0.0,0.0,0.0,0.0,0.0,0.0,0.0,0.3928890667072942,0.0,0.0,1.5749999999999998e-09
5068.0,1.334664378972806,0.0,0.220795775,0.0,1.334664378972806,0.0,0.0,0.0,0.0,0.0,0.0,0.0,0.0,0.0,0.25212845625194896,0.0,0.0,1.5749999999999998e-09
5069.0,1.0753634966275238,0.0,0.209605423,0.0,1.0753634966275238,0.0,0.0,0.0,0.0,0.0,0.0,0.0,0.0,0.0,0.4310076440369845,0.0,0.0,1.5749999999999998e-09
5070.0,1.0902269716773616,0.0,0.199687139,0.0,1.0902269716773616,0.0,0.0,0.0,0.0,0.0,0.0,0.0,0.0,0.0,0.3448644445951184,0.0,0.0,1.5749999999999998e-09
5071.0,1.1065879189946903,0.0,0.191610931,0.0,1.298674127236351,0.0,0.0,0.19208620824166037,0.0,0.0,0.0,0.0,0.0,0.0,0.07837601089036353,0.0,0.0,1.5749999999999998e-09
5072.0,0.9800614781414704,0.0,0.183741565,0.0,1.320495371231554,0.0,0.0,0.3404338930900836,0.0,0.17287758741749432,0.0,0.0,0.0,0.0,0.0,0.0,0.0,1.575021454469746e-09
5073.0,0.8919597886012061,0.000293146,0.170779332,6.374282617812196e-05,1.2273397007803695,0.0,0.0,0.33544365500534146,0.0,0.4792657363119371,0.0,0.0,0.0,0.0,0.0,0.0,0.0,1.5750429092317427e-09
5074.0,1.0155980878791178,0.006710504,0.156083924,0.0014591585422949389,1.1217282228202294,0.0,0.0,0.10758929348340662,0.0,0.7811584974026641,0.0,0.0,0.0,0.0,0.0,0.0,0.0,1.5750643642859937e-09
5075.0,0.925059946759479,0.045309011,0.130616229,0.009852170633321335,0.9386995577305585,0.0,0.0,0.02349178160440076,0.0,0.8779782208310258,0.0,0.0,0.0,0.0,0.0,0.0,0.0,1.5750858196325029e-09
5076.0,1.0788412828132843,0.142690823,0.097228071,0.031027257160944264,0.6987489069730786,0.0,0.0,0.0,0.3490651186792615,0.8991088647190559,0.0,0.0,0.0,0.0,0.0,0.0,0.0,1.7501191947458603e-09
5077.0,1.0206111734846706,0.295990534,0.095039636,0.06436135290650905,0.6830212827540233,0.0,0.0,0.0,0.2732285378241382,0.5500314986485719,0.0,0.0,0.0,0.0,0.0,0.0,0.0,1.7501430346692358e-09
5078.0,1.1405669799875164,0.466941934,0.121052906,0.10153370175352246,0.8699708312984512,0.0,0.0,0.0,0.16906244693554273,0.27679546846036873,0.0,0.0,0.0,0.0,0.0,0.0,0.0,1.7501668749173558e-09
5079.0,1.275564266139681,0.619516576,0.143755333,0.13471013562672962,1.0331263468684981,0.0,0.0,0.0,0.10772778364445361,0.10772925109999332,0.0,0.0,0.0,0.0,0.0,0.0,0.0,1.7501907154902246e-09
5080.0,1.2250662787224886,0.737830177,0.161654358,0.16043671317870262,1.0646295655437858,0.0,0.0,0.0,0.0,0.0,0.0,0.0,0.0,0.0,0.09713169124320459,0.0,0.0,1.5749999999999998e-09
5081.0,1.4157504186642942,0.811201203,0.177912968,0.17639079939113078,1.2393596192731633,0.0,0.0,0.0,0.0,0.0,0.0,0.0,0.0,0.0,0.039247378147739015,0.0,0.0,1.5749999999999998e-09
5082.0,1.330999686857673,0.832354633,0.192863697,0.18099048491152359,1.1500092019461494,0.0,0.0,0.0,0.0,0.0,0.0,0.0,0.0,0.0,0.2360441886794553,0.0,0.0,1.5749999999999998e-09
5083.0,1.4440377471413743,0.800272897,0.205373617,0.17401450529269752,1.2700232418486768,0.0,0.0,0.0,0.0,0.0,0.0,0.0,0.0,0.0,0.20593518172076442,0.0,0.0,1.5749999999999998e-09
5084.0,1.4753222469857963,0.720636529,0.212524236,0.15669805832469877,1.4049226250357656,0.0,0.0,0.08629843637466786,0.0,0.0,0.0,0.0,0.0,0.0,0.12242514688792724,0.0,0.0,1.5749999999999998e-09
5085.0,1.4945179348985587,0.601280699,0.212301598,0.13074485437500996,1.5257477395714036,0.0,0.0,0.161974659047855,0.0,0.07766859273720109,0.0,0.0,0.0,0.0,0.0,0.0,0.0,1.575021454469746e-09
5086.0,1.5809419197395662,0.457137633,0.201764939,0.09940181574982128,1.450023940017692,0.0,0.0,0.0,0.03151616397205298,0.22344472790200087,0.0,0.0,0.0,0.0,0.0,0.0,0.0,1.7500476769241584e-09
5087.0,1.3875409683244024,0.298493893,0.184553441,0.0649056931929139,1.3263300798888684,0.0,0.0,0.0036948047573798827,0.0,0.19192552023289786,0.0,0.0,0.0,0.0,0.0,0.0,0.0,1.5750643642859937e-09
5088.0,1.5132129815005335,0.153099477,0.178757564,0.03329055607230657,1.2846768548783627,0.0,0.0,0.0,0.19524557054986402,0.1952482301626808,0.0,0.0,0.0,0.0,0.0,0.0,0.0,1.7500953551472252e-09
5089.0,1.2802079895515095,0.055957369,0.197564715,0.012167591730919167,1.2680403978205903,0.0,0.0,0.0,0.0,0.0,0.0,0.0,0.0,0.0,0.1517977954384099,0.0,0.0,1.5749999999999998e-09
5090.0,1.3248295643560188,0.011036394,0.221640754,0.002399797180842543,1.3224297671751764,0.0,0.0,0.0,0.0,0.0,0.0,0.0,0.0,0.0,0.2704356780128601,0.0,0.0,1.5749999999999998e-09
5091.0,1.345852036745034,0.000333906,0.229641539,7.260584185979679e-05,1.345779430903174,0.0,0.0,0.0,0.0,0.0,0.0,0.0,0.0,0.0,0.30458525001151365,0.0,0.0,1.5749999999999998e-09
5092.0,1.0884157640284562,0.0,0.221188121,0.0,1.0884157640284562,0.0,0.0,0.0,0.0,0.0,0.0,0.0,0.0,0.0,0.5011967439084652,0.0,0.0,1.5749999999999998e-09
5093.0,1.1760791135677746,0.0,0.207374157,0.0,1.1760791135677746,0.0,0.0,0.0,0.0,0.0,0.0,0.0,0.0,0.0,0.3142565893612036,0.0,0.0,1.5749999999999998e-09
5094.0,0.945390420243464,0.0,0.19398279,0.0,1.0744528057677614,0.0,0.0,0.12906238552429752,0.0,0.0,0.0,0.0,0.0,0.0,0.3196431697050857,0.0,0.0,1.5749999999999998e-09
5095.0,1.0420096815650164,0.0,0.184365652,0.0,1.324980496819473,0.0,0.0,0.28297081525445655,0.0,0.11615614697186778,0.0,0.0,0.0,0.0,0.0,0.0,0.0,1.575021454469746e-09
5096.0,0.8564943815032909,0.0,0.177893114,0.0,1.2784643126935766,0.0,0.0,0.42196993119028575,0.0,0.37082829845669146,0.0,0.0,0.0,0.0,0.0,0.0,0.0,1.5750429092317427e-09
5097.0,0.8996184840403092,0.000266518,0.166836717,5.7952728494813874e-05,1.199005312434172,0.0,0.0,0.29944478112235756,0.0,0.7505961852161156,0.0,0.0,0.0,0.0,0.0,0.0,0.0,1.5750643642859937e-09
5098.0,0.8857562906121209,0.005958131,0.153504683,0.0012955595801391797,1.103191993405885,0.0,0.0,0.2187312623739032,0.0,1.0200862638301813,0.0,0.0,0.0,0.0,0.0,0.0,0.0,1.5750858196325029e-09
5099.0,0.9390778944621946,0.043189604,0.134813454,0.009391318389041368,0.9688637515781364,0.0,0.0,0.03917717550498328,0.0,1.2169305046576342,0.0,0.0,0.0,0.0,0.0,0.0,0.0,1.5751072752712744e-09
5100.0,0.8382487980648894,0.140121018,0.104687904,0.030468468593381794,0.7523604833557027,0.0,0.0,0.0,0.05541984611580481,1.2521733859498638,0.0,0.0,0.0,0.0,0.0,0.0,0.0,1.7501430346692358e-09
5101.0,0.993578784533399,0.291710611,0.084682796,0.06343070951432649,0.6085897882765173,0.0,0.0,0.0,0.32155828674255504,1.1967364831038474,0.0,0.0,0.0,0.0,0.0,0.0,0.0,1.7501668749173558e-09
5102.0,0.9559595085827539,0.460227244,0.098349135,0.1000736329908241,0.7068056568045844,0.0,0.0,0.0,0.14908021878734545,0.8751618947759406,0.0,0.0,0.0,0.0,0.0,0.0,0.0,1.7501907154902246e-09
5103.0,1.0850759324572148,0.615442739,0.116553467,0.13382430438984083,0.8376347163173976,0.0,0.0,0.0,0.11361691174997644,0.7260697547958133,0.0,0.0,0.0,0.0,0.0,0.0,0.0,1.7502145563878474e-09
5104.0,1.2128951399885446,0.736781676,0.127394903,0.1602087229724894,0.9155488565148164,0.0,0.0,0.0,0.1371375605012389,0.6124429527414579,0.0,0.0,0.0,0.0,0.0,0.0,0.0,1.7502383976102281e-09
5105.0,1.1619276619154855,0.810419478,0.134254466,0.17622081801395326,0.964846472926058,0.0,0.0,0.0,0.02086037097547412,0.47529704972604964,0.0,0.0,0.0,0.0,0.0,0.0,0.0,1.7502622391573711e-09
5106.0,1.3297425214994294,0.832681638,0.142968855,0.1810615901726371,1.0274741659992677,0.0,0.0,0.0,0.1212067653275249,0.45443020439675325,0.0,0.0,0.0,0.0,0.0,0.0,0.0,1.750286081029281e-09
5107.0,1.241320422080219,0.801078307,0.15286372,0.1741896368299933,1.0985855850810693,0.0,0.0,0.03145479983084363,0.0,0.3332172489573131,0.0,0.0,0.0,0.0,0.0,0.0,0.0,1.5752789309033658e-09
5108.0,1.4049276734207699,0.71993053,0.162156984,0.15654454310859847,1.1653734786947587,0.0,0.0,0.0,0.0830096516174126,0.3615220298196723,0.0,0.0,0.0,0.0,0.0,0.0,0.0,1.7503337657474187e-09
5109.0,1.2921210197163489,0.598933383,0.167356617,0.13023444469596565,1.202741677385147,0.0,0.0,0.040855102364763675,0.0,0.2785074536576261,0.0,0.0,0.0,0.0,0.0,0.0,0.0,1.5753218477342903e-09
5110.0,1.373202609742816,0.452621357,0.168411448,0.09841977882610264,1.2103224305638387,0.0,0.0,0.0,0.064460400352875,0.3152732520409319,0.0,0.0,0.0,0.0,0.0,0.0,0.0,1.7503814517646773e-09
5111.0,1.4420218329031633,0.291455736,0.164073018,0.06337528848582141,1.1791434388457038,0.0,0.0,0.0,0.19950310557163795,0.2508085571303996,0.0,0.0,0.0,0.0,0.0,0.0,0.0,1.7504052952604874e-09
5112.0,1.261797751508614,0.145336181,0.165780254,0.03160247427177949,1.1914128305622698,0.0,0.0,0.0,0.038782446674564694,0.051302035119838975,0.0,0.0,0.0,0.0,0.0,0.0,0.0,1.7504291390810913e-09
5113.0,1.3781111162212807,0.051160604,0.188468695,0.011124564169184403,1.3544678329563127,0.0,0.0,0.0,0.012518719095783691,0.012518889624342487,0.0,0.0,0.0,0.0,0.0,0.0,0.0,1.7504529832264928e-09
5114.0,1.1822981873842824,0.009814411,0.223034979,0.002134084362105054,1.1801641030221774,0.0,0.0,0.0,0.0,0.0,0.0,0.0,0.0,0.0,0.42272121795692064,0.0,0.0,1.5749999999999998e-09
5115.0,1.203207180316243,0.000259974,0.246038687,5.6529775241112205e-05,1.2031506505410017,0.0,0.0,0.0,0.0,0.0,0.0,0.0,0.0,0.0,0.565055401951199,0.0,0.0,1.5749999999999998e-09
5116.0,1.1259883134967583,0.0,0.256034603,0.0,1.1259883134967583,0.0,0.0,0.0,0.0,0.0,0.0,0.0,0.0,0.0,0.7140553812252747,0.0,0.0,1.5749999999999998e-09
5117.0,1.0505739798286478,0.0,0.258890371,0.0,1.0505739798286478,0.0,0.0,0.0,0.0,0.0,0.0,0.0,0.0,0.0,0.8099932606970315,0.0,0.0,1.5749999999999998e-09
5118.0,1.0627028427451943,0.0,0.2553872,0.0,1.0627028427451943,0.0,0.0,0.0,0.0,0.0,0.0,0.0,0.0,0.0,0.7726881613087173,0.0,0.0,1.5749999999999998e-09
5119.0,0.8683673606832432,0.0,0.245228909,0.0,0.8683673606832432,0.0,0.0,0.0,0.0,0.0,0.0,0.0,0.0,0.0,0.8940190608467137,0.0,0.0,1.5749999999999998e-09
5120.0,0.9006753924742684,0.0,0.232974421,0.0,0.9006753924742684,0.0,0.0,0.0,0.0,0.0,0.0,0.0,0.0,0.0,0.7736417090800334,0.0,0.0,1.5749999999999998e-09
5121.0,0.930268837624446,0.000244339,0.213979173,5.3130038975582616e-05,0.9302157075854705,0.0,0.0,0.0,0.0,0.0,0.0,0.0,0.0,0.0,0.6075882590154231,0.0,0.0,1.5749999999999998e-09
5122.0,0.7952270498224485,0.005953893,0.196948929,0.0012946380526500005,0.7939324117697985,0.0,0.0,0.0,0.0,0.0,0.0,0.0,0.0,0.0,0.621480312691931,0.0,0.0,1.5749999999999998e-09
5123.0,0.8471780088572238,0.040482417,0.172168823,0.008802656935797348,0.8383753519214265,0.0,0.0,0.0,0.0,0.0,0.0,0.0,0.0,0.0,0.398950202815656,0.0,0.0,1.5749999999999998e-09
5124.0,0.907535286048668,0.13266606,0.130110406,0.02884743302762548,0.8786878530210425,0.0,0.0,0.0,0.0,0.0,0.0,0.0,0.0,0.0,0.05637650692417847,0.0,0.0,1.5749999999999998e-09
5125.0,0.8471668836947469,0.280601059,0.131237614,0.06101500456848786,0.7861518791262591,0.0,0.0,0.0,0.0,0.0,0.0,0.0,0.0,0.0,0.15701338573078832,0.0,0.0,1.5749999999999998e-09
5126.0,1.017616227949764,0.445488695,0.160633519,0.09686882457786695,0.9207474033718971,0.0,0.0,0.0,0.0,0.0,0.0,0.0,0.0,0.0,0.2336773905180204,0.0,0.0,1.5749999999999998e-09
5127.0,0.9951830607604883,0.594965386,0.186276494,0.12937162772747107,0.8658114330330173,0.0,0.0,0.0,0.0,0.0,0.0,0.0,0.0,0.0,0.47290171059478564,0.0,0.0,1.5749999999999998e-09
5128.0,1.1759389341207453,0.711172814,0.203700056,0.1546402306884892,1.021298703432256,0.0,0.0,0.0,0.0,0.0,0.0,0.0,0.0,0.0,0.4426323405185686,0.0,0.0,1.5749999999999998e-09
5129.0,1.1430212332267486,0.781984555,0.220571402,0.17003781584378105,0.9729834173829676,0.0,0.0,0.0,0.0,0.0,0.0,0.0,0.0,0.0,0.6121969165662634,0.0,0.0,1.5749999999999998e-09
5130.0,1.2575523161129198,0.800158517,0.238429166,0.17398963405291165,1.0835626820600084,0.0,0.0,0.0,0.0,0.0,0.0,0.0,0.0,0.0,0.629956031409096,0.0,0.0,1.5749999999999998e-09
5131.0,1.3659577781472696,0.766817933,0.25670446,0.1667399255438784,1.1992178526033912,0.0,0.0,0.0,0.0,0.0,0.0,0.0,0.0,0.0,0.6456399029321929,0.0,0.0,1.5749999999999998e-09
5132.0,1.2832452119037383,0.683446059,0.270568509,0.14861121537035976,1.1346339965333785,0.0,0.0,0.0,0.0,0.0,0.0,0.0,0.0,0.0,0.809860509843135,0.0,0.0,1.5749999999999998e-09
5133.0,1.4398546140554458,0.56230884,0.273200185,0.12227065914780143,1.3175839549076442,0.0,0.0,0.0,0.0,0.0,0.0,0.0,0.0,0.0,0.6458236154594863,0.0,0.0,1.5749999999999998e-09
5134.0,1.3285187326285413,0.421671555,0.266942884,0.09168993141514259,1.2368288012133988,0.0,0.0,0.0,0.0,0.0,0.0,0.0,0.0,0.0,0.6816094286188203,0.0,0.0,1.5749999999999998e-09
5135.0,1.393379554784709,0.269206672,0.262096912,0.0585373639731966,1.3348421908115125,0.0,0.0,0.0,0.0,0.0,0.0,0.0,0.0,0.0,0.5487694955811877,0.0,0.0,1.5749999999999998e-09
5136.0,1.4423578186095318,0.134209689,0.269756055,0.029183085825311643,1.4131747327842201,0.0,0.0,0.0,0.0,0.0,0.0,0.0,0.0,0.0,0.5254809110228,0.0,0.0,1.5749999999999998e-09
5137.0,1.2601578739616586,0.045479126,0.294533904,0.00988916111204283,1.250268712849616,0.0,0.0,0.0,0.0,0.0,0.0,0.0,0.0,0.0,0.8664578803017968,0.0,0.0,1.5749999999999998e-09
5138.0,1.3822920254746236,0.007171081,0.324055558,0.001559308227614339,1.3807327172470092,0.0,0.0,0.0,0.0,0.0,0.0,0.0,0.0,0.0,0.9481571251838984,0.0,0.0,1.5749999999999998e-09
5139.0,1.161929886747996,0.000139722,0.330597347,3.0381704540602826e-05,1.1618995050434553,0.0,0.0,0.0,0.0,0.0,0.0,0.0,0.0,0.0,1.2140042076245623,0.0,0.0,1.5749999999999998e-09
5140.0,1.2339776878549653,0.0,0.314936277,0.0,1.2339776878549653,0.0,0.0,0.0,0.0,0.0,0.0,0.0,0.0,0.0,1.0293746244615127,0.0,0.0,1.5749999999999998e-09
5141.0,1.001878299730394,0.0,0.290122449,0.0,1.001878299730394,0.0,0.0,0.0,0.0,0.0,0.0,0.0,0.0,0.0,1.0831444929886218,0.0,0.0,1.5749999999999998e-09
5142.0,1.0160364268801392,0.0,0.26170506,0.0,1.0160364268801392,0.0,0.0,0.0,0.0,0.0,0.0,0.0,0.0,0.0,0.8647591370298344,0.0,0.0,1.5749999999999998e-09
5143.0,1.033040419787795,0.0,0.242073404,0.0,1.033040419787795,0.0,0.0,0.0,0.0,0.0,0.0,0.0,0.0,0.0,0.7066683362591341,0.0,0.0,1.5749999999999998e-09
5144.0,0.9236470261267831,0.0,0.224749347,0.0,0.9236470261267831,0.0,0.0,0.0,0.0,0.0,0.0,0.0,0.0,0.0,0.6915589421080817,0.0,0.0,1.5749999999999998e-09
5145.0,0.8512142879985916,0.000192733,0.197826457,4.1908626137787925e-05,0.8511723793724537,0.0,0.0,0.0,0.0,0.0,0.0,0.0,0.0,0.0,0.5705468749271275,0.0,0.0,1.5749999999999998e-09
5146.0,0.9759317460354164,0.004673882,0.172533251,0.0010163073959837522,1.1764559875096203,0.0,0.0,0.2015405488701877,0.0,0.0,0.0,0.0,0.0,0.0,0.0634886016693816,0.0,0.0,1.5749999999999998e-09
5147.0,0.8997408628274057,0.035730979,0.14772804,0.007769485456295246,1.0616769973691573,0.0,0.0,0.16970561999804687,0.0,0.18138649398316894,0.0,0.0,0.0,0.0,0.0,0.0,0.0,1.575021454469746e-09
5148.0,0.9953521660299278,0.123457118,0.117095572,0.0268450042406374,0.8415306619256844,0.0,0.0,0.0,0.12697649986360607,0.334119081189006,0.0,0.0,0.0,0.0,0.0,0.0,0.0,1.7500476769241584e-09
5149.0,1.0489719294339934,0.265066512,0.110467127,0.05763711120075688,0.7938940210765496,0.0,0.0,0.0,0.197440797156687,0.20713803005551168,0.0,0.0,0.0,0.0,0.0,0.0,0.0,1.7500715158733263e-09
5150.0,1.1122729760129801,0.425842002,0.140534881,0.09259676991270378,1.0099819268279187,0.0,0.0,0.0,0.00969427927235791,0.009694411326720678,0.0,0.0,0.0,0.0,0.0,0.0,0.0,1.7500953551472252e-09
5151.0,1.246077624949102,0.577160904,0.161815169,0.12550015071152168,1.12057747423758,0.0,0.0,0.0,0.0,0.0,0.0,0.0,0.0,0.0,0.04233948284587378,0.0,0.0,1.5749999999999998e-09
5152.0,1.2011779150831197,0.698382848,0.170015141,0.15185912987332514,1.0493187852097945,0.0,0.0,0.0,0.0,0.0,0.0,0.0,0.0,0.0,0.17252890466799659,0.0,0.0,1.5749999999999998e-09
5153.0,1.3908296227483552,0.772869772,0.177456902,0.1680558613623271,1.2227737613860281,0.0,0.0,0.0,0.0,0.0,0.0,0.0,0.0,0.0,0.05255562684516211,0.0,0.0,1.5749999999999998e-09
5154.0,1.3179207194667657,0.793368519,0.187033391,0.17251319002071,1.1454075294460557,0.0,0.0,0.0,0.0,0.0,0.0,0.0,0.0,0.0,0.19874520529984352,0.0,0.0,1.5749999999999998e-09
5155.0,1.4301154772358553,0.762337866,0.198117663,0.16576576204839374,1.2643497151874614,0.0,0.0,0.0,0.0,0.0,0.0,0.0,0.0,0.0,0.15946234906002052,0.0,0.0,1.5749999999999998e-09
5156.0,1.535321288145918,0.680569742,0.208865753,0.14798577762069176,1.387335510525226,0.0,0.0,0.0,0.0,0.0,0.0,0.0,0.0,0.0,0.1137198442895271,0.0,0.0,1.5749999999999998e-09
5157.0,1.4091397323291084,0.559603467,0.218600425,0.12168239213789513,1.2874573401912133,0.0,0.0,0.0,0.0,0.0,0.0,0.0,0.0,0.0,0.28355817478902784,0.0,0.0,1.5749999999999998e-09
5158.0,1.56778284937896,0.423018533,0.223249382,0.09198282364126799,1.475800025737692,0.0,0.0,0.0,0.0,0.0,0.0,0.0,0.0,0.0,0.128626145125199,0.0,0.0,1.5749999999999998e-09
5159.0,1.3959139099937157,0.273153412,0.223233925,0.05939555873550017,1.3365183512582153,0.0,0.0,0.0,0.0,0.0,0.0,0.0,0.0,0.0,0.2677967347940444,0.0,0.0,1.5749999999999998e-09
5160.0,1.5276892936967141,0.137151839,0.225663277,0.02982283856299171,1.4978664551337224,0.0,0.0,0.0,0.0,0.0,0.0,0.0,0.0,0.0,0.12390765316585571,0.0,0.0,1.5749999999999998e-09
5161.0,1.3270568606809916,0.047530787,0.232404519,0.010335282398021256,1.3167215782829704,0.0,0.0,0.0,0.0,0.0,0.0,0.0,0.0,0.0,0.35349980898340944,0.0,0.0,1.5749999999999998e-09
5162.0,1.3697136983945786,0.007927655,0.245810996,0.0017238206718328734,1.367989877722746,0.0,0.0,0.0,0.0,0.0,0.0,0.0,0.0,0.0,0.39857982802574954,0.0,0.0,1.5749999999999998e-09
5163.0,1.381248467035652,0.000166234,0.24251749,3.614657872491498e-05,1.381212320456927,0.0,0.0,0.0,0.0,0.0,0.0,0.0,0.0,0.0,0.361687948122448,0.0,0.0,1.5749999999999998e-09
5164.0,1.1226195561031067,0.0,0.227121442,0.0,1.5096880389286897,0.0,0.0,0.387068482825583,0.0,0.0,0.0,0.0,0.0,0.0,0.12256546271333593,0.0,0.0,1.5749999999999998e-09
5165.0,1.200766277071998,0.0,0.210425554,0.0,1.5122651755243044,0.0,0.0,0.3114988984523064,0.0,0.3483616345430247,0.0,0.0,0.0,0.0,0.0,0.0,0.0,1.575021454469746e-09
5166.0,0.9740159602593478,0.0,0.194824331,0.0,1.4001438775640347,0.0,0.0,0.4261279173046869,0.0,0.6287058978724233,0.0,0.0,0.0,0.0,0.0,0.0,0.0,1.5750429092317427e-09
5167.0,1.000963795575975,0.0,0.179244216,0.0,1.2881742764519768,0.0,0.0,0.2872104808760018,0.0,1.0122124594035125,0.0,0.0,0.0,0.0,0.0,0.0,0.0,1.5750643642859937e-09
5168.0,0.9606254823195365,0.0,0.166536606,0.0,1.1968485049292632,0.0,0.0,0.2362230226097267,0.0,1.2706881041374558,0.0,0.0,0.0,0.0,0.0,0.0,0.0,1.5750858196325029e-09
5169.0,0.9969497677594858,0.000154389,0.148447342,3.3570955055890484e-05,1.0668464045281614,0.0,0.0,0.06993020772373144,0.0,1.4832715155540614,0.0,0.0,0.0,0.0,0.0,0.0,0.0,1.5751072752712744e-09
5170.0,0.8854425562306312,0.004199563,0.131582263,0.0009131695958091611,0.9456421535740863,0.0,0.0,0.06111276693926428,0.0,1.5461884978258167,0.0,0.0,0.0,0.0,0.0,0.0,0.0,1.575128731202312e-09
5171.0,1.028441198025799,0.033508461,0.118318362,0.007286212348179334,0.8503184859272281,0.0,0.0,0.0,0.1708364997503916,1.6011689263552937,0.0,0.0,0.0,0.0,0.0,0.0,0.0,1.7501668749173558e-09
5172.0,0.9596820523427071,0.115283162,0.100865687,0.025067626904785582,0.7248913592283309,0.0,0.0,0.0,0.2097230662095907,1.430310615962138,0.0,0.0,0.0,0.0,0.0,0.0,0.0,1.7501907154902246e-09
5173.0,1.1146582524449153,0.255962445,0.093385858,0.05565748684874466,0.6711360776070846,0.0,0.0,0.0,0.3878646879890861,1.2205680664904297,0.0,0.0,0.0,0.0,0.0,0.0,0.0,1.7502145563878474e-09
5174.0,1.0702881097121302,0.421235238,0.120335256,0.09159505692021666,0.8648132965666429,0.0,0.0,0.0,0.11387975622527063,0.8326867522893123,0.0,0.0,0.0,0.0,0.0,0.0,0.0,1.7502383976102281e-09
5175.0,1.2001054308217378,0.573046859,0.143153984,0.1246055764880154,1.0288046324486022,0.0,0.0,0.0,0.046695221885120236,0.718795653454908,0.0,0.0,0.0,0.0,0.0,0.0,0.0,1.7502622391573711e-09
5176.0,1.191997272219061,0.691538307,0.153007027,0.15037082579538433,1.0996154893934935,0.0,0.0,0.05798904296981665,0.0,0.6720906403510352,0.0,0.0,0.0,0.0,0.0,0.0,0.0,1.575257472926353e-09
5177.0,1.4265219877604547,0.767232929,0.161111925,0.16683016391620006,1.1578629539413428,0.0,0.0,0.0,0.10182886990291162,0.7242716240067945,0.0,0.0,0.0,0.0,0.0,0.0,0.0,1.7503099232259622e-09
5178.0,1.4658478942327666,0.791256302,0.168629365,0.17205390119847985,1.2118885345088697,0.0,0.0,0.0,0.08190545852541699,0.6224328882931021,0.0,0.0,0.0,0.0,0.0,0.0,0.0,1.7503337657474187e-09
5179.0,1.3727242197569078,0.763550717,0.175868879,0.1660294891689172,1.263916744494814,0.0,0.0,0.057222013906823244,0.0,0.5405189511736107,0.0,0.0,0.0,0.0,0.0,0.0,0.0,1.5753218477342903e-09
5180.0,1.468124141872593,0.689682368,0.182034549,0.1499672630755308,1.3082275605888274,0.0,0.0,0.0,0.009929318208234863,0.5920114009027544,0.0,0.0,0.0,0.0,0.0,0.0,0.0,1.7503814517646773e-09
5181.0,1.4845184656772774,0.57435217,0.181642578,0.12488940847679025,1.305410582888888,0.0,0.0,0.0,0.054218474311599124,0.5820740184928198,0.0,0.0,0.0,0.0,0.0,0.0,0.0,1.7504052952604874e-09
5182.0,1.489747382034688,0.435510127,0.175626553,0.09469904526813541,1.2621752204072778,0.0,0.0,0.0,0.13287311635927465,0.527847615343563,0.0,0.0,0.0,0.0,0.0,0.0,0.0,1.7504291390810913e-09
5183.0,1.5545637025410233,0.284309821,0.169629718,0.06182145245282545,1.2190777706846778,0.0,0.0,0.0,0.27366447940352,0.39496730880242636,0.0,0.0,0.0,0.0,0.0,0.0,0.0,1.7504529832264928e-09
5184.0,1.3581144026112293,0.147187633,0.176395868,0.03200506132059864,1.2677040559569208,0.0,0.0,0.0,0.058405285333709714,0.12129744927271606,0.0,0.0,0.0,0.0,0.0,0.0,0.0,1.7504768276966966e-09
5185.0,1.4829920665874519,0.051680758,0.196037804,0.01123766851312174,1.408864743088471,0.0,0.0,0.0,0.06288965498585888,0.06289051166154158,0.0,0.0,0.0,0.0,0.0,0.0,0.0,1.750500672491707e-09
5186.0,1.2791154797976843,0.008393837,0.222837007,0.0018251891305304819,1.2772902906671537,0.0,0.0,0.0,0.0,0.0,0.0,0.0,0.0,0.0,0.3241722650838728,0.0,0.0,1.5749999999999998e-09
5187.0,1.2904811431693182,0.000178082,0.235665763,3.872285472581006e-05,1.2904424203145923,0.0,0.0,0.0,0.0,0.0,0.0,0.0,0.0,0.0,0.4032165468290281,0.0,0.0,1.5749999999999998e-09
5188.0,1.2798564280177185,0.0,0.236632279,0.0,1.2798564280177185,0.0,0.0,0.0,0.0,0.0,0.0,0.0,0.0,0.0,0.4207485989584785,0.0,0.0,1.5749999999999998e-09
5189.0,1.0389858102076999,0.0,0.23003138,0.0,1.0389858102076999,0.0,0.0,0.0,0.0,0.0,0.0,0.0,0.0,0.0,0.6141805407374806,0.0,0.0,1.5749999999999998e-09
5190.0,1.1218274307357836,0.0,0.219335337,0.0,1.1218274307357836,0.0,0.0,0.0,0.0,0.0,0.0,0.0,0.0,0.0,0.4544696757790813,0.0,0.0,1.5749999999999998e-09
5191.0,0.9214353056292329,0.0,0.208592513,0.0,1.2077252254249875,0.0,0.0,0.28628991979575463,0.0,0.0,0.0,0.0,0.0,0.0,0.29136643568096704,0.0,0.0,1.5749999999999998e-09
5192.0,0.9575170583275001,0.0,0.197196545,0.0,1.4171922661884089,0.0,0.0,0.4596752078609088,0.0,0.2576609278161792,0.0,0.0,0.0,0.0,0.0,0.0,0.0,1.575021454469746e-09
5193.0,0.9973302541157623,0.000181178,0.179767167,3.9396061216253265e-05,1.2919325680224272,0.0,0.0,0.29464170996788136,0.0,0.6713651051111367,0.0,0.0,0.0,0.0,0.0,0.0,0.0,1.5750429092317427e-09
5194.0,0.8832953618754324,0.004669274,0.164035648,0.0010153054142305344,1.178874871893948,0.0,0.0,0.2965948154327461,0.0,0.9365334989481777,0.0,0.0,0.0,0.0,0.0,0.0,0.0,1.5750643642859937e-09
5195.0,0.9736510487305692,0.033075727,0.149900695,0.007192116954950828,1.0772912154737169,0.0,0.0,0.11083228369809839,0.0,1.2034560756592867,0.0,0.0,0.0,0.0,0.0,0.0,0.0,1.5750858196325029e-09
5196.0,1.0629965516342406,0.113547652,0.130546555,0.02469025074321288,0.9381988316455532,0.0,0.0,0.0,0.10010746924547449,1.3031887378699494,0.0,0.0,0.0,0.0,0.0,0.0,0.0,1.7501191947458603e-09
5197.0,1.0042747013248063,0.25437611,0.114012338,0.05531254788943677,0.8193723863856684,0.0,0.0,0.0,0.12958976704970118,1.2030635169784443,0.0,0.0,0.0,0.0,0.0,0.0,0.0,1.7501430346692358e-09
5198.0,1.1707967952305647,0.416841981,0.113973803,0.09063976973462717,0.8190954469292617,0.0,0.0,0.0,0.2610615785666758,1.073457362158434,0.0,0.0,0.0,0.0,0.0,0.0,0.0,1.7501668749173558e-09
5199.0,1.212576954942109,0.568666716,0.127697887,0.12365314086247618,0.9177263114067306,0.0,0.0,0.0,0.17119750267290235,0.8123811612776082,0.0,0.0,0.0,0.0,0.0,0.0,0.0,1.7501907154902246e-09
5200.0,1.2596950598031729,0.68781778,0.131900343,0.1495618196828943,0.9479280988781951,0.0,0.0,0.0,0.1622051412420835,0.6411725925922412,0.0,0.0,0.0,0.0,0.0,0.0,0.0,1.7502145563878474e-09
5201.0,1.4571856923395035,0.763907722,0.138730241,0.16610711774873652,0.9970125218555635,0.0,0.0,0.0,0.29406605273520325,0.47895871748945323,0.0,0.0,0.0,0.0,0.0,0.0,0.0,1.7502383976102281e-09
5202.0,1.348401967781463,0.789554402,0.152810953,0.17168383332829726,1.0982063645206381,0.0,0.0,0.0,0.07851176993252734,0.184886140522288,0.0,0.0,0.0,0.0,0.0,0.0,0.0,1.7502622391573711e-09
5203.0,1.4929047583415025,0.762667385,0.169855019,0.1658374139636148,1.2206969412171256,0.0,0.0,0.0,0.10637040316076221,0.1063718521262203,0.0,0.0,0.0,0.0,0.0,0.0,0.0,1.750286081029281e-09
5204.0,1.3756613136469942,0.688166989,0.184556448,0.14963775306962593,1.2721799437307992,0.0,0.0,0.04615638315343125,0.0,0.0,0.0,0.0,0.0,0.0,0.05417174656277685,0.0,0.0,1.5749999999999998e-09
5205.0,1.540267620776759,0.573495482,0.1911899,0.12470312684827448,1.3740243149459606,0.0,0.0,0.0,0.04154017898252417,0.041540744838088124,0.0,0.0,0.0,0.0,0.0,0.0,0.0,1.7500238382997177e-09
5206.0,1.3834646371982229,0.432887544,0.195477641,0.0941287804434177,1.2893358567548052,0.0,0.0,0.0,0.0,0.0,0.0,0.0,0.0,0.0,0.11550316330994409,0.0,0.0,1.5749999999999998e-09
5207.0,1.4430097645298254,0.281286976,0.202982347,0.06116415307504644,1.381845611454779,0.0,0.0,0.0,0.0,0.0,0.0,0.0,0.0,0.0,0.07692747374898047,0.0,0.0,1.5749999999999998e-09
5208.0,1.494072920400081,0.14455067,0.221373946,0.031431669651781256,1.4626412507482998,0.0,0.0,0.0,0.0,0.0,0.0,0.0,0.0,0.0,0.12830672558064868,0.0,0.0,1.5749999999999998e-09
5209.0,1.2885164050784712,0.050620222,0.26407192,0.01100706136888767,1.2775093437095835,0.0,0.0,0.0,0.0,0.0,0.0,0.0,0.0,0.0,0.6202961312368677,0.0,0.0,1.5749999999999998e-09
5210.0,1.4305315659119229,0.008730389,0.318456557,0.0018983703291001344,1.4286331955828226,0.0,0.0,0.0,0.0,0.0,0.0,0.0,0.0,0.0,0.8600183104432495,0.0,0.0,1.5749999999999998e-09
5211.0,1.1843096519574725,0.00013444,0.34357408,2.923316556046037e-05,1.1842804187919118,0.0,0.0,0.0,0.0,0.0,0.0,0.0,0.0,0.0,1.284883171466719,0.0,0.0,1.5749999999999998e-09
5212.0,1.2725448444473855,0.0,0.338676222,0.0,1.2725448444473855,0.0,0.0,0.0,0.0,0.0,0.0,0.0,0.0,0.0,1.1614193132933532,0.0,0.0,1.5749999999999998e-09
5213.0,1.022589261570505,0.0,0.31996971,0.0,1.022589261570505,0.0,0.0,0.0,0.0,0.0,0.0,0.0,0.0,0.0,1.2769368200175268,0.0,0.0,1.5749999999999998e-09
5214.0,1.0462528921282002,0.0,0.299166753,0.0,1.0462528921282002,0.0,0.0,0.0,0.0,0.0,0.0,0.0,0.0,0.0,1.1037685935540056,0.0,0.0,1.5749999999999998e-09
5215.0,1.0683901245959944,0.0,0.27796214,0.0,1.0683901245959944,0.0,0.0,0.0,0.0,0.0,0.0,0.0,0.0,0.0,0.9292401842980068,0.0,0.0,1.5749999999999998e-09
5216.0,0.9508307196875609,0.0,0.257925602,0.0,0.9508307196875609,0.0,0.0,0.0,0.0,0.0,0.0,0.0,0.0,0.0,0.9028030161691681,0.0,0.0,1.5749999999999998e-09
5217.0,0.8726528470638244,0.00016712,0.234487242,3.633923407069427e-05,0.8726165078297536,0.0,0.0,0.0,0.0,0.0,0.0,0.0,0.0,0.0,0.8125727833023494,0.0,0.0,1.5749999999999998e-09
5218.0,1.003062037616395,0.004627549,0.213369961,0.0010062325651304881,1.0020558050512645,0.0,0.0,0.0,0.0,0.0,0.0,0.0,0.0,0.0,0.5313699381133656,0.0,0.0,1.5749999999999998e-09
5219.0,0.920458499165048,0.029787428,0.198429145,0.006477096209047107,0.9139814029560008,0.0,0.0,0.0,0.0,0.0,0.0,0.0,0.0,0.0,0.5120691887538001,0.0,0.0,1.5749999999999998e-09
5220.0,1.014496677795326,0.104818668,0.18051283,0.022792185922872136,0.9917044918724537,0.0,0.0,0.0,0.0,0.0,0.0,0.0,0.0,0.0,0.3055869318884596,0.0,0.0,1.5749999999999998e-09
5221.0,1.1088641666345165,0.240920606,0.186358709,0.052386729858111,1.0564774367764054,0.0,0.0,0.0,0.0,0.0,0.0,0.0,0.0,0.0,0.2828265613319603,0.0,0.0,1.5749999999999998e-09
5222.0,1.0510679456419787,0.402580195,0.217165156,0.08753863055487518,0.9635293150871035,0.0,0.0,0.0,0.0,0.0,0.0,0.0,0.0,0.0,0.5971713532171983,0.0,0.0,1.5749999999999998e-09
5223.0,1.2281368765621483,0.552679142,0.245859677,0.1201767395113001,1.1079601370508483,0.0,0.0,0.0,0.0,0.0,0.0,0.0,0.0,0.0,0.6589594244048567,0.0,0.0,1.5749999999999998e-09
5224.0,1.1667516157592306,0.66947073,0.249571341,0.14557236453415848,1.021179251225072,0.0,0.0,0.0,0.0,0.0,0.0,0.0,0.0,0.0,0.7724149231935019,0.0,0.0,1.5749999999999998e-09
5225.0,1.344414639954949,0.74481703,0.250397687,0.16195596214103228,1.1824586778139168,0.0,0.0,0.0,0.0,0.0,0.0,0.0,0.0,0.0,0.6170741968004224,0.0,0.0,1.5749999999999998e-09
5226.0,1.258282139170477,0.771336848,0.254493396,0.1677225363021992,1.0905596028682778,0.0,0.0,0.0,0.0,0.0,0.0,0.0,0.0,0.0,0.738407900630448,0.0,0.0,1.5749999999999998e-09
5227.0,1.360170368834252,0.744459531,0.259198641,0.1618782261438982,1.1982921426903537,0.0,0.0,0.0,0.0,0.0,0.0,0.0,0.0,0.0,0.664490541619586,0.0,0.0,1.5749999999999998e-09
5228.0,1.4593440108572544,0.671965041,0.261620624,0.14611473738764164,1.3132292734696127,0.0,0.0,0.0,0.0,0.0,0.0,0.0,0.0,0.0,0.5669594743007178,0.0,0.0,1.5749999999999998e-09
5229.0,1.3211003460985342,0.560828784,0.255063686,0.12194882991478481,1.1991515161837494,0.0,0.0,0.0,0.0,0.0,0.0,0.0,0.0,0.0,0.6339144900422156,0.0,0.0,1.5749999999999998e-09
5230.0,1.47830161669328,0.427403603,0.242362223,0.09293633061318267,1.3853652860800973,0.0,0.0,0.0,0.0,0.0,0.0,0.0,0.0,0.0,0.3564191252635725,0.0,0.0,1.5749999999999998e-09
5231.0,1.2999332445974692,0.278013648,0.22981216,0.06045238768262089,1.2394808569148483,0.0,0.0,0.0,0.0,0.0,0.0,0.0,0.0,0.0,0.41211002581615064,0.0,0.0,1.5749999999999998e-09
5232.0,1.3543851833538199,0.139889605,0.226572892,0.0304181492349926,1.3239670341188272,0.0,0.0,0.0,0.0,0.0,0.0,0.0,0.0,0.0,0.3043442036381104,0.0,0.0,1.5749999999999998e-09
5233.0,1.3297514218293958,0.047843872,0.245860401,0.01040336083925524,1.3193480609901407,0.0,0.0,0.0,0.0,0.0,0.0,0.0,0.0,0.0,0.4475767036358367,0.0,0.0,1.5749999999999998e-09
5234.0,1.295262820195741,0.008355745,0.273710085,0.0018169062553257136,1.2934459139404153,0.0,0.0,0.0,0.0,0.0,0.0,0.0,0.0,0.0,0.6736261543849807,0.0,0.0,1.5749999999999998e-09
5235.0,1.3137286850509462,0.000153077,0.280533455,3.328566858448819e-05,1.313695399382362,0.0,0.0,0.0,0.0,0.0,0.0,0.0,0.0,0.0,0.7024141771475617,0.0,0.0,1.5749999999999998e-09
5236.0,1.078387368984765,0.0,0.275714256,0.0,1.078387368984765,0.0,0.0,0.0,0.0,0.0,0.0,0.0,0.0,0.0,0.9030880736052211,0.0,0.0,1.5749999999999998e-09
5237.0,1.1619454625754184,0.0,0.269732301,0.0,1.1619454625754184,0.0,0.0,0.0,0.0,0.0,0.0,0.0,0.0,0.0,0.7765394683771194,0.0,0.0,1.5749999999999998e-09
5238.0,0.9468767683484026,0.0,0.262008952,0.0,0.9468767683484026,0.0,0.0,0.0,0.0,0.0,0.0,0.0,0.0,0.0,0.9361027759764236,0.0,0.0,1.5749999999999998e-09
5239.0,0.976957503814455,0.0,0.252617566,0.0,0.976957503814455,0.0,0.0,0.0,0.0,0.0,0.0,0.0,0.0,0.0,0.8385289735908158,0.0,0.0,1.5749999999999998e-09
5240.0,0.9402527320182291,0.0,0.243213552,0.0,0.9402527320182291,0.0,0.0,0.0,0.0,0.0,0.0,0.0,0.0,0.0,0.8076499248290924,0.0,0.0,1.5749999999999998e-09
5241.0,0.9814343467893545,0.000169254,0.224497703,3.680325947463671e-05,0.9813975435298798,0.0,0.0,0.0,0.0,0.0,0.0,0.0,0.0,0.0,0.6319999349536418,0.0,0.0,1.5749999999999998e-09
5242.0,0.8716204147872545,0.004236611,0.203856035,0.0009212254595229662,0.8706991893277316,0.0,0.0,0.0,0.0,0.0,0.0,0.0,0.0,0.0,0.5943528287886791,0.0,0.0,1.5749999999999998e-09
5243.0,1.0167373241152862,0.030528821,0.180533265,0.006638307636556526,1.0100990164787296,0.0,0.0,0.0,0.0,0.0,0.0,0.0,0.0,0.0,0.2873392674817858,0.0,0.0,1.5749999999999998e-09
5244.0,0.9444469902666346,0.109721532,0.151173671,0.023858284070985947,0.9205887061956487,0.0,0.0,0.0,0.0,0.0,0.0,0.0,0.0,0.0,0.16585100496922472,0.0,0.0,1.5749999999999998e-09
5245.0,1.0387032264811307,0.247006383,0.142467959,0.05371004528956772,0.9849931811915629,0.0,0.0,0.0,0.0,0.0,0.0,0.0,0.0,0.0,0.038881195889675174,0.0,0.0,1.5749999999999998e-09
5246.0,1.0954825900245966,0.408705306,0.152458806,0.08887049892693111,1.0066120910976655,0.0,0.0,0.0,0.0,0.0,0.0,0.0,0.0,0.0,0.08906349883480016,0.0,0.0,1.5749999999999998e-09
5247.0,1.1583096962826955,0.559294479,0.153083039,0.1216152045645524,1.0876390253651282,0.0,0.0,0.05094453364698501,0.0,0.0,0.0,0.0,0.0,0.0,0.012522739413350097,0.0,0.0,1.5749999999999998e-09
5248.0,1.2817855647886993,0.678446514,0.151448109,0.14752409452305265,1.0884120145393985,0.0,0.0,0.0,0.04584945572624793,0.04585008028228651,0.0,0.0,0.0,0.0,0.0,0.0,0.0,1.7500238382997177e-09
5249.0,1.2041995616079257,0.752976928,0.158553498,0.16373028264973855,1.0404692789581873,0.0,0.0,0.0,0.0,0.0,0.0,0.0,0.0,0.0,0.09900702952743726,0.0,0.0,1.5749999999999998e-09
5250.0,1.3784871539124612,0.77459192,0.171583457,0.16843033203774826,1.210056821874713,0.0,0.0,0.0,0.0,0.0,0.0,0.0,0.0,0.0,0.02306188345692163,0.0,0.0,1.5749999999999998e-09
5251.0,1.2816943366565237,0.742579225,0.187311522,0.16146936496714784,1.120224971689376,0.0,0.0,0.0,0.0,0.0,0.0,0.0,0.0,0.0,0.22592660691145605,0.0,0.0,1.5749999999999998e-09
5252.0,1.3790189458781688,0.660915581,0.202640527,0.14371209908405874,1.23530684679411,0.0,0.0,0.0,0.0,0.0,0.0,0.0,0.0,0.0,0.22100968086484815,0.0,0.0,1.5749999999999998e-09
5253.0,1.4684601275789615,0.542440779,0.212651232,0.11795046934879572,1.3505096582301657,0.0,0.0,0.0,0.0,0.0,0.0,0.0,0.0,0.0,0.17775079575414257,0.0,0.0,1.5749999999999998e-09
5254.0,1.3294643874378809,0.407148561,0.219379721,0.08853199413430675,1.2409323933035743,0.0,0.0,0.0,0.0,0.0,0.0,0.0,0.0,0.0,0.3356836876717334,0.0,0.0,1.5749999999999998e-09
5255.0,1.4636294982377605,0.261188468,0.22390916,0.05679385396851388,1.4068356442692467,0.0,0.0,0.0,0.0,0.0,0.0,0.0,0.0,0.0,0.2023321526652434,0.0,0.0,1.5749999999999998e-09
5256.0,1.2748500189095464,0.131554443,0.23646227,0.028605718628630962,1.2462443002809156,0.0,0.0,0.0,0.0,0.0,0.0,0.0,0.0,0.0,0.45313892313892384,0.0,0.0,1.5749999999999998e-09
5257.0,1.3967104860259838,0.046362491,0.265711552,0.010081243492995788,1.386629242532988,0.0,0.0,0.0,0.0,0.0,0.0,0.0,0.0,0.0,0.5229597745125149,0.0,0.0,1.5749999999999998e-09
5258.0,1.2027243396653888,0.008187439,0.290283509,0.0017803091327221817,1.2009440305326669,0.0,0.0,0.0,0.0,0.0,0.0,0.0,0.0,0.0,0.8852362519709307,0.0,0.0,1.5749999999999998e-09
5259.0,1.2230948651341857,0.000122887,0.289787765,2.6721035526839436e-05,1.2230681440986588,0.0,0.0,0.0,0.0,0.0,0.0,0.0,0.0,0.0,0.859549375361553,0.0,0.0,1.5749999999999998e-09
5260.0,1.22039362948825,0.0,0.270090984,0.0,1.22039362948825,0.0,0.0,0.0,0.0,0.0,0.0,0.0,0.0,0.0,0.7206690483188956,0.0,0.0,1.5749999999999998e-09
5261.0,0.9959885371227234,0.0,0.251665974,0.0,0.9959885371227234,0.0,0.0,0.0,0.0,0.0,0.0,0.0,0.0,0.0,0.8126591347498908,0.0,0.0,1.5749999999999998e-09
5262.0,1.0801429498213608,0.0,0.234621181,0.0,1.0801429498213608,0.0,0.0,0.0,0.0,0.0,0.0,0.0,0.0,0.0,0.606008920624396,0.0,0.0,1.5749999999999998e-09
5263.0,0.8900640283175809,0.0,0.218877869,0.0,0.8900640283175809,0.0,0.0,0.0,0.0,0.0,0.0,0.0,0.0,0.0,0.682945393255194,0.0,0.0,1.5749999999999998e-09
5264.0,0.9227258464749077,0.0,0.206423577,0.0,0.9227258464749077,0.0,0.0,0.0,0.0,0.0,0.0,0.0,0.0,0.0,0.5607783238610762,0.0,0.0,1.5749999999999998e-09
5265.0,0.8968349195922398,0.000123437,0.188949471,2.6840629703113262e-05,0.8968080789625368,0.0,0.0,0.0,0.0,0.0,0.0,0.0,0.0,0.0,0.461114946522474,0.0,0.0,1.5749999999999998e-09
5266.0,0.8869044271782558,0.004248731,0.170431613,0.0009238608802801276,0.8859805662979756,0.0,0.0,0.0,0.0,0.0,0.0,0.0,0.0,0.0,0.338860182598593,0.0,0.0,1.5749999999999998e-09
5267.0,0.8900974048049366,0.031114524,0.152602334,0.006765665214422179,1.0075656755257691,0.0,0.0,0.12423393593525449,0.0,0.0,0.0,0.0,0.0,0.0,0.08914140697965967,0.0,0.0,1.5749999999999998e-09
5268.0,0.9525262230469014,0.106019323,0.13085861,0.023053261096897683,0.9404414770865542,0.0,0.0,0.010968515136550536,0.0,0.11181054234172903,0.0,0.0,0.0,0.0,0.0,0.0,0.0,1.575021454469746e-09
5269.0,0.8897146926162249,0.238662607,0.123680386,0.05189574162096168,0.8888537398989275,0.0,0.0,0.05103478890366418,0.0,0.1216806829149599,0.0,0.0,0.0,0.0,0.0,0.0,0.0,1.5750429092317427e-09
5270.0,1.0493435154603035,0.398566634,0.128765614,0.08666590596993018,0.9253997442592207,0.0,0.0,0.0,0.03727786523115259,0.16761033543049922,0.0,0.0,0.0,0.0,0.0,0.0,0.0,1.7500715158733263e-09
5271.0,1.0152153756904063,0.546505249,0.12936349,0.11883426378814058,0.9296964992725485,0.0,0.0,0.033315387370282716,0.0,0.1303301870616405,0.0,0.0,0.0,0.0,0.0,0.0,0.0,1.5750858196325029e-09
5272.0,1.132185136988312,0.664950455,0.12953796,0.14458945805205634,0.9309503626943538,0.0,0.0,0.0,0.056645316241901736,0.16031226037618584,0.0,0.0,0.0,0.0,0.0,0.0,0.0,1.7501191947458603e-09
5273.0,1.243256234348656,0.741508719,0.136134303,0.16123658990666384,0.9783562961234921,0.0,0.0,0.0,0.10366334831850012,0.10366476040876699,0.0,0.0,0.0,0.0,0.0,0.0,0.0,1.7501430346692358e-09
5274.0,1.1759834357705778,0.767046567,0.147872122,0.16678964062551144,1.0288323607207415,0.0,0.0,0.019638565575675015,0.0,0.0,0.0,0.0,0.0,0.0,0.033880110652775026,0.0,0.0,1.5749999999999998e-09
5275.0,1.329960579083647,0.739820202,0.160214952,0.16086943208895593,1.1514166787361673,0.0,0.0,0.0,0.01767446825852368,0.017674709018107512,0.0,0.0,0.0,0.0,0.0,0.0,0.0,1.7500238382997177e-09
5276.0,1.2332100386450318,0.66433854,0.170550048,0.14445640083319344,1.0887536378118383,0.0,0.0,0.0,0.0,0.0,0.0,0.0,0.0,0.0,0.1369382678128871,0.0,0.0,1.5749999999999998e-09
5277.0,1.37957076333632,0.552046035,0.176779079,0.1200390742201034,1.2595316891162163,0.0,0.0,0.0,0.0,0.0,0.0,0.0,0.0,0.0,0.010926389055030274,0.0,0.0,1.5749999999999998e-09
5278.0,1.2594770022189552,0.417574484,0.180377635,0.09079904808536009,1.168677954133595,0.0,0.0,0.0,0.0,0.0,0.0,0.0,0.0,0.0,0.1276418638193801,0.0,0.0,1.5749999999999998e-09
5279.0,1.3167748077331414,0.269817937,0.183960129,0.05867027985348755,1.2581045278796539,0.0,0.0,0.0,0.0,0.0,0.0,0.0,0.0,0.0,0.06396159709135937,0.0,0.0,1.5749999999999998e-09
5280.0,1.3585660926071625,0.135959614,0.199443066,0.029563596441522507,1.3290024961656401,0.0,0.0,0.0,0.0,0.0,0.0,0.0,0.0,0.0,0.10433484085567725,0.0,0.0,1.5749999999999998e-09
5281.0,1.1882613774641957,0.047791058,0.227790529,0.010391876754117556,1.5651703606219534,0.0,0.0,0.3873008599118752,0.0,0.0,0.0,0.0,0.0,0.0,0.07189166807518457,0.0,0.0,1.5749999999999998e-09
5282.0,1.305264515249457,0.007767526,0.249209016,0.0016890015884645977,1.7909902536052213,0.0,0.0,0.487414739944229,0.0,0.3485707739206877,0.0,0.0,0.0,0.0,0.0,0.0,0.0,1.575021454469746e-09
5283.0,1.1081387942419052,8.68e-05,0.254925223,1.88741354555784e-05,1.749961929590254,0.0,0.0,0.6418420094838041,0.0,0.7872392917439827,0.0,0.0,0.0,0.0,0.08210898469455494,0.0,0.0,1.5749999999999998e-09
5284.0,1.111790135362126,0.0,0.246316095,0.0,1.7536321448459302,0.0,0.0,0.6418420094838041,0.0,1.3648863767419461,0.0,0.0,0.0,0.0,0.016567555517630617,0.0,0.0,1.5749999999999998e-09
5285.0,1.0427728811099293,0.0,0.227481219,0.0,1.6348391107456357,0.0,0.0,0.5920662296357064,0.0,1.9425255932046115,0.0,0.0,0.0,0.0,0.0,0.0,0.0,1.5750858196325029e-09
5286.0,0.9864474323949073,0.0,0.205515277,0.0,1.476976491388166,0.0,0.0,0.49052905899325877,0.0,2.4753587393758747,0.0,0.0,0.0,0.0,0.0,0.0,0.0,1.5751072752712744e-09
5287.0,1.0029574594892319,0.0,0.183253668,0.0,1.3169890022173476,0.0,0.0,0.31403154272811573,0.0,2.9168011738756676,0.0,0.0,0.0,0.0,0.0,0.0,0.0,1.575128731202312e-09
5288.0,0.8988953354802836,0.0,0.165444156,0.0,1.188997395310697,0.0,0.0,0.29010205983041343,0.0,3.1993898305404214,0.0,0.0,0.0,0.0,0.0,0.0,0.0,1.57515018742562e-09
5289.0,0.8191065121319263,0.000118088,0.149417097,2.5677521977861082e-05,1.0738157420796763,0.0,0.0,0.25473490746972804,0.0,3.4604381032593388,0.0,0.0,0.0,0.0,0.0,0.0,0.0,1.5751716439412022e-09
5290.0,0.9356067827739655,0.004003174,0.137385892,0.0008704659945650877,0.9873510898773404,0.0,0.0,0.05261477309794006,0.0,3.6896523829323833,0.0,0.0,0.0,0.0,0.0,0.0,0.0,1.5751931007490627e-09
5291.0,0.8055847550750521,0.031699064,0.128782707,0.0068927699049660006,0.9255225865098593,0.0,0.0,0.12683060133977306,0.0,3.736955419382665,0.0,0.0,0.0,0.0,0.0,0.0,0.0,1.5752145578492055e-09
5292.0,0.8619102037900741,0.110506735,0.110398496,0.024029021718245468,0.793400790718884,0.0,0.0,0.0,0.04448039135294458,3.851052056902825,0.0,0.0,0.0,0.0,0.0,0.0,0.0,0.0058618093000506475
5293.0,0.9507061150680295,0.251243439,0.096103179,0.05463136751165149,0.6906646464567638,0.0,0.0,0.0,0.20541010109961425,3.8065192076740773,0.0,0.0,0.0,0.0,0.0,0.0,0.0,0.005861889148946068
5294.0,0.9141370720538873,0.418895411,0.09987456,0.09108627567896528,0.7177684275399968,0.0,0.0,0.0,0.10528236883492517,3.601057255311772,0.0,0.0,0.0,0.0,0.0,0.0,0.0,0.00586196899892918
5295.0,1.0855676724381105,0.575679256,0.099818537,0.12517797530772576,0.7173658070867395,0.0,0.10149631204483521,0.0,0.14152757799881005,3.4957258339552317,0.0,0.0,0.0,0.0,0.0,0.0,0.0,0.005862048849999999
5296.0,1.0571090138590804,0.69808224,0.090133081,0.1517937644803409,0.6477593475125714,0.0,0.21310107291852828,0.0,0.04445482894763977,3.3541506382278294,0.0,0.0,0.0,0.0,0.0,0.0,0.0,0.005862128702158541
5297.0,1.1714687666433017,0.775397102,0.081067216,0.16860541399782192,0.5826057021264001,0.0,0.21310107291852828,0.0,0.2071565776005515,3.309650120046441,0.0,0.0,0.0,0.0,0.0,0.0,0.0,0.005862208555404819
5298.0,1.2290892068689443,0.801103813,0.074842045,0.174195182955557,0.5378672702390647,0.0,0.21310107291852828,0.0,0.30392568075579435,3.10244845938485,0.0,0.0,0.0,0.0,0.0,0.0,0.0,0.005862288409738851
5299.0,1.2751059016462163,0.773832829,0.071874611,0.1682652722870903,0.5165412144746265,0.0,0.21310107291852828,0.0,0.37719834196597113,2.7984805180068766,0.0,0.0,0.0,0.0,0.0,0.0,0.0,0.005862368265160648
5300.0,1.3691151544540843,0.698554653,0.071159446,0.1518964878323337,0.5114015386905065,0.0,0.21310107291852828,0.0,0.49271605501271565,2.421244055978833,0.0,0.0,0.0,0.0,0.0,0.0,0.0,0.005862448121670227
5301.0,1.2800144081246811,0.581932393,0.072116372,0.12653768215980282,0.5182786780770744,0.0,0.21310107291852828,0.0,0.4220969749692757,1.92849501950596,0.0,0.0,0.0,0.0,0.0,0.0,0.0,0.005862527979267602
5302.0,1.4195374895665236,0.44082551,0.075377865,0.09585484317988975,0.5417180474424335,0.0,0.21310107291852828,0.0,0.5688635260256724,1.5063717751560772,0.0,0.0,0.0,0.0,0.0,0.0,0.0,0.0058626078379527885
5303.0,1.2933492592521827,0.284711079,0.083523044,0.061908703580067774,0.6002549994236167,0.0,0.21310107291852828,0.0,0.4180844833299697,0.9374877297859951,0.0,0.0,0.0,0.0,0.0,0.0,0.0,0.005862687697725801
5304.0,1.336760396180716,0.145052081,0.104232885,0.03154069844363514,0.7490903986401273,0.0,0.21310107291852828,0.0,0.34302822617842516,0.5193904762794166,0.0,0.0,0.0,0.0,0.0,0.0,0.0,0.005862767558586653
5305.0,1.3868734465766863,0.050109538,0.137270748,0.01089601621922181,0.9865235845764843,0.0,0.21310107291852828,0.0,0.1763527728624518,0.1763551751197407,0.0,0.0,0.0,0.0,0.0,0.0,0.0,0.00586284742053536
5306.0,1.2184244417323822,0.00724748,0.167811747,0.0015759207284746007,1.2060125598243416,0.0,0.010835961179565918,0.0,0.0,0.0,0.0,0.0,0.0,0.0,0.0,0.0,0.0,0.005862048849999999
5307.0,1.3016176237942572,8.12e-05,0.181513894,1.7656449297153988e-05,1.304485769679903,0.0,0.0,0.002885802334943115,0.0,0.0,0.0,0.0,0.0,0.0,0.0,0.0,0.0,0.0052752690646995755
5308.0,1.081538068794199,0.0,0.183707285,0.0,1.3202490111805452,0.0,0.0,0.23871094238634633,0.0,0.002597222101448804,0.0,0.0,0.0,0.0,0.0,0.0,0.0,0.005275340923811037
5309.0,1.1463655144630112,0.0,0.178767912,0.0,1.2847512228424187,0.0,0.0,0.13838570837940747,0.0,0.2174370348705802,0.0,0.0,0.0,0.0,0.0,0.0,0.0,0.005275412783901355
5310.0,0.9460000903463599,0.0,0.171473983,0.0,1.2323319486156448,0.0,0.0,0.2863318582692849,0.0,0.34198121054998903,0.0,0.0,0.0,0.0,0.0,0.0,0.0,0.0052754846449705435
5311.0,0.9684955588454767,0.0,0.163014734,0.0,1.1715378699944294,0.0,0.0,0.20304231114895277,0.0,0.5996752246268896,0.0,0.0,0.0,0.0,0.0,0.0,0.0,0.005275556507018614
5312.0,0.9343674180756547,0.0,0.156547881,0.0,1.1250625422538887,0.0,0.0,0.190695124178234,0.0,0.7824051360649398,0.0,0.0,0.0,0.0,0.0,0.0,0.0,0.005275628370045584
5313.0,0.9719132675539819,0.000125343,0.141004542,2.7255077884891288e-05,1.0133572391942196,0.0,0.0,0.04147122671812256,0.0,0.9540200901373086,0.0,0.0,0.0,0.0,0.0,0.0,0.0,0.005275700234051461
5314.0,0.8784580580367001,0.003875335,0.126611723,0.0008426681765638701,0.9099203773797817,0.0,0.0,0.03230498751964551,0.0,0.9913311988081571,0.0,0.0,0.0,0.0,0.0,0.0,0.0,0.0052757720990362625
5315.0,1.0187421131910204,0.02906179,0.114772182,0.00631931061107804,0.8248331567065159,0.0,0.1308089092492129,0.0,0.056780736624213624,1.0203921839596473,0.0,0.0,0.0,0.0,0.0,0.0,0.0,0.005862048849999999
5316.0,0.9634023712701498,0.108160716,0.094736375,0.023518894064013203,0.680841837146411,0.0,0.21310107291852828,0.0,0.045940567141197264,0.9635975478592215,0.0,0.0,0.0,0.0,0.0,0.0,0.0,0.005862128702158541
5317.0,1.0598681021497607,0.249585966,0.08256494,0.054270960024140384,0.5933693941053075,0.0,0.21310107291852828,0.0,0.19912667510178456,0.9176438548813065,0.0,0.0,0.0,0.0,0.0,0.0,0.0,0.005862208555404819
5318.0,1.1712640600539963,0.416147792,0.086455598,0.09048882253165744,0.6213303831174835,0.0,0.21310107291852828,0.0,0.24634378148632716,0.718504679910224,0.0,0.0,0.0,0.0,0.0,0.0,0.0,0.005862288409738851
5319.0,1.1330017375130992,0.571028561,0.098599794,0.12416670978476975,0.7086070676571453,0.0,0.21310107291852828,0.0,0.08712688715265576,0.47215111116869857,0.0,0.0,0.0,0.0,0.0,0.0,0.0,0.005862368265160648
5320.0,1.312119959158836,0.689982968,0.104589576,0.15003262672896334,0.7516538295897873,0.0,0.21310107291852828,0.0,0.1973324299215569,0.38501779251525176,0.0,0.0,0.0,0.0,0.0,0.0,0.0,0.005862448121670227
5321.0,1.252100891506346,0.761937127,0.113767981,0.16567862377456502,0.8176162661119131,0.0,0.21310107291852828,0.0,0.05570492870133972,0.1876801179968306,0.0,0.0,0.0,0.0,0.0,0.0,0.0,0.005862527979267602
5322.0,1.4282241676171759,0.781574208,0.12706858,0.16994858836841484,0.9132036712486169,0.0,0.21310107291852828,0.0,0.13197083508161572,0.13197263277322757,0.0,0.0,0.0,0.0,0.0,0.0,0.0,0.0058626078379527885
5323.0,1.3337342989909642,0.751886707,0.141377915,0.16349322068164504,1.0160405586611176,0.0,0.15420051964820142,0.0,0.0,0.0,0.0,0.0,0.0,0.0,0.0,0.0,0.0,0.005862048849999999
5324.0,1.4237584498047533,0.674659869,0.155591832,0.14670071145102279,1.1181917056025816,0.0,0.15886603275114916,0.0,0.0,0.0,0.0,0.0,0.0,0.0,0.0,0.0,0.0,0.005862048849999999
5325.0,1.5066779484700257,0.559880204,0.168430813,0.12174256692618514,1.210461600995221,0.0,0.17447378054861962,0.0,0.0,0.0,0.0,0.0,0.0,0.0,0.0,0.0,0.0,0.005862048849999999
5326.0,1.3678246126084848,0.421247098,0.177935438,0.09159763580554504,1.278768482553521,0.0,0.0,0.0025415057505810547,0.0,0.0,0.0,0.0,0.0,0.0,0.0,0.0,0.0,0.0052757720990362625
5327.0,1.5001451392721032,0.271221243,0.185260653,0.05897542026281504,1.3314125998536863,0.0,0.10746979513774511,0.0,0.002287324017856955,0.002287355175522949,0.0,0.0,0.0,0.0,0.0,0.0,0.0,0.005862048849999999
5328.0,1.3221327783751045,0.135078504,0.197316422,0.029372004396692266,1.2927607739784122,0.0,0.0,0.0,0.0,0.0,0.0,0.0,0.0,0.0,0.1252930121585022,0.0,0.0,1.5749999999999998e-09
5329.0,1.3712823733018018,0.043796743,0.224694458,0.009523337095566303,1.3617590362062353,0.0,0.0,0.0,0.0,0.0,0.0,0.0,0.0,0.0,0.25305246129234543,0.0,0.0,1.5749999999999998e-09
5330.0,1.3339234307527719,0.005879773,0.261945161,0.001278521106567426,1.3326449096462045,0.0,0.0,0.0,0.0,0.0,0.0,0.0,0.0,0.0,0.549876187945427,0.0,0.0,1.5749999999999998e-09
5331.0,1.2650597059425919,5.38e-05,0.279419496,1.1698484879148824e-05,1.2650480074577126,0.0,0.0,0.0,0.0,0.0,0.0,0.0,0.0,0.0,0.7430558807390254,0.0,0.0,1.5749999999999998e-09
5332.0,1.2535182618040628,0.0,0.273681499,0.0,1.2535182618040628,0.0,0.0,0.0,0.0,0.0,0.0,0.0,0.0,0.0,0.7133483675359734,0.0,0.0,1.5749999999999998e-09
5333.0,1.023363586277895,0.0,0.260340164,0.0,1.023363586277895,0.0,0.0,0.0,0.0,0.0,0.0,0.0,0.0,0.0,0.8476228805439352,0.0,0.0,1.5749999999999998e-09
5334.0,1.1069172302035275,0.0,0.245732444,0.0,1.1069172302035275,0.0,0.0,0.0,0.0,0.0,0.0,0.0,0.0,0.0,0.6590879459438347,0.0,0.0,1.5749999999999998e-09
5335.0,0.9161018101447344,0.0,0.234940626,0.0,0.9161018101447344,0.0,0.0,0.0,0.0,0.0,0.0,0.0,0.0,0.0,0.7723458154496362,0.0,0.0,1.5749999999999998e-09
5336.0,0.9507617418803391,0.0,0.226866642,0.0,0.9507617418803391,0.0,0.0,0.0,0.0,0.0,0.0,0.0,0.0,0.0,0.6796605887874446,0.0,0.0,1.5749999999999998e-09
5337.0,0.933294933814273,7.04e-05,0.210859639,1.5308054563049764e-05,0.9332796257597098,0.0,0.0,0.0,0.0,0.0,0.0,0.0,0.0,0.0,0.5821051881176315,0.0,0.0,1.5749999999999998e-09
5338.0,0.9977062918069426,0.002160707,0.196718144,0.00046983267969834605,0.9972364591272442,0.0,0.0,0.0,0.0,0.0,0.0,0.0,0.0,0.0,0.4165176829432355,0.0,0.0,1.5749999999999998e-09
5339.0,0.9302933137818351,0.025766652,0.179904266,0.005602802765953342,0.9246905110158817,0.0,0.0,0.0,0.0,0.0,0.0,0.0,0.0,0.0,0.3682273462898959,0.0,0.0,1.5749999999999998e-09
5340.0,1.0726578103166426,0.104796867,0.152579453,0.0227874454271686,1.053023925231587,0.0,0.0,0.0031535603421128707,0.0,0.0,0.0,0.0,0.0,0.0,0.04351871840782275,0.0,0.0,1.5749999999999998e-09
5341.0,1.0118243679718006,0.243097408,0.135608716,0.05286006229829503,0.974579060413763,0.0,0.0,0.015614754740257324,0.0,0.0028382043079015836,0.0,0.0,0.0,0.0,0.0,0.0,0.0,1.575021454469746e-09
5342.0,1.1696620086594172,0.408449024,0.148045157,0.08881477195477872,1.0639560218818682,0.0,0.0,0.0,0.016891214822770385,0.016891444912965556,0.0,0.0,0.0,0.0,0.0,0.0,0.0,1.7500476769241584e-09
5343.0,1.1266780855694283,0.563783524,0.184306998,0.12259132027188176,1.0040867652975465,0.0,0.0,0.0,0.0,0.0,0.0,0.0,0.0,0.0,0.32047220286288736,0.0,0.0,1.5749999999999998e-09
5344.0,1.24462910299654,0.686445329,0.198641668,0.14926338850685578,1.0953657144896842,0.0,0.0,0.0,0.0,0.0,0.0,0.0,0.0,0.0,0.33221221610928003,0.0,0.0,1.5749999999999998e-09
5345.0,1.36515452761747,0.765907696,0.204726771,0.1665420000089166,1.1986125276085533,0.0,0.0,0.0,0.0,0.0,0.0,0.0,0.0,0.0,0.27269720828426075,0.0,0.0,1.5749999999999998e-09
5346.0,1.290329837559887,0.79420004,0.209220801,0.17269399923716341,1.1176358383227236,0.0,0.0,0.0,0.0,0.0,0.0,0.0,0.0,0.0,0.38597113969478736,0.0,0.0,1.5749999999999998e-09
5347.0,1.4593618115171876,0.766588181,0.212376539,0.16668996735990155,1.292671844157286,0.0,0.0,0.0,0.0,0.0,0.0,0.0,0.0,0.0,0.2336144738441831,0.0,0.0,1.5749999999999998e-09
5348.0,1.4948917467573035,0.686605627,0.215371434,0.14929824433825278,1.3455935024190508,0.0,0.0,0.0,0.0,0.0,0.0,0.0,0.0,0.0,0.20221622529553637,0.0,0.0,1.5749999999999998e-09
5349.0,1.4411562800635977,0.565533568,0.220494703,0.1229718567639235,1.318184423299674,0.0,0.0,0.0,0.0,0.0,0.0,0.0,0.0,0.0,0.26644469800217285,0.0,0.0,1.5749999999999998e-09
5350.0,1.438510671229972,0.424098824,0.224465676,0.09221772639086986,1.3462929448391021,0.0,0.0,0.0,0.0,0.0,0.0,0.0,0.0,0.0,0.26687436522686864,0.0,0.0,1.5749999999999998e-09
5351.0,1.4215111279873371,0.268488661,0.227065395,0.05838123682028652,1.3631298911670506,0.0,0.0,0.0,0.0,0.0,0.0,0.0,0.0,0.0,0.2687208175409353,0.0,0.0,1.5749999999999998e-09
5352.0,1.4651981731449835,0.130680885,0.238882415,0.028415768720562947,1.4367824044244204,0.0,0.0,0.0,0.0,0.0,0.0,0.0,0.0,0.0,0.27999367330254954,0.0,0.0,1.5749999999999998e-09
5353.0,1.2736596055260894,0.043363956,0.261494468,0.009429230177808084,1.2642303753482813,0.0,0.0,0.0,0.0,0.0,0.0,0.0,0.0,0.0,0.6150517271888213,0.0,0.0,1.5749999999999998e-09
5354.0,1.393942497405337,0.006647006,0.283912723,0.001445351285922147,1.3924971461194149,0.0,0.0,0.0,0.0,0.0,0.0,0.0,0.0,0.0,0.6478982132825056,0.0,0.0,1.5749999999999998e-09
5355.0,1.1661041205038827,4.74e-05,0.287950035,1.0306843555235212e-05,1.1660938136603274,0.0,0.0,0.0,0.0,0.0,0.0,0.0,0.0,0.0,0.9033164929486533,0.0,0.0,1.5749999999999998e-09
5356.0,1.1602188075612327,0.0,0.278975895,0.0,1.1602188075612327,0.0,0.0,0.0,0.0,0.0,0.0,0.0,0.0,0.0,0.8446970536522058,0.0,0.0,1.5749999999999998e-09
5357.0,1.1538684546276623,0.0,0.265475066,0.0,1.1538684546276623,0.0,0.0,0.0,0.0,0.0,0.0,0.0,0.0,0.0,0.7540210086540466,0.0,0.0,1.5749999999999998e-09
5358.0,0.9389087881928304,0.0,0.252305613,0.0,0.9389087881928304,0.0,0.0,0.0,0.0,0.0,0.0,0.0,0.0,0.0,0.8743357768147645,0.0,0.0,1.5749999999999998e-09
5359.0,1.0378287733115985,0.0,0.239293016,0.0,1.0378287733115985,0.0,0.0,0.0,0.0,0.0,0.0,0.0,0.0,0.0,0.6818981703227294,0.0,0.0,1.5749999999999998e-09
5360.0,0.9226568696676105,0.0,0.226864552,0.0,0.9226568696676105,0.0,0.0,0.0,0.0,0.0,0.0,0.0,0.0,0.0,0.7077504407986966,0.0,0.0,1.5749999999999998e-09
5361.0,0.9045981931585063,4.68e-05,0.207025139,1.0176377181118307e-05,1.1042040865321416,0.0,0.0,0.19961606975081647,0.0,0.0,0.0,0.0,0.0,0.0,0.38362332899068285,0.0,0.0,1.5749999999999998e-09
5362.0,0.9119876538661029,0.002960915,0.185307524,0.0006438330735305752,1.3317494476352159,0.0,0.0,0.42040562684264343,0.0,0.17965446277573482,0.0,0.0,0.0,0.0,0.0,0.0,0.0,1.575021454469746e-09
5363.0,0.9476310675633488,0.03145388,0.163062645,0.006839456125846869,1.1718821919432008,0.0,0.0,0.23109058050569886,0.0,0.5580170797349183,0.0,0.0,0.0,0.0,0.0,0.0,0.0,1.5750429092317427e-09
5364.0,0.9884054949882981,0.118520447,0.135623474,0.025771554964673975,0.9746851217216039,0.0,0.0,0.012051181697979736,0.0,0.7659910010487924,0.0,0.0,0.0,0.0,0.0,0.0,0.0,1.5750643642859937e-09
5365.0,1.0364002778514045,0.261273799,0.115823517,0.05681240867879682,0.8323887851845564,0.0,0.0,0.0,0.14719908398805126,0.7768266304773551,0.0,0.0,0.0,0.0,0.0,0.0,0.0,1.7500953551472252e-09
5366.0,1.09438117894088,0.426705861,0.135083103,0.09278461083183422,0.9708016378498532,0.0,0.0,0.0,0.030794930259192506,0.6296169647899914,0.0,0.0,0.0,0.0,0.0,0.0,0.0,1.7501191947458603e-09
5367.0,1.158690183638897,0.581201472,0.15206035,0.12637874780540964,1.0928120064877538,0.0,0.0,0.06050057065426648,0.0,0.5988134580773896,0.0,0.0,0.0,0.0,0.0,0.0,0.0,1.575128731202312e-09
5368.0,1.2258450530948994,0.704579371,0.154139218,0.15320652635322846,1.107752205627787,0.0,0.0,0.03511367888611621,0.0,0.6532558148089477,0.0,0.0,0.0,0.0,0.0,0.0,0.0,1.57515018742562e-09
5369.0,1.2838949319915967,0.78363317,0.154389853,0.17039629721272231,1.1095534439995653,0.0,0.0,0.0,0.003945190779308838,0.6848492273517197,0.0,0.0,0.0,0.0,0.0,0.0,0.0,1.7501907154902246e-09
5370.0,1.3361774270677196,0.812862858,0.155727158,0.1767521162292695,1.119164252868124,0.0,0.0,0.0,0.04026105797032593,0.6808947077616907,0.0,0.0,0.0,0.0,0.0,0.0,0.0,1.7502145563878474e-09
5371.0,1.3807255753999108,0.783542391,0.158565011,0.1703765578677624,1.1395590489543312,0.0,0.0,0.0,0.07078996857781714,0.6406243748479241,0.0,0.0,0.0,0.0,0.0,0.0,0.0,1.7502383976102281e-09
5372.0,1.414217345076937,0.702181341,0.16290541,0.15268508922135585,1.1707521912833305,0.0,0.0,0.0,0.09078006457225049,0.56982567987706,0.0,0.0,0.0,0.0,0.0,0.0,0.0,1.7502622391573711e-09
5373.0,1.4381057077163815,0.578709045,0.167196719,0.1258367846163412,1.2015925385451178,0.0,0.0,0.0,0.11067638455492212,0.479037853310346,0.0,0.0,0.0,0.0,0.0,0.0,0.0,1.750286081029281e-09
5374.0,1.4479138213432692,0.428772198,0.168841141,0.09323392332532353,1.2134105049336774,0.0,0.0,0.0,0.1412693930842683,0.3683549434454975,0.0,0.0,0.0,0.0,0.0,0.0,0.0,1.7503099232259622e-09
5375.0,1.4336689157263691,0.267828402,0.169092705,0.05823766749077311,1.215218419749079,0.0,0.0,0.0,0.16021282848651708,0.227080532740696,0.0,0.0,0.0,0.0,0.0,0.0,0.0,1.7503337657474187e-09
5376.0,1.3999880152874598,0.128473602,0.181611677,0.027935808371129817,1.3051885066947158,0.0,0.0,0.0,0.06686370022161402,0.06686461103128609,0.0,0.0,0.0,0.0,0.0,0.0,0.0,1.750357608593656e-09
5377.0,1.3616277901168556,0.042454463,0.214610922,0.009231466421150246,1.3523963236957055,0.0,0.0,0.0,0.0,0.0,0.0,0.0,0.0,0.0,0.18994783298292114,0.0,0.0,1.5749999999999998e-09
5378.0,1.3231385106616993,0.006238368,0.233148721,0.0013564954222781765,1.4784463686008038,0.0,0.0,0.1566643533613825,0.0,0.0,0.0,0.0,0.0,0.0,0.19712337463642723,0.0,0.0,1.5749999999999998e-09
5379.0,1.2510773595597426,3.8e-05,0.229099927,8.262870360737088e-06,1.646472278349142,0.0,0.0,0.39540318165976,0.0,0.14099791802524425,0.0,0.0,0.0,0.0,0.0,0.0,0.0,1.575021454469746e-09
5380.0,1.1609731067761793,0.0,0.219908452,0.0,1.5804159116675445,0.0,0.0,0.41944280489136526,0.0,0.49685886088768827,0.0,0.0,0.0,0.0,0.0,0.0,0.0,1.5750429092317427e-09
5381.0,1.0783918186497858,0.0,0.211481179,0.0,1.5198516349422173,0.0,0.0,0.4414598162924314,0.0,0.8743506172275717,0.0,0.0,0.0,0.0,0.0,0.0,0.0,1.5750643642859937e-09
5382.0,1.0106717807407202,0.0,0.203684469,0.0,1.4638190248692884,0.0,0.0,0.4531472441285681,0.0,1.2716525417489573,0.0,0.0,0.0,0.0,0.0,0.0,0.0,1.5750858196325029e-09
5383.0,0.9568851378996502,0.0,0.196896908,0.0,1.4150388651789545,0.0,0.0,0.4581537272793043,0.0,1.6794677393952406,0.0,0.0,0.0,0.0,0.0,0.0,0.0,1.5751072752712744e-09
5384.0,0.9174680032951623,0.0,0.195858032,0.0,1.4075727757871308,0.0,0.0,0.4901047724919685,0.0,2.0917832167409087,0.0,0.0,0.0,0.0,0.0,0.0,0.0,1.575128731202312e-09
5385.0,0.8987240053783336,7.84e-05,0.18730232,1.704760621794178e-05,1.3460854465941405,0.0,0.0,0.4473784888220249,0.0,2.5328490183402375,0.0,0.0,0.0,0.0,0.0,0.0,0.0,1.57515018742562e-09
5386.0,0.9073839814391615,0.003699124,0.176895787,0.0008043521594813479,1.2712968234697624,0.0,0.0,0.36471719419008225,0.0,2.9354551565705864,0.0,0.0,0.0,0.0,0.0,0.0,0.0,1.5751716439412022e-09
5387.0,0.9429917938165413,0.031411547,0.162190755,0.006830251070821053,1.1656161807158387,0.0,0.0,0.22945463797011842,0.0,3.263660645452154,0.0,0.0,0.0,0.0,0.0,0.0,0.0,1.5751931007490627e-09
5388.0,0.9820996427046355,0.112090705,0.131501233,0.024373446422595382,0.9450598153321599,0.0,0.0,0.0,0.012666380949880249,3.4701253630190467,0.0,0.0,0.0,0.0,0.0,0.0,0.0,1.7502383976102281e-09
5389.0,1.027809277597949,0.253648351,0.106596458,0.0551543010928352,0.7660766869961011,0.0,0.0,0.0,0.20657828950901283,3.4574117130625095,0.0,0.0,0.0,0.0,0.0,0.0,0.0,1.7502622391573711e-09
5390.0,1.0842548812674817,0.423076387,0.105896493,0.09199540364394826,0.7610462490408997,0.0,0.0,0.0,0.2312132285826338,3.2507863277283646,0.0,0.0,0.0,0.0,0.0,0.0,0.0,1.750286081029281e-09
5391.0,1.1512717961089654,0.582346381,0.111122555,0.126627701348616,0.7986043850063199,0.0,0.0,0.0,0.22603970975402943,3.019528817909611,0.0,0.0,0.0,0.0,0.0,0.0,0.0,1.7503099232259622e-09
5392.0,1.2204069794832375,0.706471574,0.111029557,0.15361797446073364,0.7979360363475188,0.0,0.0,0.0,0.2688529686749851,2.793447977039883,0.0,0.0,0.0,0.0,0.0,0.0,0.0,1.7503337657474187e-09
5393.0,1.2817477386363227,0.784289417,0.114043232,0.17053899415708082,0.8195944122729456,0.0,0.0,0.0,0.2916143322062964,2.524556956854589,0.0,0.0,0.0,0.0,0.0,0.0,0.0,1.750357608593656e-09
5394.0,1.3362753306973516,0.812128845,0.121003525,0.17659250953816172,0.8696159449017515,0.0,0.0,0.0,0.2900668762574384,2.2329082358907932,0.0,0.0,0.0,0.0,0.0,0.0,0.0,1.7503814517646773e-09
5395.0,1.3840565066411858,0.781242278,0.128073465,0.16987641219581381,0.9204254775455213,0.0,0.0,0.0,0.29375461689985083,1.9428109436272383,0.0,0.0,0.0,0.0,0.0,0.0,0.0,1.7504052952604874e-09
5396.0,1.4179109630144804,0.699669559,0.132107603,0.15213891740450236,0.9494176141690952,0.0,0.0,0.0,0.3163544314408828,1.6490298623395567,0.0,0.0,0.0,0.0,0.0,0.0,0.0,1.7504291390810913e-09
5397.0,1.4450968814077687,0.579327358,0.134275059,0.1259712330416401,0.9649944686241451,0.0,0.0,0.0,0.35413117974198366,1.3326529683085981,0.0,0.0,0.0,0.0,0.0,0.0,0.0,1.7504529832264928e-09
5398.0,1.4525553189226625,0.430532839,0.134949883,0.09361676407097612,0.969844225772975,0.0,0.0,0.0,0.38909432907871155,0.9785036355676761,0.0,0.0,0.0,0.0,0.0,0.0,0.0,1.7504768276966966e-09
5399.0,1.4356114034922622,0.271362566,0.139318219,0.059006150095130584,1.0012381429195072,0.0,0.0,0.0,0.3753671104776244,0.5893959776059919,0.0,0.0,0.0,0.0,0.0,0.0,0.0,1.750500672491707e-09
5400.0,1.4016657189867918,0.13168348,0.161272091,0.0286337769444925,1.1590140188167763,0.0,0.0,0.0,0.21401792322552296,0.21402083855317947,0.0,0.0,0.0,0.0,0.0,0.0,0.0,1.7505245176115285e-09
5401.0,1.366017855624525,0.041846524,0.202414752,0.009099273759459821,1.3569185818650655,0.0,0.0,0.0,0.0,0.0,0.0,0.0,0.0,0.0,0.09777536876599048,0.0,0.0,1.5749999999999998e-09
5402.0,1.4675322724296302,0.005699121,0.233320108,0.0012392394208724819,1.4662930330087576,0.0,0.0,0.0,0.0,0.0,0.0,0.0,0.0,0.0,0.2105084170564265,0.0,0.0,1.5749999999999998e-09
5403.0,1.2606429394450231,3.26e-05,0.244855381,7.088672993684975e-06,1.2606358507720294,0.0,0.0,0.0,0.0,0.0,0.0,0.0,0.0,0.0,0.4990661373526421,0.0,0.0,1.5749999999999998e-09
5404.0,1.168914384941927,0.0,0.245475059,0.0,1.168914384941927,0.0,0.0,0.0,0.0,0.0,0.0,0.0,0.0,0.0,0.5952410426135779,0.0,0.0,1.5749999999999998e-09
5405.0,1.0888541030294776,0.0,0.238323845,0.0,1.0888541030294776,0.0,0.0,0.0,0.0,0.0,0.0,0.0,0.0,0.0,0.6239077000857094,0.0,0.0,1.5749999999999998e-09
5406.0,1.0190825495623343,0.0,0.22669478,0.0,1.5068234112337375,0.0,0.0,0.4877408616714031,0.0,0.0,0.0,0.0,0.0,0.0,0.12236379892393945,0.0,0.0,1.5749999999999998e-09
5407.0,0.9649977471672727,0.0,0.213529271,0.0,1.5345706562254875,0.0,0.0,0.5695729090582149,0.0,0.43896677550426283,0.0,0.0,0.0,0.0,0.0,0.0,0.0,1.575021454469746e-09
5408.0,0.9263059859553211,0.0,0.198234675,0.0,1.424652994302576,0.0,0.0,0.49834700834725515,0.0,0.9515764141829303,0.0,0.0,0.0,0.0,0.0,0.0,0.0,1.5750429092317427e-09
5409.0,0.9070791473876383,7.64e-05,0.179278029,1.6612718304218778e-05,1.2884172803144258,0.0,0.0,0.3813547456450917,0.0,1.4000757596070188,0.0,0.0,0.0,0.0,0.0,0.0,0.0,1.5750643642859937e-09
5410.0,0.9138945393122052,0.003606939,0.162887713,0.0007843070883180703,1.170625008266332,0.0,0.0,0.25751477604244494,0.0,1.7432759592756266,0.0,0.0,0.0,0.0,0.0,0.0,0.0,1.5750858196325029e-09
5411.0,0.9498049619085224,0.028878082,0.145265499,0.006279364416650926,1.0439794557597348,0.0,0.0,0.10045385826786328,0.0,1.9750155113316927,0.0,0.0,0.0,0.0,0.0,0.0,0.0,1.5751072752712744e-09
5412.0,0.9903057049369441,0.106722383,0.120163433,0.02320613724520873,0.8635784563378077,0.0,0.0,0.0,0.10352111135392761,2.065397080703979,0.0,0.0,0.0,0.0,0.0,0.0,0.0,1.7501430346692358e-09
5413.0,1.0324574516747231,0.245178442,0.09629416,0.05331257056561835,0.6920371694702321,0.0,0.0,0.0,0.28710771163887266,1.9618478351306372,0.0,0.0,0.0,0.0,0.0,0.0,0.0,1.7501668749173558e-09
5414.0,1.0922206355906188,0.411157004,0.087067872,0.08940360584108054,0.6257306122269145,0.0,0.0,0.0,0.3770864175226237,1.6747133997891086,0.0,0.0,0.0,0.0,0.0,0.0,0.0,1.7501907154902246e-09
5415.0,1.1619921890577616,0.566631472,0.100860535,0.12321058935393754,0.724854333353687,0.0,0.0,0.0,0.31392726635013696,1.2976041698229672,0.0,0.0,0.0,0.0,0.0,0.0,0.0,1.7502145563878474e-09
5416.0,1.2326270695320354,0.692504745,0.112477616,0.1505809718981657,0.8083428009071338,0.0,0.0,0.0,0.273703296726736,0.9836592278981103,0.0,0.0,0.0,0.0,0.0,0.0,0.0,1.7502383976102281e-09
5417.0,1.2999020939425485,0.774448986,0.126795115,0.1683992519032182,0.9112383605324826,0.0,0.0,0.0,0.22026448150684766,0.7099425320604698,0.0,0.0,0.0,0.0,0.0,0.0,0.0,1.7502622391573711e-09
5418.0,1.361071521993759,0.802788311,0.140890106,0.17456146686600232,1.0125348220764472,0.0,0.0,0.0,0.17397523305130957,0.489668379929433,0.0,0.0,0.0,0.0,0.0,0.0,0.0,1.750286081029281e-09
5419.0,1.4135364733342335,0.772065027,0.153949062,0.16788087442526264,1.1063856116412176,0.0,0.0,0.0,0.13926998726775316,0.3156864767623526,0.0,0.0,0.0,0.0,0.0,0.0,0.0,1.7503099232259622e-09
5420.0,1.452192633226319,0.68792777,0.166013639,0.1495857363437095,1.193090098371624,0.0,0.0,0.0,0.1095167985109856,0.17641218930811892,0.0,0.0,0.0,0.0,0.0,0.0,0.0,1.7503337657474187e-09
5421.0,1.473493237677033,0.560276128,0.179041429,0.12182865820736155,1.2867169072669153,0.0,0.0,0.0,0.06494767220275635,0.06689298776321424,0.0,0.0,0.0,0.0,0.0,0.0,0.0,1.750357608593656e-09
5422.0,1.4746881017254359,0.412755412,0.192437794,0.08975117000127962,1.3829925538460026,0.0,0.0,0.0,0.0019443778781535644,0.0019444043642464928,0.0,0.0,0.0,0.0,0.0,0.0,0.0,1.7503814517646775e-09
5423.0,1.4490463820819814,0.256996871,0.207881363,0.055882416531265085,1.3931639655507162,0.0,0.0,0.0,0.0,0.0,0.0,0.0,0.0,0.0,0.10081687436869141,0.0,0.0,1.5749999999999998e-09
5424.0,1.4023799672168509,0.122079659,0.236422636,0.026545484105262914,1.3758344831115878,0.0,0.0,0.0,0.0,0.0,0.0,0.0,0.0,0.0,0.32326390266934596,0.0,0.0,1.5749999999999998e-09
5425.0,1.3599901374024108,0.037943246,0.282214575,0.00825052954640937,1.3517396078560016,0.0,0.0,0.0,0.0,0.0,0.0,0.0,0.0,0.0,0.6764516725523276,0.0,0.0,1.5749999999999998e-09
5426.0,1.3168682606978275,0.004741419,0.320293129,0.0010309929084983075,1.315837267789329,0.0,0.0,0.0,0.0,0.0,0.0,0.0,0.0,0.0,0.9860131288902192,0.0,0.0,1.5749999999999998e-09
5427.0,1.2430092519419529,1.59e-05,0.314915636,3.457358914097887e-06,1.2430057945830388,0.0,0.0,0.0,0.0,0.0,0.0,0.0,0.0,0.0,1.0201981770737873,0.0,0.0,1.5749999999999998e-09
5428.0,1.1598449957024877,0.0,0.286436913,0.0,1.1598449957024874,0.0,0.0,0.0,0.0,0.0,0.0,0.0,0.0,0.0,0.8986909581322114,0.0,0.0,1.5749999999999998e-09
5429.0,1.084613117298804,0.0,0.259677652,0.0,1.084613117298804,0.0,0.0,0.0,0.0,0.0,0.0,0.0,0.0,0.0,0.78161207501562,0.0,0.0,1.5749999999999998e-09
5430.0,1.0180612414483168,0.0,0.236791355,0.0,1.0180612414483168,0.0,0.0,0.0,0.0,0.0,0.0,0.0,0.0,0.0,0.6836870169011082,0.0,0.0,1.5749999999999998e-09
5431.0,0.9694167384973519,0.0,0.220599052,0.0,0.9694167384973519,0.0,0.0,0.0,0.0,0.0,0.0,0.0,0.0,0.0,0.6159623076867211,0.0,0.0,1.5749999999999998e-09
5432.0,0.919281436776503,0.0,0.206531873,0.0,0.919281436776503,0.0,0.0,0.0,0.0,0.0,0.0,0.0,0.0,0.0,0.5650010243437295,0.0,0.0,1.5749999999999998e-09
5433.0,0.8934817380260108,5.02e-05,0.192742635,1.0915686634447416e-05,0.8934708223393765,0.0,0.0,0.0,0.0,0.0,0.0,0.0,0.0,0.0,0.49171253209908666,0.0,0.0,1.5749999999999998e-09
5434.0,0.8798687528369608,0.00272216,0.184853861,0.0005919172416101072,0.8792768355953507,0.0,0.0,0.0,0.0,0.0,0.0,0.0,0.0,0.0,0.4492122724885011,0.0,0.0,1.5749999999999998e-09
5435.0,0.882432034868302,0.025951654,0.178553165,0.005643030332860635,0.8767890045354414,0.0,0.0,0.0,0.0,0.0,0.0,0.0,0.0,0.0,0.40641889619863547,0.0,0.0,1.5749999999999998e-09
5436.0,0.896532310373227,0.101982645,0.152179097,0.022175509860001903,0.8743568005132251,0.0,0.0,0.0,0.0,0.0,0.0,0.0,0.0,0.0,0.21930860495285803,0.0,0.0,1.5749999999999998e-09
5437.0,0.9412918397922553,0.239576342,0.135736752,0.05209442777488453,0.8891974120173707,0.0,0.0,0.0,0.0,0.0,0.0,0.0,0.0,0.0,0.08630180462424951,0.0,0.0,1.5749999999999998e-09
5438.0,1.0097417007588783,0.407604424,0.186502458,0.08863111878881351,0.9211105819700648,0.0,0.0,0.0,0.0,0.0,0.0,0.0,0.0,0.0,0.41922649697180286,0.0,0.0,1.5749999999999998e-09
5439.0,1.0877793939355853,0.566455336,0.237010393,0.1231722896451518,0.9646071042904336,0.0,0.0,0.0,0.0,0.0,0.0,0.0,0.0,0.0,0.7387153142939052,0.0,0.0,1.5749999999999998e-09
5440.0,1.167755123213315,0.694701192,0.264016651,0.15105857602488224,1.0166965471884328,0.0,0.0,0.0,0.0,0.0,0.0,0.0,0.0,0.0,0.8807117260760113,0.0,0.0,1.5749999999999998e-09
5441.0,1.2422438275645296,0.778158466,0.277382973,0.16920585591231682,1.0730379716522127,0.0,0.0,0.0,0.0,0.0,0.0,0.0,0.0,0.0,0.9204300381851208,0.0,0.0,1.5749999999999998e-09
5442.0,1.302541028278643,0.809760961,0.28646921,0.17607762747181266,1.1264634008068302,0.0,0.0,0.0,0.0,0.0,0.0,0.0,0.0,0.0,0.9323046618542229,0.0,0.0,1.5749999999999998e-09
5443.0,1.3493565229207694,0.783999775,0.295458104,0.17047601325452752,1.1788805096662418,0.0,0.0,0.0,0.0,0.0,0.0,0.0,0.0,0.0,0.9444880309513974,0.0,0.0,1.5749999999999998e-09
5444.0,1.3836626692899971,0.704873331,0.301245454,0.15327044617878743,1.2303922231112097,0.0,0.0,0.0,0.0,0.0,0.0,0.0,0.0,0.0,0.9345682615322515,0.0,0.0,1.5749999999999998e-09
5445.0,1.40556181868113,0.583323891,0.305486924,0.1268402549908877,1.2787215636902425,0.0,0.0,0.0,0.0,0.0,0.0,0.0,0.0,0.0,0.9167210903100406,0.0,0.0,1.5749999999999998e-09
5446.0,1.413204937292886,0.43475448,0.30365808,0.09453473439446487,1.3186702028984212,0.0,0.0,0.0,0.0,0.0,0.0,0.0,0.0,0.0,0.8636290992603523,0.0,0.0,1.5749999999999998e-09
5447.0,1.3997566077082544,0.273162926,0.296558064,0.05939762749730575,1.3403589802109488,0.0,0.0,0.0,0.0,0.0,0.0,0.0,0.0,0.0,0.7909146421367815,0.0,0.0,1.5749999999999998e-09
5448.0,1.3650276991653525,0.130207414,0.296026002,0.028312815312863775,1.3367148838524887,0.0,0.0,0.0,0.0,0.0,0.0,0.0,0.0,0.0,0.7907349689077332,0.0,0.0,1.5749999999999998e-09
5449.0,1.3294643874378809,0.040680058,0.320004452,0.008845632776875412,1.3206187546610053,0.0,0.0,0.0,0.0,0.0,0.0,0.0,0.0,0.0,0.9791570072330982,0.0,0.0,1.5749999999999998e-09
5450.0,1.2903209372299205,0.005128663,0.341257695,0.001115196776129183,1.2892057404537913,0.0,0.0,0.0,0.0,0.0,0.0,0.0,0.0,0.0,1.1633106874140646,0.0,0.0,1.5749999999999998e-09
5451.0,1.2265481761624817,1.86e-05,0.340786801,4.044457597623943e-06,1.226544131704884,0.0,0.0,0.0,0.0,0.0,0.0,0.0,0.0,0.0,1.2225881225964694,0.0,0.0,1.5749999999999998e-09
5452.0,1.147836286740527,0.0,0.325899408,0.0,1.147836286740527,0.0,0.0,0.0,0.0,0.0,0.0,0.0,0.0,0.0,1.1943047511411504,0.0,0.0,1.5749999999999998e-09
5453.0,1.070510616961369,0.0,0.303551159,0.0,1.070510616961369,0.0,0.0,0.0,0.0,0.0,0.0,0.0,0.0,0.0,1.1110202761246537,0.0,0.0,1.5749999999999998e-09
5454.0,1.0049355475750663,0.0,0.277569679,0.0,1.0049355475750663,0.0,0.0,0.0,0.0,0.0,0.0,0.0,0.0,0.0,0.9898742621363524,0.0,0.0,1.5749999999999998e-09
5455.0,0.9530001633677888,0.0,0.252308509,0.0,0.9530001633677888,0.0,0.0,0.0,0.0,0.0,0.0,0.0,0.0,0.0,0.8602652143208953,0.0,0.0,1.5749999999999998e-09
5456.0,0.9107905659851144,0.0,0.232973386,0.0,0.9107905659851144,0.0,0.0,0.0,0.0,0.0,0.0,0.0,0.0,0.0,0.763519097335442,0.0,0.0,1.5749999999999998e-09
5457.0,0.8816554853284018,4.62e-05,0.209227929,1.0045910807001407e-05,0.8816454394175948,0.0,0.0,0.0,0.0,0.0,0.0,0.0,0.0,0.0,0.6220127653923199,0.0,0.0,1.5749999999999998e-09
5458.0,0.8669455397205807,0.002961292,0.190993533,0.0006439150499023119,0.8663016246706784,0.0,0.0,0.0,0.0,0.0,0.0,0.0,0.0,0.0,0.5063114596995404,0.0,0.0,1.5749999999999998e-09
5459.0,0.8624308705933047,0.026271699,0.174370135,0.005712622184034373,1.0128674053655626,0.0,0.0,0.1561491569562925,0.0,0.0,0.0,0.0,0.0,0.0,0.2402783167170874,0.0,0.0,1.5749999999999998e-09
5460.0,0.8690816079133777,0.097692655,0.152393916,0.02124267745950563,1.0952092450167725,0.0,0.0,0.2473703145629004,0.0,0.14053424126066327,0.0,0.0,0.0,0.0,0.0,0.0,0.0,1.575021454469746e-09
5461.0,0.9109440954271313,0.22650648,0.156710944,0.04925246526597074,1.12623442699711,0.0,0.0,0.2645427968359496,0.0,0.36316561005199943,0.0,0.0,0.0,0.0,0.0,0.0,0.0,1.5750429092317427e-09
5462.0,0.9836171414644946,0.384505679,0.173483871,0.08360843627747866,1.2467764092399674,0.0,0.0,0.3467677040529513,0.0,0.6012491802713636,0.0,0.0,0.0,0.0,0.0,0.0,0.0,1.5750643642859937e-09
5463.0,1.0635817455797474,0.533950151,0.173555536,0.11610423360023665,1.247291444043221,0.0,0.0,0.2998139320637102,0.0,0.913331923883061,0.0,0.0,0.0,0.0,0.0,0.0,0.0,1.5750858196325029e-09
5464.0,1.1478563122329706,0.653645392,0.163694785,0.1421312404207678,1.1764251920203488,0.0,0.0,0.17070012020814623,0.0,1.1831520216069327,0.0,0.0,0.0,0.0,0.0,0.0,0.0,1.5751072752712744e-09
5465.0,1.227002089991001,0.72862746,0.156956585,0.15843563798034602,1.1279997749927295,0.0,0.0,0.05943332298207446,0.0,1.3367660132523715,0.0,0.0,0.0,0.0,0.0,0.0,0.0,1.575128731202312e-09
5466.0,1.291509125780867,0.751396049,0.157205747,0.16338653006465928,1.1297904273564816,0.0,0.0,0.0016678316402736816,0.0,1.3902377949106357,0.0,0.0,0.0,0.0,0.0,0.0,0.0,1.57515018742562e-09
5467.0,1.343222002738906,0.722697587,0.163388526,0.15714622293153982,1.1742242006883223,0.0,0.0,0.0,0.011851579119043946,1.3917199059847112,0.0,0.0,0.0,0.0,0.0,0.0,0.0,1.7501907154902246e-09
5468.0,1.381956039768255,0.643849208,0.168828237,0.14000111940966442,1.213317767766285,0.0,0.0,0.0,0.028637152592305908,1.379849369274624,0.0,0.0,0.0,0.0,0.0,0.0,0.0,1.7502145563878474e-09
5469.0,1.409902931874021,0.52824087,0.171247741,0.11486278494876245,1.2307060153991831,0.0,0.0,0.0,0.06433413152607544,1.3511934207881648,0.0,0.0,0.0,0.0,0.0,0.0,0.0,1.7502383976102281e-09
5470.0,1.4245928509894739,0.391794203,0.1718849,0.0851932817757187,1.2352850855199722,0.0,0.0,0.0,0.10411448369378296,1.2868408837106695,0.0,0.0,0.0,0.0,0.0,0.0,0.0,1.7502622391573711e-09
5471.0,1.4182959000357025,0.245113499,0.172946005,0.0532984491027279,1.2429109280498902,0.0,0.0,0.0,0.12208652288308447,1.1827088710564209,0.0,0.0,0.0,0.0,0.0,0.0,0.0,1.750286081029281e-09
5472.0,1.3882240648996163,0.119739766,0.186497516,0.02603668851271038,1.3403015622740706,0.0,0.0,0.0,0.021885814112835206,1.0606062376679077,0.0,0.0,0.0,0.0,0.0,0.0,0.0,1.7503099232259622e-09
5473.0,1.3629539322823967,0.039931498,0.210272937,0.008682862928527166,1.5111683630416675,0.0,0.0,0.15689729368779784,0.0,1.038705976295085,0.0,0.0,0.0,0.0,0.0,0.0,0.0,1.575300389172677e-09
5474.0,1.3292908325034205,0.0051286,0.23140042,0.0011151830771599007,1.6630052297151028,0.0,0.0,0.3348295802888423,0.0,1.1798993916729057,0.0,0.0,0.0,0.0,0.0,0.0,0.0,1.5753218477342903e-09
5475.0,1.2623918457840877,1.62e-05,0.241707515,3.5225921011563377e-06,1.7370792218373747,0.0,0.0,0.47469089864538816,0.0,1.4812299416973203,0.0,0.0,0.0,0.0,0.0,0.0,0.0,1.5753433065882093e-09
5476.0,1.1792298143771331,0.0,0.237374351,0.0,1.7059380752776008,0.0,0.0,0.5267082609004677,0.0,1.9084315736082729,0.0,0.0,0.0,0.0,0.0,0.0,0.0,1.5753647657344388e-09
5477.0,1.1007493325343838,0.0,0.221930126,0.0,1.5949450747294742,0.0,0.0,0.4941957421950903,0.0,2.382443012336328,0.0,0.0,0.0,0.0,0.0,0.0,0.0,1.5753862251729822e-09
5478.0,1.0338147444951848,0.0,0.202038768,0.0,1.451991866692361,0.0,0.0,0.4181771221971763,0.0,2.8271867273879283,0.0,0.0,0.0,0.0,0.0,0.0,0.0,1.5754076849038435e-09
5479.0,0.987887053017578,0.0,0.183016779,0.0,1.3152865522137478,0.0,0.0,0.3273994991961698,0.0,3.2035076262759423,0.0,0.0,0.0,0.0,0.0,0.0,0.0,1.575429144927027e-09
5480.0,0.9453614944210539,0.0,0.167188051,0.0,1.2015302442358373,0.0,0.0,0.25616874981478355,0.0,3.4981235383326625,0.0,0.0,0.0,0.0,0.0,0.0,0.0,1.5754506052425363e-09
5481.0,0.9287735901894656,3.84e-05,0.148169365,8.349847943481688e-06,1.0648486674249162,0.0,0.0,0.13608342708339405,0.0,3.728627762776566,0.0,0.0,0.0,0.0,0.0,0.0,0.0,1.575472065850376e-09
5482.0,0.9425556796480304,0.00263586,0.128784686,0.0005731518281329595,0.9255368089877166,0.0,0.0,0.0,0.016445718832180788,3.851052056902825,0.0,0.0,0.0,0.0,0.0,0.0,0.0,0.005861889148946068
5483.0,0.9854394752758018,0.022626782,0.109704952,0.004920057009122618,0.7884164985597015,0.0,0.0,0.0,0.19210291970697765,3.8345538801948407,0.0,0.0,0.0,0.0,0.0,0.0,0.0,0.00586196899892918
5484.0,1.0306551443557845,0.082949445,0.085829748,0.01803685554026556,0.6168325873787498,0.0,0.19646017398732935,0.0,0.19932552744943993,3.6423987273452734,0.0,0.0,0.0,0.0,0.0,0.0,0.0,0.005862048849999999
5485.0,1.0801251491614277,0.198478447,0.068568173,0.04315793886740597,0.492778838910534,0.0,0.21310107291852828,0.0,0.33108729846495927,3.443023584233089,0.0,0.0,0.0,0.0,0.0,0.0,0.0,0.005862128702158541
5486.0,1.1470419365406936,0.347077682,0.066958541,0.07546994451239822,0.4812108977896113,0.0,0.21310107291852828,0.0,0.37726002132015585,3.1118893859337726,0.0,0.0,0.0,0.0,0.0,0.0,0.0,0.005862208555404819
5487.0,1.2247881446609403,0.489251541,0.070367016,0.10638479097562753,0.5057065825872153,0.0,0.21310107291852828,0.0,0.39959569817956925,2.734586975389968,0.0,0.0,0.0,0.0,0.0,0.0,0.0,0.005862288409738851
5488.0,1.3013884410475625,0.603693483,0.070435422,0.1312694996750221,0.506198195937545,0.0,0.21310107291852828,0.0,0.4508196725164672,2.3349540274869964,0.0,0.0,0.0,0.0,0.0,0.0,0.0,0.005862368265160648
5489.0,1.370410145964705,0.676407384,0.075043632,0.14708069802729765,0.5393160153850008,0.0,0.21310107291852828,0.0,0.4709123596338781,1.884102548927253,0.0,0.0,0.0,0.0,0.0,0.0,0.0,0.005862448121670227
5490.0,1.427541070042037,0.699860167,0.084982797,0.1521803639622318,0.6107458052445063,0.0,0.21310107291852828,0.0,0.45151382791677064,1.4131645246136841,0.0,0.0,0.0,0.0,0.0,0.0,0.0,0.005862527979267602
5491.0,1.467866033303488,0.674607128,0.099344422,0.14668924323929397,0.7139584851618858,0.0,0.21310107291852828,0.0,0.39411723198378,0.9616314469937086,0.0,0.0,0.0,0.0,0.0,0.0,0.0,0.0058626078379527885
5492.0,1.4876024135119246,0.6040369,0.11644118,0.1313441736263556,0.8368277434163588,0.0,0.21310107291852828,0.0,0.30632942355068177,0.5675011159548472,0.0,0.0,0.0,0.0,0.0,0.0,0.0,0.005862687697725801
5493.0,1.498667692497056,0.49846969,0.136100746,0.10838922176912644,0.9781151320560562,0.0,0.21310107291852828,0.0,0.19906226575334496,0.2611639620742143,0.0,0.0,0.0,0.0,0.0,0.0,0.0,0.005862767558586653
5494.0,1.4988100967765958,0.373222594,0.158968212,0.081154997629474,1.1424567332870836,0.0,0.21310107291852828,0.0,0.06209729294150952,0.06209813882372713,0.0,0.0,0.0,0.0,0.0,0.0,0.0,0.00586284742053536
5495.0,1.480115049174696,0.238981527,0.184351416,0.05196508884768395,1.3248781869686515,0.0,0.10327177335836084,0.0,0.0,0.0,0.0,0.0,0.0,0.0,0.0,0.0,0.0,0.005862048849999999
5496.0,1.4478314935410599,0.120881303,0.212164059,0.02628490883489419,1.4215465847061655,0.0,0.0,0.0,0.0,0.0,0.0,0.0,0.0,0.0,0.10321270343420874,0.0,0.0,1.5749999999999998e-09
5497.0,1.4223989311518568,0.040211992,0.233442526,0.008743854653763077,1.4136550764980935,0.0,0.0,0.0,0.0,0.0,0.0,0.0,0.0,0.0,0.2640261549184436,0.0,0.0,1.5749999999999998e-09
5498.0,1.3783781251203522,0.004902954,0.263200954,0.0010661177180699302,1.3773120074022824,0.0,0.0,0.0,0.0,0.0,0.0,0.0,0.0,0.0,0.5142340968269329,0.0,0.0,1.5749999999999998e-09
5499.0,1.298342318365367,1.22e-05,0.280121377,2.652816273710328e-06,1.2983396655490933,0.0,0.0,0.0,0.0,0.0,0.0,0.0,0.0,0.0,0.7148084303186494,0.0,0.0,1.5749999999999998e-09
5500.0,1.2080311341599879,0.0,0.28142582,0.0,1.2080311341599879,0.0,0.0,0.0,0.0,0.0,0.0,0.0,0.0,0.0,0.8144916012648709,0.0,0.0,1.5749999999999998e-09
5501.0,1.1248045756107572,0.0,0.272937143,0.0,1.124804575610757,0.0,0.0,0.0,0.0,0.0,0.0,0.0,0.0,0.0,0.8367125910067402,0.0,0.0,1.5749999999999998e-09
5502.0,1.0559542017954895,0.0,0.26000354,0.0,1.0559542017954895,0.0,0.0,0.0,0.0,0.0,0.0,0.0,0.0,0.0,0.8126130495709509,0.0,0.0,1.5749999999999998e-09
5503.0,1.002151983126997,0.0,0.246067459,0.0,1.002151983126997,0.0,0.0,0.0,0.0,0.0,0.0,0.0,0.0,0.0,0.7662608450766278,0.0,0.0,1.5749999999999998e-09
5504.0,0.9626747730451031,0.0,0.235360432,0.0,0.9626747730451031,0.0,0.0,0.0,0.0,0.0,0.0,0.0,0.0,0.0,0.7287898720234143,0.0,0.0,1.5749999999999998e-09
5505.0,0.946511856819624,2.66e-05,0.220506667,5.784009252515962e-06,0.9465060728103715,0.0,0.0,0.0,0.0,0.0,0.0,0.0,0.0,0.0,0.6382090301615534,0.0,0.0,1.5749999999999998e-09
5506.0,0.9578508182014335,0.002105568,0.211001264,0.0004578430373609597,0.9573929751640725,0.0,0.0,0.0,0.0,0.0,0.0,0.0,0.0,0.0,0.5590096549975195,0.0,0.0,1.5749999999999998e-09
5507.0,0.9997978583499069,0.018626712,0.204967908,0.0040502659605996276,0.9957475923893072,0.0,0.0,0.0,0.0,0.0,0.0,0.0,0.0,0.0,0.47729512260560975,0.0,0.0,1.5749999999999998e-09
5508.0,1.0456298720303168,0.074167436,0.19215378,0.016127260754112235,1.0295026112762047,0.0,0.0,0.0,0.0,0.0,0.0,0.0,0.0,0.0,0.3514488193630542,0.0,0.0,1.5749999999999998e-09
5509.0,1.08771931645833,0.188010778,0.206658329,0.04088180750092949,1.0468375089574007,0.0,0.0,0.0,0.0,0.0,0.0,0.0,0.0,0.0,0.43835375340584104,0.0,0.0,1.5749999999999998e-09
5510.0,1.1391963361721427,0.33629081,0.241548008,0.07312440438255968,1.0660719317895828,0.0,0.0,0.0,0.0,0.0,0.0,0.0,0.0,0.0,0.6698609612071779,0.0,0.0,1.5749999999999998e-09
5511.0,1.2043263910599677,0.482378283,0.267331501,0.10489024255957756,1.0994361485003903,0.0,0.0,0.0,0.0,0.0,0.0,0.0,0.0,0.0,0.8217949548424139,0.0,0.0,1.5749999999999998e-09
5512.0,1.2687310735551813,0.598916689,0.268658402,0.1302308146865498,1.1385002588686315,0.0,0.0,0.0,0.0,0.0,0.0,0.0,0.0,0.0,0.7922668829235159,0.0,0.0,1.5749999999999998e-09
5513.0,1.3263737641057776,0.672153353,0.273715356,0.14615568469404613,1.1802180794117314,0.0,0.0,0.0,0.0,0.0,0.0,0.0,0.0,0.0,0.786891870005522,0.0,0.0,1.5749999999999998e-09
5514.0,1.3742973453290765,0.700089662,0.287213708,0.15223026626311173,1.222067079065965,0.0,0.0,0.0,0.0,0.0,0.0,0.0,0.0,0.0,0.8420514668289236,0.0,0.0,1.5749999999999998e-09
5515.0,1.4115695104108763,0.680166791,0.303949839,0.14789815836083048,1.2636713520500455,0.0,0.0,0.0,0.0,0.0,0.0,0.0,0.0,0.0,0.9207247343013254,0.0,0.0,1.5749999999999998e-09
5516.0,1.4353221442682367,0.614925297,0.322816249,0.1337117897539145,1.301610354514322,0.0,0.0,0.0,0.0,0.0,0.0,0.0,0.0,0.0,1.0183729468297844,0.0,0.0,1.5749999999999998e-09
5517.0,1.4514071823565275,0.512369527,0.340799346,0.11141165732613635,1.3399955250303912,0.0,0.0,0.0,0.0,0.0,0.0,0.0,0.0,0.0,1.1092268864133168,0.0,0.0,1.5749999999999998e-09
5518.0,1.4542730746068064,0.384043207,0.357756166,0.083507874535861,1.3707652000709454,0.0,0.0,0.0,0.0,0.0,0.0,0.0,0.0,0.0,1.2003207773046554,0.0,0.0,1.5749999999999998e-09
5519.0,1.4326965599271297,0.245961382,0.377563093,0.053482816137203494,1.3792137437899263,0.0,0.0,0.0,0.0,0.0,0.0,0.0,0.0,0.0,1.3342186614166407,0.0,0.0,1.5749999999999998e-09
5520.0,1.4032833452088687,0.12342456,0.396018499,0.026837924700289905,1.3764454205085788,0.0,0.0,0.0,0.0,0.0,0.0,0.0,0.0,0.0,1.4696204375435598,0.0,0.0,1.5749999999999998e-09
5521.0,1.3829840223798042,0.039839471,0.403897309,0.008662852213509074,1.3743211701662952,0.0,0.0,0.0,0.0,0.0,0.0,0.0,0.0,0.0,1.5283673259689188,0.0,0.0,1.5749999999999998e-09
5522.0,1.3461880224514022,0.004490331,0.418257563,0.0009763953402578666,1.3452116271111445,0.0,0.0,0.0,0.0,0.0,0.0,0.0,0.0,0.0,1.660679695976748,0.0,0.0,1.5749999999999998e-09
5523.0,1.271198676789401,8.96e-06,0.430355701,1.948297853479061e-06,1.2711967284915475,0.0,0.0,0.0,0.0,0.0,0.0,0.0,0.0,0.0,1.8216402741409847,0.0,0.0,1.5749999999999998e-09
5524.0,1.1834351987879403,0.0,0.438704346,0.0,1.1834351987879403,0.0,0.0,0.0,0.0,0.0,0.0,0.0,0.0,0.0,1.9694010047796415,0.0,0.0,1.5749999999999998e-09
5525.0,1.103875557186353,0.0,0.43314733,0.0,1.103875557186353,0.0,0.0,0.0,0.0,0.0,0.0,0.0,0.0,0.0,2.0090240435452857,0.0,0.0,1.5749999999999998e-09
5526.0,1.0430554648364985,0.0,0.423948573,0.0,1.0430554648364985,0.0,0.0,0.0,0.0,0.0,0.0,0.0,0.0,0.0,2.003735435669451,0.0,0.0,1.5749999999999998e-09
5527.0,0.9919255569914561,0.0,0.420695014,0.0,0.9919255569914561,0.0,0.0,0.0,0.0,0.0,0.0,0.0,0.0,0.0,2.0314829934211507,0.0,0.0,1.5749999999999998e-09
5528.0,0.9590746080722463,0.0,0.41900926,0.0,0.9590746080722463,0.0,0.0,0.0,0.0,0.0,0.0,0.0,0.0,0.0,2.0522189352975335,0.0,0.0,1.5749999999999998e-09
5529.0,0.9441688562050863,2.78e-05,0.398330877,6.044942000749765e-06,0.9441628112630855,0.0,0.0,0.0,0.0,0.0,0.0,0.0,0.0,0.0,1.9185214120758496,0.0,0.0,1.5749999999999998e-09
5530.0,0.9577818413941364,0.002199551,0.372207355,0.0004782790727586743,0.9573035623213777,0.0,0.0,0.0,0.0,0.0,0.0,0.0,0.0,0.0,1.7176387645051072,0.0,0.0,1.5749999999999998e-09
5531.0,1.0023700407112146,0.019989393,0.345999117,0.004346572709179617,0.998023468002035,0.0,0.0,0.0,0.0,0.0,0.0,0.0,0.0,0.0,1.48856813389656,0.0,0.0,1.5749999999999998e-09
5532.0,1.0481486524118255,0.077043315,0.32063647,0.016752603263327136,1.0313960491484984,0.0,0.0,0.0,0.0,0.0,0.0,0.0,0.0,0.0,1.2729218360454424,0.0,0.0,1.5749999999999998e-09
5533.0,1.0925833222868868,0.193461694,0.336567734,0.04206707624448916,1.0505162460423978,0.0,0.0,0.0,0.0,0.0,0.0,0.0,0.0,0.0,1.3682948425259016,0.0,0.0,1.5749999999999998e-09
5534.0,1.1408629137090731,0.3454905,0.369970985,0.07512482137805887,1.0657380923310142,0.0,0.0,0.0,0.0,0.0,0.0,0.0,0.0,0.0,1.5931321158468614,0.0,0.0,1.5749999999999998e-09
5535.0,1.2009020068540064,0.49225851,0.384894661,0.1070386382131474,1.093863368640859,0.0,0.0,0.0,0.0,0.0,0.0,0.0,0.0,0.0,1.6722588109663419,0.0,0.0,1.5749999999999998e-09
5536.0,1.2577859485246357,0.608585134,0.381026899,0.1323331596240476,1.125452788900588,0.0,0.0,0.0,0.0,0.0,0.0,0.0,0.0,0.0,1.612872948360944,0.0,0.0,1.5749999999999998e-09
5537.0,1.3087111497803723,0.683132519,0.370078882,0.14854303799212543,1.1601681117882467,0.0,0.0,0.0,0.0,0.0,0.0,0.0,0.0,0.0,1.4994775196808685,0.0,0.0,1.5749999999999998e-09
5538.0,1.3517484748501607,0.714214734,0.363775214,0.15530167780974535,1.1964467970404153,0.0,0.0,0.0,0.0,0.0,0.0,0.0,0.0,0.0,1.4178962682086917,0.0,0.0,1.5749999999999998e-09
5539.0,1.3792236524674744,0.694473332,0.359992059,0.1510090292448718,1.2282146232226026,0.0,0.0,0.0,0.0,0.0,0.0,0.0,0.0,0.0,1.3589400447460547,0.0,0.0,1.5749999999999998e-09
5540.0,1.391895431512281,0.630509431,0.357565904,0.13710046551513436,1.2547949659971467,0.0,0.0,0.0,0.0,0.0,0.0,0.0,0.0,0.0,1.3149236556017614,0.0,0.0,1.5749999999999998e-09
5541.0,1.3962365457050965,0.526980909,0.345934773,0.11458881404343128,1.281647731661665,0.0,0.0,0.0,0.0,0.0,0.0,0.0,0.0,0.0,1.204481449259039,0.0,0.0,1.5749999999999998e-09
5542.0,1.399554126951384,0.39982348,0.317876528,0.08693919953733574,1.3126149274140484,0.0,0.0,0.0,0.0,0.0,0.0,0.0,0.0,0.0,0.9718680846205855,0.0,0.0,1.5749999999999998e-09
5543.0,1.3710976922049398,0.258870671,0.282643627,0.056289863017632155,1.3148078291873078,0.0,0.0,0.0,0.0,0.0,0.0,0.0,0.0,0.0,0.7164669189166274,0.0,0.0,1.5749999999999998e-09
5544.0,1.3426590591183531,0.129142023,0.259810868,0.02808115247821914,1.3145779066401337,0.0,0.0,0.0,0.0,0.0,0.0,0.0,0.0,0.0,0.5526046690043711,0.0,0.0,1.5749999999999998e-09
5545.0,1.3256839920331076,0.038611073,0.248373405,0.008395744491788319,1.3172882475413192,0.0,0.0,0.0,0.0,0.0,0.0,0.0,0.0,0.0,0.4676967210993911,0.0,0.0,1.5749999999999998e-09
5546.0,1.291760558852516,0.004191018,0.249009144,0.0009113115371977798,1.2908492473153184,0.0,0.0,0.0,0.0,0.0,0.0,0.0,0.0,0.0,0.49870458633321657,0.0,0.0,1.5749999999999998e-09
5547.0,1.220827517824326,5.98e-06,0.248551035,1.3003148620317838e-06,1.220826217509464,0.0,0.0,0.0,0.0,0.0,0.0,0.0,0.0,0.0,0.5654353245227483,0.0,0.0,1.5749999999999998e-09
5548.0,1.138150551900736,0.0,0.246806082,0.0,1.138150551900736,0.0,0.0,0.0,0.0,0.0,0.0,0.0,0.0,0.0,0.6355705376785074,0.0,0.0,1.5749999999999998e-09
5549.0,1.0653506774112553,0.0,0.24971031,0.0,1.0653506774112553,0.0,0.0,0.0,0.0,0.0,0.0,0.0,0.0,0.0,0.7292422254183052,0.0,0.0,1.5749999999999998e-09
5550.0,1.0034002481552742,0.0,0.254678973,0.0,1.0034002481552742,0.0,0.0,0.0,0.0,0.0,0.0,0.0,0.0,0.0,0.8269009414340596,0.0,0.0,1.5749999999999998e-09
5551.0,0.9546022147623677,0.0,0.254602036,0.0,0.9546022147623677,0.0,0.0,0.0,0.0,0.0,0.0,0.0,0.0,0.0,0.8751460517451558,0.0,0.0,1.5749999999999998e-09
5552.0,0.9239474105132854,0.0,0.250656035,0.0,0.9239474105132854,0.0,0.0,0.0,0.0,0.0,0.0,0.0,0.0,0.0,0.8774421334843091,0.0,0.0,1.5749999999999998e-09
5553.0,0.9127931292284133,2.44e-05,0.240898763,5.305632547420656e-06,0.912787823595866,0.0,0.0,0.0,0.0,0.0,0.0,0.0,0.0,0.0,0.8184791408327168,0.0,0.0,1.5749999999999998e-09
5554.0,0.9287313133721433,0.002272267,0.231318051,0.0004940907275258153,0.9282372226446175,0.0,0.0,0.0,0.0,0.0,0.0,0.0,0.0,0.0,0.734176045838235,0.0,0.0,1.5749999999999998e-09
5555.0,0.9733528891765774,0.021072389,0.220164496,0.004582063644684796,0.9687708255318925,0.0,0.0,0.0,0.0,0.0,0.0,0.0,0.0,0.0,0.6134851973637868,0.0,0.0,1.5749999999999998e-09
5556.0,1.015822819960867,0.086726312,0.204665316,0.01885811244528519,0.9969647075155817,0.0,0.0,0.0,0.0,0.0,0.0,0.0,0.0,0.0,0.47390336977353514,0.0,0.0,1.5749999999999998e-09
5557.0,1.0539405123897887,0.211690836,0.188509719,0.04603089301115936,1.0079096193786294,0.0,0.0,0.0,0.0,0.0,0.0,0.0,0.0,0.0,0.3468530407285754,0.0,0.0,1.5749999999999998e-09
5558.0,1.1020309740500167,0.371032345,0.199047274,0.08067874122040204,1.0213522328296145,0.0,0.0,0.0,0.0,0.0,0.0,0.0,0.0,0.0,0.40914066611384886,0.0,0.0,1.5749999999999998e-09
5559.0,1.1521017476286648,0.525851128,0.227022261,0.11434314999240433,1.0377585976362604,0.0,0.0,0.0,0.0,0.0,0.0,0.0,0.0,0.0,0.5937821199853713,0.0,0.0,1.5749999999999998e-09
5560.0,1.1998673487450013,0.65229126,0.235872572,0.14183679260057502,1.0580305561444263,0.0,0.0,0.0,0.0,0.0,0.0,0.0,0.0,0.0,0.6371146850887234,0.0,0.0,1.5749999999999998e-09
5561.0,1.238915121155765,0.736750407,0.242092879,0.16020192371740227,1.0787131974383626,0.0,0.0,0.0,0.0,0.0,0.0,0.0,0.0,0.0,0.6611355195768684,0.0,0.0,1.5749999999999998e-09
5562.0,1.272836329503846,0.770819687,0.249119729,0.16761008276802472,1.1052262467358214,0.0,0.0,0.0,0.0,0.0,0.0,0.0,0.0,0.0,0.6851223280515935,0.0,0.0,1.5749999999999998e-09
5563.0,1.3012059857831355,0.749999423,0.256486145,0.1630828421809636,1.138123143602172,0.0,0.0,0.0,0.0,0.0,0.0,0.0,0.0,0.0,0.705165647682071,0.0,0.0,1.5749999999999998e-09
5564.0,1.3188619246110846,0.680371356,0.266357924,0.14794263978386585,1.1709192848272187,0.0,0.0,0.0,0.0,0.0,0.0,0.0,0.0,0.0,0.7433150133994565,0.0,0.0,1.5749999999999998e-09
5565.0,1.3320254446367117,0.571524629,0.260378071,0.12427457677356211,1.2077508678631497,0.0,0.0,0.0,0.0,0.0,0.0,0.0,0.0,0.0,0.6635080251679448,0.0,0.0,1.5749999999999998e-09
5566.0,1.334279441951584,0.42613967,0.246320916,0.09266149602045483,1.2416179459311292,0.0,0.0,0.0,0.0,0.0,0.0,0.0,0.0,0.0,0.528616401509617,0.0,0.0,1.5749999999999998e-09
5567.0,1.317364451343669,0.267440904,0.230116116,0.05815340839237718,1.259211042951292,0.0,0.0,0.0,0.0,0.0,0.0,0.0,0.0,0.0,0.39456428014331274,0.0,0.0,1.5749999999999998e-09
5568.0,1.2911486639171095,0.126622588,0.232357015,0.027533316562763782,1.2636153473543457,0.0,0.0,0.0,0.0,0.0,0.0,0.0,0.0,0.0,0.4062646429498662,0.0,0.0,1.5749999999999998e-09
5569.0,1.2725915709297286,0.037312567,0.268047424,0.008113392209139914,1.2644781787205885,0.0,0.0,0.0,0.0,0.0,0.0,0.0,0.0,0.0,0.6618980479243826,0.0,0.0,1.5749999999999998e-09
5570.0,1.244188539163008,0.004069732,0.308766154,0.0008849386294458757,1.2433036005335623,0.0,0.0,0.0,0.0,0.0,0.0,0.0,0.0,0.0,0.975705893317049,0.0,0.0,1.5749999999999998e-09
5571.0,1.1802555721561718,3.44e-06,0.321208371,7.48007211603568e-07,1.18025482414896,0.0,0.0,0.0,0.0,0.0,0.0,0.0,0.0,0.0,1.128173141544745,0.0,0.0,1.5749999999999998e-09
5572.0,1.1035239966524868,0.0,0.313862038,0.0,1.1035239966524868,0.0,0.0,0.0,0.0,0.0,0.0,0.0,0.0,0.0,1.1521080830258492,0.0,0.0,1.5749999999999998e-09
5573.0,1.0319768358563797,0.0,0.303387934,0.0,1.0319768358563797,0.0,0.0,0.0,0.0,0.0,0.0,0.0,0.0,0.0,1.1483810082411396,0.0,0.0,1.5749999999999998e-09
5574.0,0.9725385124843757,0.0,0.291307774,0.0,0.9725385124843757,0.0,0.0,0.0,0.0,0.0,0.0,0.0,0.0,0.0,1.1210028545479973,0.0,0.0,1.5749999999999998e-09
5575.0,0.9272382907696733,0.0,0.279305988,0.0,0.9272382907696733,0.0,0.0,0.0,0.0,0.0,0.0,0.0,0.0,0.0,1.080049849566216,0.0,0.0,1.5749999999999998e-09
5576.0,0.8958314131380799,0.0,0.267705115,0.0,0.8958314131380799,0.0,0.0,0.0,0.0,0.0,0.0,0.0,0.0,0.0,1.0280847416661463,0.0,0.0,1.5749999999999998e-09
5577.0,0.8825855643103189,1.64e-05,0.250516734,3.5660808925286377e-06,0.8825819982294263,0.0,0.0,0.0,0.0,0.0,0.0,0.0,0.0,0.0,0.9178064313730236,0.0,0.0,1.5749999999999998e-09
5578.0,0.8955599535740628,0.001778993,0.236261687,0.0003868312771489146,0.8951731222969139,0.0,0.0,0.0,0.0,0.0,0.0,0.0,0.0,0.0,0.8027685714230572,0.0,0.0,1.5749999999999998e-09
5579.0,0.9364011339737235,0.022144271,0.224871693,0.004815137908053417,0.93158599606567,0.0,0.0,0.0,0.0,0.0,0.0,0.0,0.0,0.0,0.6844992360782003,0.0,0.0,1.5749999999999998e-09
5580.0,0.9751663216579931,0.089509517,0.203470484,0.01946330355324191,0.9557030181047512,0.0,0.0,0.0,0.0,0.0,0.0,0.0,0.0,0.0,0.5065781609210396,0.0,0.0,1.5749999999999998e-09
5581.0,1.017667404097128,0.215359796,0.178104361,0.046828686191125936,0.9708387179060021,0.0,0.0,0.0,0.0,0.0,0.0,0.0,0.0,0.0,0.30914376344846817,0.0,0.0,1.5749999999999998e-09
5582.0,1.0684479762408146,0.377723442,0.189576957,0.08213367982782617,0.9863142964129884,0.0,0.0,0.0,0.0,0.0,0.0,0.0,0.0,0.0,0.37611828225076305,0.0,0.0,1.5749999999999998e-09
5583.0,1.1263866015128925,0.532929124,0.230462578,0.11588221744929422,1.0105043840635983,0.0,0.0,0.0,0.0,0.0,0.0,0.0,0.0,0.0,0.6457608572338237,0.0,0.0,1.5749999999999998e-09
5584.0,1.1801465433640628,0.657291893,0.251705536,0.1429241500269072,1.0372223933371556,0.0,0.0,0.0,0.0,0.0,0.0,0.0,0.0,0.0,0.7717095987320166,0.0,0.0,1.5749999999999998e-09
5585.0,1.2266282781322557,0.737583314,0.277554302,0.16038303431117992,1.0662452438210757,0.0,0.0,0.0,0.0,0.0,0.0,0.0,0.0,0.0,0.9284540560156531,0.0,0.0,1.5749999999999998e-09
5586.0,1.4028005055579393,0.766612693,0.307199068,0.1666952973461721,1.2361052082117674,0.0,0.0,0.0,0.0,0.0,0.0,0.0,0.0,0.0,0.9716421098251038,0.0,0.0,1.5749999999999998e-09
5587.0,1.3200189615071862,0.742989869,0.337817651,0.16155865702336927,1.1584603044838169,0.0,0.0,0.0,0.0,0.0,0.0,0.0,0.0,0.0,1.2693335616771495,0.0,0.0,1.5749999999999998e-09
5588.0,1.3349247123744215,0.668743068,0.365462103,0.14541413882962073,1.1895105735448008,0.0,0.0,0.0,0.0,0.0,0.0,0.0,0.0,0.0,1.4369556556508056,0.0,0.0,1.5749999999999998e-09
5589.0,1.3533950268946475,0.550771156,0.385258681,0.11976185948582378,1.2336331674088237,0.0,0.0,0.0,0.0,0.0,0.0,0.0,0.0,0.0,1.5351051144669936,0.0,0.0,1.5749999999999998e-09
5590.0,1.3540091466625643,0.407703602,0.396096949,0.0886526844455671,1.2653564622169973,0.0,0.0,0.0,0.0,0.0,0.0,0.0,0.0,0.0,1.581273192392948,0.0,0.0,1.5749999999999998e-09
5591.0,1.3337543244834078,0.253230189,0.40035322,0.055063374292946075,1.2786909501904618,0.0,0.0,0.0,0.0,0.0,0.0,0.0,0.0,0.0,1.5985272441122156,0.0,0.0,1.5749999999999998e-09
5592.0,1.2989809142906732,0.120081313,0.415635662,0.026110955843844555,1.2728699584468286,0.0,0.0,0.0,0.0,0.0,0.0,0.0,0.0,0.0,1.7141785506358207,0.0,0.0,1.5749999999999998e-09
5593.0,1.26633912162579,0.036587533,0.455966312,0.007955737947320792,1.2583833836784692,0.0,0.0,0.0,0.0,0.0,0.0,0.0,0.0,0.0,2.018509378356743,0.0,0.0,1.5749999999999998e-09
5594.0,1.229863531576334,0.003988375,0.479171165,0.0008672480414474942,1.2289962835348864,0.0,0.0,0.0,0.0,0.0,0.0,0.0,0.0,0.0,2.2146627786382873,0.0,0.0,1.5749999999999998e-09
5595.0,1.1692748468056846,2.58e-06,0.482465286,5.610054087026759e-07,1.1692742858002758,0.0,0.0,0.0,0.0,0.0,0.0,0.0,0.0,0.0,2.298058633362069,0.0,0.0,1.5749999999999998e-09
5596.0,1.0955715923243372,0.0,0.477591703,0.0,1.0955715923243372,0.0,0.0,0.0,0.0,0.0,0.0,0.0,0.0,0.0,2.3367363514449178,0.0,0.0,1.5749999999999998e-09
5597.0,1.0260047454464998,0.0,0.474335611,0.0,1.0260047454464998,0.0,0.0,0.0,0.0,0.0,0.0,0.0,0.0,0.0,2.382902644320159,0.0,0.0,1.5749999999999998e-09
5598.0,0.9659144761542023,0.0,0.463701139,0.0,0.9659144761542023,0.0,0.0,0.0,0.0,0.0,0.0,0.0,0.0,0.0,2.3665661614429543,0.0,0.0,1.5749999999999998e-09
5599.0,0.9178662913112966,0.0,0.449621767,0.0,0.9178662913112966,0.0,0.0,0.0,0.0,0.0,0.0,0.0,0.0,0.0,2.3134301337978087,0.0,0.0,1.5749999999999998e-09
5600.0,0.8825210371680426,0.0,0.439609833,0.0,0.8825210371680426,0.0,0.0,0.0,0.0,0.0,0.0,0.0,0.0,0.0,2.276822629162308,0.0,0.0,1.5749999999999998e-09
5601.0,0.861209306554927,8.54e-06,0.423090109,1.8569713915972299e-06,0.8612074495835353,0.0,0.0,0.0,0.0,0.0,0.0,0.0,0.0,0.0,2.1794139283194647,0.0,0.0,1.5749999999999998e-09
5602.0,0.8550213843932645,0.001550595,0.409109076,0.00033716751228966125,0.8546842168809748,0.0,0.0,0.0,0.0,0.0,0.0,0.0,0.0,0.0,2.085459681353581,0.0,0.0,1.5749999999999998e-09
5603.0,0.8594559505508418,0.020411051,0.403157141,0.004438259693141924,0.8550176908576999,0.0,0.0,0.0,0.0,0.0,0.0,0.0,0.0,0.0,2.042351440451522,0.0,0.0,1.5749999999999998e-09
5604.0,0.8729910586026282,0.082723925,0.38599086,0.017987817579114156,0.855003241023514,0.0,0.0,0.0,0.0,0.0,0.0,0.0,0.0,0.0,1.9189969911378193,0.0,0.0,1.5749999999999998e-09
5605.0,0.9129666851627984,0.203503458,0.4204119,0.04425059714251855,0.8687160880202799,0.0,0.0,0.0,0.0,0.0,0.0,0.0,0.0,0.0,2.152657807214927,0.0,0.0,1.5749999999999998e-09
5606.0,0.9711144676891276,0.362742251,0.493814022,0.07887611037828825,0.8922383573108393,0.0,0.0,0.0,0.0,0.0,0.0,0.0,0.0,0.0,2.656654514589086,0.0,0.0,1.5749999999999998e-09
5607.0,1.0378398984740755,0.515330977,0.54146136,0.11205560673218384,0.9257842917418917,0.0,0.0,0.0,0.0,0.0,0.0,0.0,0.0,0.0,2.9655356694260786,0.0,0.0,1.5749999999999998e-09
5608.0,1.1021066263547699,0.638783276,0.564382842,0.13889956311039311,0.9632070632443767,0.0,0.0,0.0,0.0,0.0,0.0,0.0,0.0,0.0,3.0928426959024415,0.0,0.0,1.5749999999999998e-09
5609.0,1.1584587760596916,0.719973939,0.588735582,0.1565539821333219,1.0019047939263697,0.0,0.0,0.0,0.0,0.0,0.0,0.0,0.0,0.0,3.22916078402446,0.0,0.0,1.5749999999999998e-09
5610.0,1.201284719042718,0.747951053,0.603138054,0.16263743650304724,1.0386472825396709,0.0,0.0,0.0,0.0,0.0,0.0,0.0,0.0,0.0,3.295924530433659,0.0,0.0,1.5749999999999998e-09
5611.0,1.2352215032182217,0.725057373,0.608707188,0.1576593441367262,1.0775621590814954,0.0,0.0,0.0,0.0,0.0,0.0,0.0,0.0,0.0,3.297033345149544,0.0,0.0,1.5749999999999998e-09
5612.0,1.262674429510657,0.654622648,0.605054795,0.1423437388322744,1.1203306906783825,0.0,0.0,0.0,0.0,0.0,0.0,0.0,0.0,0.0,3.2280161634422773,0.0,0.0,1.5749999999999998e-09
5613.0,1.2835522717876968,0.544664864,0.590251723,0.11843408319159203,1.1651181885961048,0.0,0.0,0.0,0.0,0.0,0.0,0.0,0.0,0.0,3.0768434387741053,0.0,0.0,1.5749999999999998e-09
5614.0,1.2917160572026833,0.406045233,0.5708063,0.08829208212827067,1.2034239750744127,0.0,0.0,0.0,0.0,0.0,0.0,0.0,0.0,0.0,2.898789244998083,0.0,0.0,1.5749999999999998e-09
5615.0,1.2788974232133914,0.254957055,0.545626219,0.05543887086895567,1.223458552344436,0.0,0.0,0.0,0.0,0.0,0.0,0.0,0.0,0.0,2.697792997962508,0.0,0.0,1.5749999999999998e-09
5616.0,1.246794097011747,0.123033474,0.529868863,0.026752885412976768,1.2200412115987702,0.0,0.0,0.0,0.0,0.0,0.0,0.0,0.0,0.0,2.5879669598306307,0.0,0.0,1.5749999999999998e-09
5617.0,1.2214416375922426,0.037171299,0.524751568,0.008082674336242003,1.2133589632560007,0.0,0.0,0.0,0.0,0.0,0.0,0.0,0.0,0.0,2.557872747927585,0.0,0.0,1.5749999999999998e-09
5618.0,1.1905821267538548,0.003402433,0.53120718,0.0007398384944761519,1.1898422882593787,0.0,0.0,0.0,0.0,0.0,0.0,0.0,0.0,0.0,2.627783964978243,0.0,0.0,1.5749999999999998e-09
5619.0,1.1319225787541862,1.4e-06,0.530937476,3.044215396061032e-07,1.1319222743326467,0.0,0.0,0.0,0.0,0.0,0.0,0.0,0.0,0.0,2.6837656973647976,0.0,0.0,1.5749999999999998e-09
5620.0,1.0652638989441003,0.0,0.515174582,0.0,1.0652638989441003,0.0,0.0,0.0,0.0,0.0,0.0,0.0,0.0,0.0,2.6371408939352383,0.0,0.0,1.5749999999999998e-09
5621.0,0.9992282402318227,0.0,0.497592634,0.0,0.9992282402318227,0.0,0.0,0.0,0.0,0.0,0.0,0.0,0.0,0.0,2.5768203797737637,0.0,0.0,1.5749999999999998e-09
5622.0,0.9417079284683225,0.0,0.47826518,0.0,0.9417079284683225,0.0,0.0,0.0,0.0,0.0,0.0,0.0,0.0,0.0,2.4954400919658455,0.0,0.0,1.5749999999999998e-09
5623.0,0.8991512192168779,0.0,0.462953796,0.0,0.8991512192168779,0.0,0.0,0.0,0.0,0.0,0.0,0.0,0.0,0.0,2.427958488987017,0.0,0.0,1.5749999999999998e-09
5624.0,0.8684719388104064,0.0,0.451556327,0.0,0.8684719388104064,0.0,0.0,0.0,0.0,0.0,0.0,0.0,0.0,0.0,2.3767275872403375,0.0,0.0,1.5749999999999998e-09
5625.0,0.8460632477785198,1.15e-05,0.437914284,2.500605503907277e-06,0.8460607471730158,0.0,0.0,0.0,0.0,0.0,0.0,0.0,0.0,0.0,2.3010975183951485,0.0,0.0,1.5749999999999998e-09
5626.0,0.8360192769074062,0.001849407,0.426202317,0.0004021423759273604,0.8356171345314788,0.0,0.0,0.0,0.0,0.0,0.0,0.0,0.0,0.0,2.227370746336214,0.0,0.0,1.5749999999999998e-09
5627.0,0.8352916786823595,0.019651664,0.413803432,0.0042731355790727385,0.8310185431032867,0.0,0.0,0.0,0.0,0.0,0.0,0.0,0.0,0.0,2.1428622799741217,0.0,0.0,1.5749999999999998e-09
5628.0,0.8439939315605096,0.082219217,0.381439831,0.017878071874534496,0.8261158596859751,0.0,0.0,0.0,0.0,0.0,0.0,0.0,0.0,0.0,1.915177495678916,0.0,0.0,1.5749999999999998e-09
5629.0,0.8761996110568068,0.204954592,0.412929135,0.04456613746141481,0.831633473595392,0.0,0.0,0.0,0.0,0.0,0.0,0.0,0.0,0.0,2.135964039869509,0.0,0.0,1.5749999999999998e-09
5630.0,0.9301820601572158,0.362438668,0.475323187,0.07881009808953236,0.8513719620676835,0.0,0.0,0.0,0.0,0.0,0.0,0.0,0.0,0.0,2.5646328394181985,0.0,0.0,1.5749999999999998e-09
5631.0,0.9911134061316897,0.515467776,0.462636999,0.11208535284803854,0.8790280532836511,0.0,0.0,0.0,0.0,0.0,0.0,0.0,0.0,0.0,2.4458049301513,0.0,0.0,1.5749999999999998e-09
5632.0,1.0519690998014104,0.641228229,0.430922829,0.13943120336505352,0.912537896436357,0.0,0.0,0.0,0.0,0.0,0.0,0.0,0.0,0.0,2.1843748845803197,0.0,0.0,1.5749999999999998e-09
5633.0,1.1104884683540495,0.726235777,0.406037339,0.15791558096526762,0.952572887388782,0.0,0.0,0.0,0.0,0.0,0.0,0.0,0.0,0.0,1.965495360787276,0.0,0.0,1.5749999999999998e-09
5634.0,1.1616784536763471,0.760008705,0.396222977,0.16525930006438624,0.996419153611961,0.0,0.0,0.0,0.0,0.0,0.0,0.0,0.0,0.0,1.8511162263337055,0.0,0.0,1.5749999999999998e-09
5635.0,1.2042507387552146,0.736775769,0.397728296,0.1602074385310362,1.0440433002241785,0.0,0.0,0.0,0.0,0.0,0.0,0.0,0.0,0.0,1.8143103546813586,0.0,0.0,1.5749999999999998e-09
5636.0,1.2370972380094034,0.65997096,0.399640414,0.14350669695608426,1.093590541053319,0.0,0.0,0.0,0.0,0.0,0.0,0.0,0.0,0.0,1.7785049308888181,0.0,0.0,1.5749999999999998e-09
5637.0,1.2662834948134802,0.538591947,0.395145333,0.11711356408942054,1.1491699307240595,0.0,0.0,0.0,0.0,0.0,0.0,0.0,0.0,0.0,1.6906207458724467,0.0,0.0,1.5749999999999998e-09
5638.0,1.2837035763972031,0.394997905,0.373109223,0.08588990741520378,1.1978136689819994,0.0,0.0,0.0,0.0,0.0,0.0,0.0,0.0,0.0,1.4836101119425926,0.0,0.0,1.5749999999999998e-09
5639.0,1.2878733594881442,0.242270882,0.3319026,0.05268033921440612,1.2351930202737382,0.0,0.0,0.0,0.0,0.0,0.0,0.0,0.0,0.0,1.1500911531778046,0.0,0.0,1.5749999999999998e-09
5640.0,1.2685530669558505,0.111136618,0.296834599,0.024165985970125262,1.2443870809857251,0.0,0.0,0.0,0.0,0.0,0.0,0.0,0.0,0.0,0.8888739152449013,0.0,0.0,1.5749999999999998e-09
5641.0,1.2536339660936278,0.030745684,0.293528755,0.006685463185373382,1.2469485029082543,0.0,0.0,0.0,0.0,0.0,0.0,0.0,0.0,0.0,0.8625543866576465,0.0,0.0,1.5749999999999998e-09
5642.0,1.222402868229005,0.002417612,0.296086996,0.0005256951194358503,1.221877173109569,0.0,0.0,0.0,0.0,0.0,0.0,0.0,0.0,0.0,0.9060110251859859,0.0,0.0,1.5749999999999998e-09
5643.0,1.1617029298337365,5.12e-07,0.296485178,1.113313059130892e-07,1.1617028185024307,0.0,0.0,0.0,0.0,0.0,0.0,0.0,0.0,0.0,0.969046994082236,0.0,0.0,1.5749999999999998e-09
5644.0,1.0854586446459262,0.0,0.29203546,0.0,1.0854586446459262,0.0,0.0,0.0,0.0,0.0,0.0,0.0,0.0,0.0,1.0133123828321386,0.0,0.0,1.5749999999999998e-09
5645.0,1.0145278284502466,0.0,0.281268755,0.0,1.0145278284502466,0.0,0.0,0.0,0.0,0.0,0.0,0.0,0.0,0.0,1.0068661280536177,0.0,0.0,1.5749999999999998e-09
5646.0,0.9562109416544027,0.0,0.270799882,0.0,0.9562109416544027,0.0,0.0,0.0,0.0,0.0,0.0,0.0,0.0,0.0,0.9899463728925316,0.0,0.0,1.5749999999999998e-09
5647.0,0.9124571435220448,0.0,0.261268938,0.0,0.9124571435220448,0.0,0.0,0.0,0.0,0.0,0.0,0.0,0.0,0.0,0.9652041427284769,0.0,0.0,1.5749999999999998e-09
5648.0,0.8832286099006458,0.0,0.253102629,0.0,0.8832286099006458,0.0,0.0,0.0,0.0,0.0,0.0,0.0,0.0,0.0,0.9357438694130974,0.0,0.0,1.5749999999999998e-09
5649.0,0.8705167788710275,5.74e-06,0.239029152,1.2481283123850234e-06,0.870515530742715,0.0,0.0,0.0,0.0,0.0,0.0,0.0,0.0,0.0,0.8473151016751788,0.0,0.0,1.5749999999999998e-09
5650.0,0.8843745216342703,0.001588421,0.230552561,0.0003453925474019044,0.8840291290868685,0.0,0.0,0.0,0.0,0.0,0.0,0.0,0.0,0.0,0.7728827929710526,0.0,0.0,1.5749999999999998e-09
5651.0,0.9291919036980434,0.020012049,0.221552498,0.00435149911946627,0.9248404045785771,0.0,0.0,0.0,0.0,0.0,0.0,0.0,0.0,0.0,0.6673907712786009,0.0,0.0,1.5749999999999998e-09
5652.0,0.9744342737679256,0.087981351,0.202761475,0.019131013091460692,0.9553032606764649,0.0,0.0,0.0,0.0,0.0,0.0,0.0,0.0,0.0,0.5018824838859179,0.0,0.0,1.5749999999999998e-09
5653.0,1.017551700807488,0.216590064,0.21670634,0.04709620053304603,0.9704555002744419,0.0,0.0,0.0,0.0,0.0,0.0,0.0,0.0,0.0,0.5869477954171526,0.0,0.0,1.5749999999999998e-09
5654.0,1.0757306339887376,0.380656102,0.236527246,0.08277136902235561,0.992959264966382,0.0,0.0,0.0,0.0,0.0,0.0,0.0,0.0,0.0,0.7068909214252878,0.0,0.0,1.5749999999999998e-09
5655.0,1.1397058768129715,0.536783214,0.250989237,0.11672026602899455,1.022985610783977,0.0,0.0,0.0,0.0,0.0,0.0,0.0,0.0,0.0,0.7807985557841017,0.0,0.0,1.5749999999999998e-09
5656.0,1.2028600694473972,0.661783621,0.258071477,0.1439008491363728,1.0589592203110245,0.0,0.0,0.0,0.0,0.0,0.0,0.0,0.0,0.0,0.7957228753018567,0.0,0.0,1.5749999999999998e-09
5657.0,1.257105076781932,0.739985692,0.264418417,0.16090541688937693,1.0961996598925552,0.0,0.0,0.0,0.0,0.0,0.0,0.0,0.0,0.0,0.8040959847911877,0.0,0.0,1.5749999999999998e-09
5658.0,1.3064438024705125,0.767829481,0.273056514,0.1669598805435537,1.1394839219269588,0.0,0.0,0.0,0.0,0.0,0.0,0.0,0.0,0.0,0.8228911281692128,0.0,0.0,1.5749999999999998e-09
5659.0,1.3463905032082728,0.743683853,0.280207073,0.16170955965032782,1.1846809435579448,0.0,0.0,0.0,0.0,0.0,0.0,0.0,0.0,0.0,0.8290830236905222,0.0,0.0,1.5749999999999998e-09
5660.0,1.3774369199760335,0.668195277,0.281791722,0.1452950249870476,1.2321418949889857,0.0,0.0,0.0,0.0,0.0,0.0,0.0,0.0,0.0,0.7930104680725178,0.0,0.0,1.5749999999999998e-09
5661.0,1.3971577253569718,0.550567849,0.2747048,0.11971765160728612,1.2774400737496858,0.0,0.0,0.0,0.0,0.0,0.0,0.0,0.0,0.0,0.6967807121410288,0.0,0.0,1.5749999999999998e-09
5662.0,1.4068056330444618,0.401533244,0.256102507,0.0873109773867951,1.3194946556576668,0.0,0.0,0.0,0.0,0.0,0.0,0.0,0.0,0.0,0.5210370446916613,0.0,0.0,1.5749999999999998e-09
5663.0,1.392816611164156,0.243303929,0.229857452,0.05290496904171002,1.339911642122446,0.0,0.0,0.0,0.0,0.0,0.0,0.0,0.0,0.0,0.3120047405919336,0.0,0.0,1.5749999999999998e-09
5664.0,1.3645381830170424,0.109550364,0.231458758,0.02382106462377788,1.3407171183932647,0.0,0.0,0.0,0.0,0.0,0.0,0.0,0.0,0.0,0.3227073689839077,0.0,0.0,1.5749999999999998e-09
5665.0,1.3419492615532396,0.030262453,0.270028746,0.006580387524655242,1.3353688740285843,0.0,0.0,0.0,0.0,0.0,0.0,0.0,0.0,0.0,0.6052465179893349,0.0,0.0,1.5749999999999998e-09
5666.0,1.3002959312937372,0.002654211,0.289992339,0.0005771421421853249,1.299718789151552,0.0,0.0,0.0,0.0,0.0,0.0,0.0,0.0,0.0,0.7843689421253184,0.0,0.0,1.5749999999999998e-09
5667.0,1.223753486551935,4.16e-07,0.280790377,9.045668605438498e-08,1.223753396095249,0.0,0.0,0.0,0.0,0.0,0.0,0.0,0.0,0.0,0.7942026015847693,0.0,0.0,1.5749999999999998e-09
5668.0,1.135896555585788,0.0,0.262472193,0.0,1.135896555585788,0.0,0.0,0.0,0.0,0.0,0.0,0.0,0.0,0.0,0.7504121624960193,0.0,0.0,1.5749999999999998e-09
5669.0,1.0526766725340138,0.0,0.244529903,0.0,1.0526766725340138,0.0,0.0,0.0,0.0,0.0,0.0,0.0,0.0,0.0,0.7046862030853424,0.0,0.0,1.5749999999999998e-09
5670.0,0.9896938110014625,0.0,0.228097421,0.0,0.9896938110014625,0.0,0.0,0.0,0.0,0.0,0.0,0.0,0.0,0.0,0.6495737582083407,0.0,0.0,1.5749999999999998e-09
5671.0,0.93876415908078,0.0,0.21350782,0.0,1.4767320626260438,0.0,0.0,0.537967903545264,0.0,0.0,0.0,0.0,0.0,0.0,0.05768443171338208,0.0,0.0,1.5749999999999998e-09
5672.0,0.9039996482180872,0.0,0.201708837,0.0,1.4496207518151922,0.0,0.0,0.545621103597105,0.0,0.4841711131907377,0.0,0.0,0.0,0.0,0.0,0.0,0.0,1.575021454469746e-09
5673.0,0.8900351024951708,6.84e-06,0.188623409,1.4873166649326758e-06,1.355579715947321,0.0,0.0,0.4655461007688152,0.0,0.9752235111944796,0.0,0.0,0.0,0.0,0.0,0.0,0.0,1.5750429092317427e-09
5674.0,0.9035145827347228,0.00149847,0.175635147,0.0003258332460382554,1.2622369829008124,0.0,0.0,0.3590482334121278,0.0,1.394201717684311,0.0,0.0,0.0,0.0,0.0,0.0,0.0,1.5750643642859937e-09
5675.0,0.9447896514704592,0.020161613,0.159787437,0.004384020907430303,1.1483442569973406,0.0,0.0,0.20793862643431166,0.0,1.717326136357688,0.0,0.0,0.0,0.0,0.0,0.0,0.0,1.5750858196325029e-09
5676.0,0.9827404634624519,0.091027018,0.13481091,0.019793274975223193,0.9688454686151912,0.0,0.0,0.0058982801279624025,0.0,1.904447507247137,0.0,0.0,0.0,0.0,0.0,0.0,0.0,1.5751072752712744e-09
5677.0,1.0189935462626691,0.223120598,0.118034332,0.0485162256864246,0.8482772477332959,0.0,0.0,0.0,0.12220007284294873,1.9097300175496938,0.0,0.0,0.0,0.0,0.0,0.0,0.0,1.7501430346692358e-09
5678.0,1.0687261103023629,0.385026879,0.111135811,0.08372176806779488,0.798699651891856,0.0,0.0,0.0,0.18630469034271205,1.7875039309373653,0.0,0.0,0.0,0.0,0.0,0.0,0.0,1.7501668749173558e-09
5679.0,1.1254364960386072,0.539074045,0.111458756,0.11721839338613556,0.8010205604879178,0.0,0.0,0.0,0.20719754216455383,1.6011748917523574,0.0,0.0,0.0,0.0,0.0,0.0,0.0,1.7501907154902246e-09
5680.0,1.1758143305011384,0.659250819,0.117122389,0.14335010664754608,0.8417233876400338,0.0,0.0,0.0,0.19074083621355847,1.3939555388637808,0.0,0.0,0.0,0.0,0.0,0.0,0.0,1.7502145563878474e-09
5681.0,1.2211034270533638,0.733033379,0.123956716,0.1593936784413173,0.8908396405084734,0.0,0.0,0.0,0.17087010810357312,1.2031957146060588,0.0,0.0,0.0,0.0,0.0,0.0,0.0,1.7502383976102281e-09
5682.0,1.2654246174713706,0.755014337,0.131773576,0.16417330492444376,0.9470170625717125,0.0,0.0,0.0,0.15423424997521423,1.0323092169314199,0.0,0.0,0.0,0.0,0.0,0.0,0.0,1.7502622391573711e-09
5683.0,1.298446897492455,0.721308079,0.139523777,0.15684408281392911,1.0027154264482483,0.0,0.0,0.0,0.13888738823027758,0.8780609051497454,0.0,0.0,0.0,0.0,0.0,0.0,0.0,1.750286081029281e-09
5684.0,1.321385154657614,0.640285269,0.144537174,0.1392261624114914,1.0387452030132087,0.0,0.0,0.0,0.1434137892329138,0.7391615562372362,0.0,0.0,0.0,0.0,0.0,0.0,0.0,1.7503099232259622e-09
5685.0,1.3398866208326854,0.521051231,0.147233099,0.11329944139619667,1.0581200052452866,0.0,0.0,0.0,0.16846717419120202,0.5957376983673518,0.0,0.0,0.0,0.0,0.0,0.0,0.0,1.7503337657474187e-09
5686.0,1.3448730054483384,0.376572363,0.146980579,0.081883384655406,1.0563052199453822,0.0,0.0,0.0,0.20668440084755016,0.427262409215944,0.0,0.0,0.0,0.0,0.0,0.0,0.0,1.750357608593656e-09
5687.0,1.3298804761139482,0.222431387,0.147626176,0.04836636091947213,1.0609449314346195,0.0,0.0,0.0,0.22056918375985646,0.22057218832803419,0.0,0.0,0.0,0.0,0.0,0.0,0.0,1.7503814517646773e-09
5688.0,1.2985269994622293,0.094789125,0.180414811,0.020611322407439552,1.2779156770547897,0.0,0.0,0.0,0.0,0.0,0.0,0.0,0.0,0.0,0.018671313630282713,0.0,0.0,1.5749999999999998e-09
5689.0,1.2792133824273915,0.025358018,0.238392997,0.0055139477720851995,1.5112110058594428,0.0,0.0,0.23751157120413677,0.0,0.0,0.0,0.0,0.0,0.0,0.20204777188372974,0.0,0.0,1.5749999999999998e-09
5690.0,1.2372796932738304,0.002408564,0.265021663,0.0005237276865141674,1.8785979750711201,0.0,0.0,0.6418420094838041,0.0,0.21376041408372312,0.0,0.0,0.0,0.0,0.026033017201035645,0.0,0.0,1.5749999999999998e-09
5691.0,1.1644197413070945,1.04e-07,0.251977666,2.2614171513596245e-08,1.8062617281767268,0.0,0.0,0.6418420094838041,0.0,0.7914153108389143,0.0,0.0,0.0,0.0,0.004625980365052978,0.0,0.0,1.5749999999999998e-09
5692.0,1.081998659120099,0.0,0.230035347,0.0,1.6531948605811881,0.0,0.0,0.5711962014610892,0.0,1.3690623389523984,0.0,0.0,0.0,0.0,0.0,0.0,0.0,1.5750643642859937e-09
5693.0,1.0078926669575963,0.0,0.209105104,0.0,1.5027754984719583,0.0,0.0,0.49488283151436196,0.0,1.8831202713109163,0.0,0.0,0.0,0.0,0.0,0.0,0.0,1.5750858196325029e-09
5694.0,0.9486034233625883,0.0,0.192028861,0.0,1.3800536753530288,0.0,0.0,0.43145025199044057,0.0,2.328489168374442,0.0,0.0,0.0,0.0,0.0,0.0,0.0,1.5751072752712744e-09
5695.0,0.9021595147467719,0.0,0.178408218,0.0,1.2821662102348481,0.0,0.0,0.3800066954880762,0.0,2.716762677184934,0.0,0.0,0.0,0.0,0.0,0.0,0.0,1.575128731202312e-09
5696.0,0.8710463460042247,0.0,0.165871446,0.0,1.1920682000421878,0.0,0.0,0.321021854037963,0.0,3.058731696198043,0.0,0.0,0.0,0.0,0.0,0.0,0.0,1.57515018742562e-09
5697.0,0.8575112389523629,3.14e-06,0.15157526,6.827740245451173e-07,1.089325810538401,0.0,0.0,0.23181525436006262,0.0,3.347609699706664,0.0,0.0,0.0,0.0,0.0,0.0,0.0,1.5751716439412022e-09
5698.0,0.8715158356601665,0.001370117,0.142460152,0.00029792366184321095,1.0238182705200296,0.0,0.0,0.15260035852170642,0.0,3.556197828495674,0.0,0.0,0.0,0.0,0.0,0.0,0.0,1.5751931007490627e-09
5699.0,0.9166714282628186,0.019802005,0.134891548,0.004305826320991254,0.9694249896710033,0.0,0.0,0.0570593877291759,0.0,3.693489709705249,0.0,0.0,0.0,0.0,0.0,0.0,0.0,1.5752145578492055e-09
5700.0,0.9550294286009121,0.089674039,0.120180553,0.01949907786791268,0.8637014926293266,0.0,0.0,0.0,0.07182885810367273,3.7447928470527283,0.0,0.0,0.0,0.0,0.0,0.0,0.0,1.7502622391573711e-09
5701.0,0.9853126458237598,0.214512957,0.092463101,0.0466445461681413,0.6645045005479063,0.0,0.0,0.0,0.27416359910771204,3.672912978504331,0.0,0.0,0.0,0.0,0.0,0.0,0.0,1.750286081029281e-09
5702.0,1.0297250643739424,0.367381548,0.078530058,0.07988489747502395,0.5643719105774758,0.0,0.0,0.0,0.3854682563214426,3.3986993480779,0.0,0.0,0.0,0.0,0.0,0.0,0.0,1.7503099232259622e-09
5703.0,1.081500242641822,0.513160248,0.089244082,0.11158359482914984,0.6413703790473824,0.0,0.0,0.0,0.32854626876529003,3.013184795693548,0.0,0.0,0.0,0.0,0.0,0.0,0.0,1.7503337657474187e-09
5704.0,1.130220398897465,0.626337059,0.096707459,0.13619320843795624,0.6950074250922228,0.0,0.0,0.0,0.29901976536728603,2.6845974822289262,0.0,0.0,0.0,0.0,0.0,0.0,0.0,1.750357608593656e-09
5705.0,1.176248218837214,0.699534447,0.099563113,0.15210953811660288,0.7155301516121524,0.0,0.0,0.0,0.3086085291084589,2.3855411480801165,0.0,0.0,0.0,0.0,0.0,0.0,0.0,1.7503814517646773e-09
5706.0,1.2192543932520816,0.724124793,0.101904943,0.15745656025143628,0.7323601795658774,0.0,0.0,0.0,0.32943765343476783,2.076900123845801,0.0,0.0,0.0,0.0,0.0,0.0,0.0,1.7504052952604874e-09
5707.0,1.257403236335924,0.69471795,0.104745294,0.15106221995071134,0.7527729280268636,0.0,0.0,0.0,0.35356808835834913,1.7474341795006159,0.0,0.0,0.0,0.0,0.0,0.0,0.0,1.7504291390810913e-09
5708.0,1.2869121288513818,0.616071074,0.10813881,0.13396093203847542,0.7771611069900731,0.0,0.0,0.0,0.37579008982283335,1.393842288118104,0.0,0.0,0.0,0.0,0.0,0.0,0.0,1.7504529832264928e-09
5709.0,1.312420343545338,0.495758494,0.113286869,0.10779968858305936,0.8141586588522604,0.0,0.0,0.0,0.3904619961100184,1.0180332117937745,0.0,0.0,0.0,0.0,0.0,0.0,0.0,1.7504768276966966e-09
5710.0,1.3245469806294496,0.353097866,0.123231657,0.07677899714239252,0.8856288595217665,0.0,0.0,0.0,0.36213912396529063,0.6275573483407548,0.0,0.0,0.0,0.0,0.0,0.0,0.0,1.750500672491707e-09
5711.0,1.316216314777534,0.203048185,0.140072461,0.04415160077994634,1.0066586533510389,0.0,0.0,0.0,0.2654060606465491,0.26540967597753234,0.0,0.0,0.0,0.0,0.0,0.0,0.0,1.7505245176115285e-09
5712.0,1.2905100689917282,0.084952152,0.182980954,0.018472332074779788,1.2720377369169484,0.0,0.0,0.0,0.0,0.0,0.0,0.0,0.0,0.0,0.042991351795417236,0.0,0.0,1.5749999999999998e-09
5713.0,1.2690425831041605,0.023914473,0.240299564,0.0052000576353775614,1.263842525468783,0.0,0.0,0.0,0.0,0.0,0.0,0.0,0.0,0.0,0.46311817594333643,0.0,0.0,1.5749999999999998e-09
5714.0,1.2319573239517334,0.001992783,0.264768696,0.0004333186206863352,1.2315240053310472,0.0,0.0,0.0,0.0,0.0,0.0,0.0,0.0,0.0,0.6712889891866304,0.0,0.0,1.5749999999999998e-09
5715.0,1.1577111523422012,3.04e-08,0.263499687,6.610296288589671e-09,1.1577111457319047,0.0,0.0,0.0,0.0,0.0,0.0,0.0,0.0,0.0,0.7359818627306238,0.0,0.0,1.5749999999999998e-09
5716.0,1.0755637535518086,0.0,0.251078414,0.0,1.0755637535518086,0.0,0.0,0.0,0.0,0.0,0.0,0.0,0.0,0.0,0.7288613012971572,0.0,0.0,1.5749999999999998e-09
5717.0,1.001987328522503,0.0,0.236178121,0.0,1.001987328522503,0.0,0.0,0.0,0.0,0.0,0.0,0.0,0.0,0.0,0.695353801486191,0.0,0.0,1.5749999999999998e-09
5718.0,0.9422997969113608,0.0,0.218713174,0.0,0.9422997969113608,0.0,0.0,0.0,0.0,0.0,0.0,0.0,0.0,0.0,0.6295260112249824,0.0,0.0,1.5749999999999998e-09
5719.0,0.8961540478495362,0.0,0.2027039,0.0,0.8961540478495362,0.0,0.0,0.0,0.0,0.0,0.0,0.0,0.0,0.0,0.5606179225023207,0.0,0.0,1.5749999999999998e-09
5720.0,0.8619747309323502,0.0,0.192066938,0.0,0.8619747309323502,0.0,0.0,0.0,0.0,0.0,0.0,0.0,0.0,0.0,0.5183525923688193,0.0,0.0,1.5749999999999998e-09
5721.0,0.8482682937785386,2.56e-06,0.179588319,5.566565295654459e-07,0.848267737122009,0.0,0.0,0.0,0.0,0.0,0.0,0.0,0.0,0.0,0.44237950410920457,0.0,0.0,1.5749999999999998e-09
5722.0,0.8621215858768357,0.001467573,0.169393121,0.00031911488010310553,0.8618024709967326,0.0,0.0,0.0,0.0,0.0,0.0,0.0,0.0,0.0,0.3555749482005326,0.0,0.0,1.5749999999999998e-09
5723.0,0.9060889899285411,0.018834451,0.159735579,0.004095437550754079,1.128448146262141,0.0,0.0,0.2264545938843537,0.0,0.0,0.0,0.0,0.0,0.0,0.019523422884405763,0.0,0.0,1.5749999999999998e-09
5724.0,0.9465719332969545,0.082291421,0.137862243,0.017893772197995726,0.990774481261764,0.0,0.0,0.062096320162805176,0.0,0.20380913449591834,0.0,0.0,0.0,0.0,0.0,0.0,0.0,1.575021454469746e-09
5725.0,0.9788710647580132,0.197521622,0.110490901,0.04294988305338197,0.7940648776650175,0.0,0.0,0.0,0.14185630403961363,0.25969304641555563,0.0,0.0,0.0,0.0,0.0,0.0,0.0,1.7500476769241584e-09
5726.0,1.018659785388811,0.347871475,0.114821228,0.07564255000324718,0.8251856355589596,0.0,0.0,0.0,0.11783159982660425,0.11783320491517163,0.0,0.0,0.0,0.0,0.0,0.0,0.0,1.7500715158733263e-09
5727.0,1.0665922669420764,0.495138568,0.135341218,0.10766488942065804,0.9589273775214183,0.0,0.0,0.0,0.0,0.0,0.0,0.0,0.0,0.0,0.013729255210760133,0.0,0.0,1.5749999999999998e-09
5728.0,1.1136836708132407,0.611267218,0.14253804,0.13291636258164252,0.9807673082315982,0.0,0.0,0.0,0.0,0.0,0.0,0.0,0.0,0.0,0.04361071992124841,0.0,0.0,1.5749999999999998e-09
5729.0,1.1579915112362602,0.68581392,0.146103343,0.1491260924354978,1.0088654188007624,0.0,0.0,0.0,0.0,0.0,0.0,0.0,0.0,0.0,0.04113536982295508,0.0,0.0,1.5749999999999998e-09
5730.0,1.2024017049539324,0.709041061,0.155705174,0.15417669388111782,1.0482250110728146,0.0,0.0,0.0,0.0,0.0,0.0,0.0,0.0,0.0,0.0707812493985365,0.0,0.0,1.5749999999999998e-09
5731.0,1.2432139585312583,0.681235113,0.169342953,0.14813045852371265,1.0950835000075456,0.0,0.0,0.0,0.0,0.0,0.0,0.0,0.0,0.0,0.12193337686069361,0.0,0.0,1.5749999999999998e-09
5732.0,1.2738376111254954,0.603363324,0.183493683,0.13119770859566865,1.1426399025298266,0.0,0.0,0.0,0.0,0.0,0.0,0.0,0.0,0.0,0.17607401531304176,0.0,0.0,1.5749999999999998e-09
5733.0,1.3013239139052861,0.487150675,0.191871381,0.10592797035975172,1.1953959435455344,0.0,0.0,0.0,0.0,0.0,0.0,0.0,0.0,0.0,0.18352597040630297,0.0,0.0,1.5749999999999998e-09
5734.0,1.3160516591731155,0.349698848,0.197294912,0.07603990121902905,1.2400117579540864,0.0,0.0,0.0,0.0,0.0,0.0,0.0,0.0,0.0,0.17788744228150952,0.0,0.0,1.5749999999999998e-09
5735.0,1.306336999510839,0.206895698,0.202970276,0.04498821923074241,1.2613487802800964,0.0,0.0,0.0,0.0,0.0,0.0,0.0,0.0,0.0,0.1973375542767632,0.0,0.0,1.5749999999999998e-09
5736.0,1.2785614375070227,0.092681472,0.226726452,0.020153025999428534,1.2584084115075942,0.0,0.0,0.0,0.0,0.0,0.0,0.0,0.0,0.0,0.3710064157893926,0.0,0.0,1.5749999999999998e-09
5737.0,1.2619156806306895,0.026208455,0.262209179,0.005698870158426624,1.2562168104722629,0.0,0.0,0.0,0.0,0.0,0.0,0.0,0.0,0.0,0.6282017050874907,0.0,0.0,1.5749999999999998e-09
5738.0,1.2291581836762413,0.001955751,0.287921417,0.00042526623607584,1.2287329174401653,0.0,0.0,0.0,0.0,0.0,0.0,0.0,0.0,0.0,0.8404717202090789,0.0,0.0,1.5749999999999998e-09
5739.0,1.1552368726106008,1.86e-08,0.289109326,4.0444575976239435e-09,1.1552368685661434,0.0,0.0,0.0,0.0,0.0,0.0,0.0,0.0,0.0,0.9225049138273743,0.0,0.0,1.5749999999999998e-09
5740.0,1.0784763712845058,0.0,0.278417495,0.0,1.0784763712845058,0.0,0.0,0.0,0.0,0.0,0.0,0.0,0.0,0.0,0.9224264370560258,0.0,0.0,1.5749999999999998e-09
5741.0,1.0027950287173237,0.0,0.266743151,0.0,1.0027950287173237,0.0,0.0,0.0,0.0,0.0,0.0,0.0,0.0,0.0,0.9142077801094077,0.0,0.0,1.5749999999999998e-09
5742.0,0.9424444270233358,0.0,0.256354774,0.0,0.9424444270233356,0.0,0.0,0.0,0.0,0.0,0.0,0.0,0.0,0.0,0.8999002403909815,0.0,0.0,1.5749999999999998e-09
5743.0,0.8940424558141284,0.0,0.246681914,0.0,0.8940424558141284,0.0,0.0,0.0,0.0,0.0,0.0,0.0,0.0,0.0,0.8787862756900376,0.0,0.0,1.5749999999999998e-09
5744.0,0.8596094809927833,0.0,0.240312622,0.0,0.8596094809927833,0.0,0.0,0.0,0.0,0.0,0.0,0.0,0.0,0.0,0.8674450643384164,0.0,0.0,1.5749999999999998e-09
5745.0,0.8465060374444868,2.84e-06,0.229136558,6.175408374866665e-07,0.8465054199036492,0.0,0.0,0.0,0.0,0.0,0.0,0.0,0.0,0.0,0.800230114426487,0.0,0.0,1.5749999999999998e-09
5746.0,0.8568882188544795,0.001633144,0.218844217,0.0003551172934846213,0.8565331015609948,0.0,0.0,0.0,0.0,0.0,0.0,0.0,0.0,0.0,0.7162344732079136,0.0,0.0,1.5749999999999998e-09
5747.0,0.8999210932593221,0.018505707,0.210329877,0.004023954154599601,0.8958971391047226,0.0,0.0,0.0,0.0,0.0,0.0,0.0,0.0,0.0,0.6156804345934337,0.0,0.0,1.5749999999999998e-09
5748.0,0.9398344185096514,0.07568771,0.186280994,0.016457835148185898,0.9233765833614656,0.0,0.0,0.0,0.0,0.0,0.0,0.0,0.0,0.0,0.4153689004130569,0.0,0.0,1.5749999999999998e-09
5749.0,0.9737689768527199,0.188443167,0.152866419,0.040975827875992875,0.9327931489767269,0.0,0.0,0.0,0.0,0.0,0.0,0.0,0.0,0.0,0.16581183300567467,0.0,0.0,1.5749999999999998e-09
5750.0,1.0211429654503783,0.339030083,0.156046871,0.07372004274260355,0.9474229227077747,0.0,0.0,0.0,0.0,0.0,0.0,0.0,0.0,0.0,0.17403901134436756,0.0,0.0,1.5749999999999998e-09
5751.0,1.0768409444024958,0.488342774,0.16831772,0.10618718508328238,0.9706537593192134,0.0,0.0,0.0,0.0,0.0,0.0,0.0,0.0,0.0,0.2389950762953562,0.0,0.0,1.5749999999999998e-09
5752.0,1.1275770148963495,0.608987721,0.173658297,0.13242069973430862,0.9951563151620411,0.0,0.0,0.0,0.0,0.0,0.0,0.0,0.0,0.0,0.25287364128496337,0.0,0.0,1.5749999999999998e-09
5753.0,1.1806249343498958,0.687311401,0.177193892,0.14945171062946272,1.0311732237204332,0.0,0.0,0.0,0.0,0.0,0.0,0.0,0.0,0.0,0.24226599073550048,0.0,0.0,1.5749999999999998e-09
5754.0,1.2278231411807339,0.712643711,0.182788013,0.15496006835230494,1.072863072828429,0.0,0.0,0.0,0.0,0.0,0.0,0.0,0.0,0.0,0.24077940693989722,0.0,0.0,1.5749999999999998e-09
5755.0,1.2691404857338677,0.685758436,0.188805682,0.1491140277749953,1.1200264579588723,0.0,0.0,0.0,0.0,0.0,0.0,0.0,0.0,0.0,0.23686319922466553,0.0,0.0,1.5749999999999998e-09
5756.0,1.3043811617499586,0.607003595,0.190824638,0.13198926352595683,1.1723918982240018,0.0,0.0,0.0,0.0,0.0,0.0,0.0,0.0,0.0,0.19900738857284742,0.0,0.0,1.5749999999999998e-09
5757.0,1.3283429518616456,0.483555477,0.186853824,0.10514621628093118,1.2231967355807145,0.0,0.0,0.0,0.0,0.0,0.0,0.0,0.0,0.0,0.11966550513719507,0.0,0.0,1.5749999999999998e-09
5758.0,1.3327241170393482,0.341948266,0.178282422,0.07435458400096952,1.2798071376016498,0.0,0.0,0.02143760456327091,0.0,0.0,0.0,0.0,0.0,0.0,0.0014550146117080077,0.0,0.0,1.5749999999999998e-09
5759.0,1.313873315162921,0.196878178,0.174178676,0.04280997004400317,1.2517697638269303,0.0,0.0,0.0,0.01929358129198755,0.01929384410694382,0.0,0.0,0.0,0.0,0.0,0.0,0.0,1.7500238382997177e-09
5760.0,1.2774778270832394,0.083558724,0.190480634,0.01816933957685818,1.2593084875063814,0.0,0.0,0.0,0.0,0.0,0.0,0.0,0.0,0.0,0.10961854599445874,0.0,0.0,1.5749999999999998e-09
5761.0,1.2513777439462448,0.020703919,0.219594262,0.004501942069900039,1.2468758018763448,0.0,0.0,0.0,0.0,0.0,0.0,0.0,0.0,0.0,0.3312821207472551,0.0,0.0,1.5749999999999998e-09
5762.0,1.211945034514259,0.001241796,0.23648758,0.00027002103585478616,1.2116750134784042,0.0,0.0,0.0,0.0,0.0,0.0,0.0,0.0,0.0,0.48789010529998317,0.0,0.0,1.5749999999999998e-09
5763.0,1.1479186145427362,1.05e-09,0.240990101,2.2831615470457746e-10,1.1479186143144202,0.0,0.0,0.0,0.0,0.0,0.0,0.0,0.0,0.0,0.5840047688521741,0.0,0.0,1.5749999999999998e-09
5764.0,1.0793352486266152,0.0,0.238674309,0.0,1.0793352486266152,0.0,0.0,0.0,0.0,0.0,0.0,0.0,0.0,0.0,0.6359452338618713,0.0,0.0,1.5749999999999998e-09
5765.0,1.0073697753218551,0.0,0.236850234,0.0,1.0073697753218551,0.0,0.0,0.0,0.0,0.0,0.0,0.0,0.0,0.0,0.6948016286939449,0.0,0.0,1.5749999999999998e-09
5766.0,0.9463271757227619,0.0,0.235454639,0.0,0.9463271757227619,0.0,0.0,0.0,0.0,0.0,0.0,0.0,0.0,0.0,0.7458145067239751,0.0,0.0,1.5749999999999998e-09
5767.0,0.9054971214855029,0.0,0.234237978,0.0,0.9054971214855029,0.0,0.0,0.0,0.0,0.0,0.0,0.0,0.0,0.0,0.7779007842395222,0.0,0.0,1.5749999999999998e-09
5768.0,0.8624152957658068,0.0,0.231663569,0.0,0.8624152957658068,0.0,0.0,0.0,0.0,0.0,0.0,0.0,0.0,0.0,0.8024811066757513,0.0,0.0,1.5749999999999998e-09
5769.0,0.8438893534333464,1.3e-06,0.225624398,2.82677143919953e-07,0.8438890707562023,0.0,0.0,0.0,0.0,0.0,0.0,0.0,0.0,0.0,0.7776056258624199,0.0,0.0,1.5749999999999998e-09
5770.0,0.8363530377812642,0.001184661,0.223404875,0.0002575973753795042,0.8360954404058848,0.0,0.0,0.0,0.0,0.0,0.0,0.0,0.0,0.0,0.7694482118867466,0.0,0.0,1.5749999999999998e-09
5771.0,0.8420069431447086,0.014817609,0.221285793,0.0032219995321866087,0.838784943612522,0.0,0.0,0.0,0.0,0.0,0.0,0.0,0.0,0.0,0.7515295036155932,0.0,0.0,1.5749999999999998e-09
5772.0,0.8560649428322361,0.062925342,0.205869606,0.013682735351343279,0.8423822074808929,0.0,0.0,0.0,0.0,0.0,0.0,0.0,0.0,0.0,0.6371407398732551,0.0,0.0,1.5749999999999998e-09
5773.0,0.8878834584749513,0.168239354,0.177296076,0.03658263083358302,0.8513008276413683,0.0,0.0,0.0,0.0,0.0,0.0,0.0,0.0,0.0,0.42287275249286976,0.0,0.0,1.5749999999999998e-09
5774.0,0.9411494355127153,0.315937637,0.149821487,0.06869872991075297,0.8724507056019624,0.0,0.0,0.0,0.0,0.0,0.0,0.0,0.0,0.0,0.20427126579589977,0.0,0.0,1.5749999999999998e-09
5775.0,1.004479407914112,0.465265974,0.168016949,0.10116927437958087,0.903310133534531,0.0,0.0,0.0,0.0,0.0,0.0,0.0,0.0,0.0,0.30417715135361106,0.0,0.0,1.5749999999999998e-09
5776.0,1.0654374548784855,0.587595953,0.198745271,0.12776918905612536,0.9376682658223601,0.0,0.0,0.0,0.0,0.0,0.0,0.0,0.0,0.0,0.49065422838117406,0.0,0.0,1.5749999999999998e-09
5777.0,1.1219253343654156,0.667111892,0.224254394,0.1450594494658432,0.9768658848995723,0.0,0.0,0.0,0.0,0.0,0.0,0.0,0.0,0.0,0.6347830049710302,0.0,0.0,1.5749999999999998e-09
5778.0,1.1692392454858185,0.692473178,0.246895373,0.15057410784477943,1.018665137641039,0.0,0.0,0.0,0.0,0.0,0.0,0.0,0.0,0.0,0.755697659502808,0.0,0.0,1.5749999999999998e-09
5779.0,1.2064557837553085,0.669482003,0.265793775,0.14557481577988418,1.0608809679754245,0.0,0.0,0.0,0.0,0.0,0.0,0.0,0.0,0.0,0.849298961044235,0.0,0.0,1.5749999999999998e-09
5780.0,1.2324913407499516,0.595796623,0.276959985,0.12955237518984075,1.1029389655601107,0.0,0.0,0.0,0.0,0.0,0.0,0.0,0.0,0.0,0.8874891567259958,0.0,0.0,1.5749999999999998e-09
5781.0,1.2492617012458913,0.484906105,0.275711696,0.10543990217749911,1.1438217990683923,0.0,0.0,0.0,0.0,0.0,0.0,0.0,0.0,0.0,0.8376352455714602,0.0,0.0,1.5749999999999998e-09
5782.0,1.255162590015964,0.352339408,0.268001089,0.07661407503375926,1.1785485149822046,0.0,0.0,0.0,0.0,0.0,0.0,0.0,0.0,0.0,0.7474947159520469,0.0,0.0,1.5749999999999998e-09
5783.0,1.2433652631407648,0.21203238,0.266268266,0.046105159689961664,1.1972601034508032,0.0,0.0,0.0,0.0,0.0,0.0,0.0,0.0,0.0,0.7163298496926355,0.0,0.0,1.5749999999999998e-09
5784.0,1.2175700140552936,0.09566122,0.285396113,0.020800954194998684,1.196769059860295,0.0,0.0,0.0,0.0,0.0,0.0,0.0,0.0,0.0,0.8542869773731832,0.0,0.0,1.5749999999999998e-09
5785.0,1.2022392741820243,0.025758394,0.311935056,0.00560100711375758,1.1966382670682667,0.0,0.0,0.0,0.0,0.0,0.0,0.0,0.0,0.0,1.0451451724755054,0.0,0.0,1.5749999999999998e-09
5786.0,1.1695196043798772,0.001750919,0.320278372,0.0003807267555039848,1.1691388776243732,0.0,0.0,0.0,0.0,0.0,0.0,0.0,0.0,0.0,1.132605464934033,0.0,0.0,1.5749999999999998e-09
5787.0,1.1145492236528063,2.26e-10,0.322590537,4.914233425069952e-11,1.114549223603664,0.0,0.0,0.0,0.0,0.0,0.0,0.0,0.0,0.0,1.2038119534745941,0.0,0.0,1.5749999999999998e-09
5788.0,1.0494147181000357,0.0,0.319651874,0.0,1.0494147181000357,0.0,0.0,0.0,0.0,0.0,0.0,0.0,0.0,0.0,1.2478271717385097,0.0,0.0,1.5749999999999998e-09
5789.0,0.9838129477238337,0.0,0.308982466,0.0,0.9838129477238337,0.0,0.0,0.0,0.0,0.0,0.0,0.0,0.0,0.0,1.2367511154194786,0.0,0.0,1.5749999999999998e-09
5790.0,0.9251800997141401,0.0,0.295488551,0.0,0.9251800997141401,0.0,0.0,0.0,0.0,0.0,0.0,0.0,0.0,0.0,1.198407254336202,0.0,0.0,1.5749999999999998e-09
5791.0,0.891116487086519,0.0,0.282326798,0.0,0.891116487086519,0.0,0.0,0.0,0.0,0.0,0.0,0.0,0.0,0.0,1.1378813062740956,0.0,0.0,1.5749999999999998e-09
5792.0,0.8508427009723569,0.0,0.272303952,0.0,0.8508427009723569,0.0,0.0,0.0,0.0,0.0,0.0,0.0,0.0,0.0,1.1061239123470585,0.0,0.0,1.5749999999999998e-09
5793.0,0.8287032436720522,5.06e-07,0.252817603,1.1002664217192018e-07,0.8287031336454099,0.0,0.0,0.0,0.0,0.0,0.0,0.0,0.0,0.0,0.988220949521927,0.0,0.0,1.5749999999999998e-09
5794.0,0.818973008182353,0.000898626,0.236034304,0.0001954007931786244,0.8187776073891745,0.0,0.0,0.0,0.0,0.0,0.0,0.0,0.0,0.0,0.8775299530904669,0.0,0.0,1.5749999999999998e-09
5795.0,0.8119351080086227,0.012782685,0.220388217,0.002779517605714173,0.8091555904029084,0.0,0.0,0.0,0.0,0.0,0.0,0.0,0.0,0.0,0.7747082480403706,0.0,0.0,1.5749999999999998e-09
5796.0,0.8293930157447222,0.061021294,0.196474035,0.01326871162016905,0.8161243041245532,0.0,0.0,0.0,0.0,0.0,0.0,0.0,0.0,0.0,0.5958754999735904,0.0,0.0,1.5749999999999998e-09
5797.0,0.86033707921783,0.167361796,0.150322876,0.03639181114968755,0.8239452680681425,0.0,0.0,0.0,0.0,0.0,0.0,0.0,0.0,0.0,0.25638003529048975,0.0,0.0,1.5749999999999998e-09
5798.0,0.9115893658499686,0.313480596,0.126240298,0.06816446119354204,0.8434249046564266,0.0,0.0,0.0,0.0,0.0,0.0,0.0,0.0,0.0,0.0638261529466366,0.0,0.0,1.5749999999999998e-09
5799.0,0.9714526782280065,0.460769425,0.163703031,0.10019152697279922,0.8712611512552073,0.0,0.0,0.0,0.0,0.0,0.0,0.0,0.0,0.0,0.30522330228732986,0.0,0.0,1.5749999999999998e-09
5800.0,1.0339860755970594,0.581728117,0.200552454,0.12649326357807097,0.9074928120189882,0.0,0.0,0.0,0.0,0.0,0.0,0.0,0.0,0.0,0.533817362933147,0.0,0.0,1.5749999999999998e-09
5801.0,1.0965706491134763,0.659349529,0.217279513,0.14337157054052788,0.9531990785729485,0.0,0.0,0.0,0.0,0.0,0.0,0.0,0.0,0.0,0.6083234390998833,0.0,0.0,1.5749999999999998e-09
5802.0,1.1511761183117686,0.683624282,0.233061618,0.14864996888468351,1.0025261494270852,0.0,0.0,0.0,0.0,0.0,0.0,0.0,0.0,0.0,0.672417610743547,0.0,0.0,1.5749999999999998e-09
5803.0,1.1956931149891146,0.657334222,0.249513738,0.1429333542121572,1.0527597607769572,0.0,0.0,0.0,0.0,0.0,0.0,0.0,0.0,0.0,0.7404204382035112,0.0,0.0,1.5749999999999998e-09
5804.0,1.2281124004047592,0.585347442,0.262887369,0.12728026392723873,1.1008321364775204,0.0,0.0,0.0,0.0,0.0,0.0,0.0,0.0,0.0,0.7884603266608091,0.0,0.0,1.5749999999999998e-09
5805.0,1.2508926784628804,0.472648483,0.272938079,0.10277455634810652,1.1481181221147738,0.0,0.0,0.0,0.0,0.0,0.0,0.0,0.0,0.0,0.813405771253241,0.0,0.0,1.5749999999999998e-09
5806.0,1.2665861050324176,0.34040993,0.276958705,0.07402008213414703,1.1925660228982708,0.0,0.0,0.0,0.0,0.0,0.0,0.0,0.0,0.0,0.7978529004127692,0.0,0.0,1.5749999999999998e-09
5807.0,1.2641385262907168,0.201985062,0.288067443,0.04392043110819587,1.220218095182521,0.0,0.0,0.0,0.0,0.0,0.0,0.0,0.0,0.0,0.8500359874144651,0.0,0.0,1.5749999999999998e-09
5808.0,1.2508170261581273,0.089159467,0.318129005,0.01938718729614254,1.2314298388619846,0.0,0.0,0.0,0.0,0.0,0.0,0.0,0.0,0.0,1.054867649444485,0.0,0.0,1.5749999999999998e-09
5809.0,1.24362559654238,0.024385375,0.352066523,0.0053024524295515576,1.2383231441128284,0.0,0.0,0.0,0.0,0.0,0.0,0.0,0.0,0.0,1.2918730800626184,0.0,0.0,1.5749999999999998e-09
5810.0,1.2105454648764753,0.001665711,0.364396196,0.0003621987908277299,1.2101832660856477,0.0,0.0,0.0,0.0,0.0,0.0,0.0,0.0,0.0,1.4086226100501418,0.0,0.0,1.5749999999999998e-09
5811.0,1.1479386400351799,8.28e-12,0.366362706,1.8004359628132392e-12,1.1479386400333793,0.0,0.0,0.0,0.0,0.0,0.0,0.0,0.0,0.0,1.4849999520857564,0.0,0.0,1.5749999999999998e-09
5812.0,1.0726756109765758,0.0,0.363900022,0.0,1.0726756109765758,0.0,0.0,0.0,0.0,0.0,0.0,0.0,0.0,0.0,1.5425644118351416,0.0,0.0,1.5749999999999998e-09
5813.0,1.0033579723378767,0.0,0.352714985,0.0,1.0033579723378767,0.0,0.0,0.0,0.0,0.0,0.0,0.0,0.0,0.0,1.5314985532202186,0.0,0.0,1.5749999999999998e-09
5814.0,0.9446828485107854,0.0,0.340984637,0.0,0.9446828485107854,0.0,0.0,0.0,0.0,0.0,0.0,0.0,0.0,0.0,1.5058711936275389,0.0,0.0,1.5749999999999998e-09
5815.0,0.9086277968024179,0.0,0.328660503,0.0,0.9086277968024179,0.0,0.0,0.0,0.0,0.0,0.0,0.0,0.0,0.0,1.4533564005028257,0.0,0.0,1.5749999999999998e-09
5816.0,0.8736830555078087,0.0,0.315398724,0.0,0.8736830555078087,0.0,0.0,0.0,0.0,0.0,0.0,0.0,0.0,0.0,1.3929927243264302,0.0,0.0,1.5749999999999998e-09
5817.0,0.86272012981733,4.56e-07,0.296958218,9.915444432884506e-08,0.8627200306628857,0.0,0.0,0.0,0.0,0.0,0.0,0.0,0.0,0.0,1.2714293781449184,0.0,0.0,1.5749999999999998e-09
5818.0,0.8830172288138088,0.001008328,0.279721666,0.0002192548301342449,0.8827979739836745,0.0,0.0,0.0,0.0,0.0,0.0,0.0,0.0,0.0,1.127477519131771,0.0,0.0,1.5749999999999998e-09
5819.0,0.9378496549263609,0.013473808,0.258394762,0.0029297981255121653,0.9349198568008487,0.0,0.0,0.0,0.0,0.0,0.0,0.0,0.0,0.0,0.9220855908858466,0.0,0.0,1.5749999999999998e-09
5820.0,0.9881785370741137,0.065515253,0.224438397,0.014245895847102409,0.9739326412270114,0.0,0.0,0.0,0.0,0.0,0.0,0.0,0.0,0.0,0.6390386228695467,0.0,0.0,1.5749999999999998e-09
5821.0,1.0294780809673145,0.178728454,0.180497298,0.038863422241499,0.9906146587258156,0.0,0.0,0.0,0.0,0.0,0.0,0.0,0.0,0.0,0.3065651412220211,0.0,0.0,1.5749999999999998e-09
5822.0,1.0818584796730695,0.337439121,0.194091801,0.07337409767010727,1.008484382002962,0.0,0.0,0.0,0.0,0.0,0.0,0.0,0.0,0.0,0.3863950227441123,0.0,0.0,1.5749999999999998e-09
5823.0,1.1472266176375558,0.494221432,0.221255606,0.10746546373983791,1.039761153897718,0.0,0.0,0.0,0.0,0.0,0.0,0.0,0.0,0.0,0.5503363484395044,0.0,0.0,1.5749999999999998e-09
5824.0,1.210278455977404,0.621172727,0.222413566,0.13507025565332975,1.0752082003240744,0.0,0.0,0.0,0.0,0.0,0.0,0.0,0.0,0.0,0.5232112123009555,0.0,0.0,1.5749999999999998e-09
5825.0,1.2727962775190342,0.702099911,0.223806265,0.15266738275994862,1.1201288947590855,0.0,0.0,0.0,0.0,0.0,0.0,0.0,0.0,0.0,0.4882994267539187,0.0,0.0,1.5749999999999998e-09
5826.0,1.3243912253549974,0.732381962,0.226193537,0.15925203175127045,1.1651391936037268,0.0,0.0,0.0,0.0,0.0,0.0,0.0,0.0,0.0,0.46044573385127346,0.0,0.0,1.5749999999999998e-09
5827.0,1.3724216095379702,0.703807886,0.224130059,0.15303877160216914,1.219382837935801,0.0,0.0,0.0,0.0,0.0,0.0,0.0,0.0,0.0,0.39137249368094607,0.0,0.0,1.5749999999999998e-09
5828.0,1.4081473510374254,0.625978407,0.218813829,0.13611522172793994,1.2720321293094854,0.0,0.0,0.0,0.0,0.0,0.0,0.0,0.0,0.0,0.3005170560419768,0.0,0.0,1.5749999999999998e-09
5829.0,1.4334063574922433,0.508503646,0.213236196,0.11057104486474065,1.3228353126275028,0.0,0.0,0.0,0.0,0.0,0.0,0.0,0.0,0.0,0.20962910170914673,0.0,0.0,1.5749999999999998e-09
5830.0,1.4437996650646379,0.364891376,0.205212214,0.07934342462207822,1.3644562404425598,0.0,0.0,0.0,0.0,0.0,0.0,0.0,0.0,0.0,0.11034222830444947,0.0,0.0,1.5749999999999998e-09
5831.0,1.4290674691318628,0.216374402,0.203412802,0.047049306134421355,1.3820181629974415,0.0,0.0,0.0,0.0,0.0,0.0,0.0,0.0,0.0,0.07984847284100147,0.0,0.0,1.5749999999999998e-09
5832.0,1.396605906898896,0.096450136,0.227307698,0.02097249921167003,1.375633407687226,0.0,0.0,0.0,0.0,0.0,0.0,0.0,0.0,0.0,0.2579586598142124,0.0,0.0,1.5749999999999998e-09
5833.0,1.3747735104824745,0.02600934,0.266565919,0.0056555738049561466,1.3691179366775186,0.0,0.0,0.0,0.0,0.0,0.0,0.0,0.0,0.0,0.546611159064021,0.0,0.0,1.5749999999999998e-09
5834.0,1.3279557900079129,0.001547759,0.288521391,0.00033655084122800194,1.3276192391666848,0.0,0.0,0.0,0.0,0.0,0.0,0.0,0.0,0.0,0.7458972311909577,0.0,0.0,1.5749999999999998e-09
5835.0,1.2421570490973746,0.0,0.287585584,0.0,1.2421570490973746,0.0,0.0,0.0,0.0,0.0,0.0,0.0,0.0,0.0,0.8246340577756035,0.0,0.0,1.5749999999999998e-09
5836.0,1.15012143471032,0.0,0.271778014,0.0,1.15012143471032,0.0,0.0,0.0,0.0,0.0,0.0,0.0,0.0,0.0,0.8030654203679226,0.0,0.0,1.5749999999999998e-09
5837.0,1.0660471239814568,0.0,0.253900104,0.0,1.0660471239814568,0.0,0.0,0.0,0.0,0.0,0.0,0.0,0.0,0.0,0.7586565683333995,0.0,0.0,1.5749999999999998e-09
5838.0,0.9985940949714622,0.0,0.235563401,0.0,0.9985940949714622,0.0,0.0,0.0,0.0,0.0,0.0,0.0,0.0,0.0,0.6943292272613837,0.0,0.0,1.5749999999999998e-09
5839.0,0.9475131384412735,0.0,0.221596106,0.0,0.9475131384412734,0.0,0.0,0.0,0.0,0.0,0.0,0.0,0.0,0.0,0.6450314349977129,0.0,0.0,1.5749999999999998e-09
5840.0,0.9155789185089932,0.0,0.210138291,0.0,0.9155789185089932,0.0,0.0,0.0,0.0,0.0,0.0,0.0,0.0,0.0,0.594621784222636,0.0,0.0,1.5749999999999998e-09
5841.0,0.9017345267406627,2.56e-07,0.197527329,5.56656529565446e-08,1.1288261508610289,0.0,0.0,0.22709167978601916,0.0,0.0,0.0,0.0,0.0,0.0,0.2907433604590271,0.0,0.0,1.5749999999999998e-09
5842.0,0.9168961603445677,0.001126613,0.187000055,0.0002449751885716077,1.343913158939002,0.0,0.0,0.42726197378300623,0.0,0.20438251180741726,0.0,0.0,0.0,0.0,0.0,0.0,0.0,1.575021454469746e-09
5843.0,0.9646995876132807,0.015818048,0.180687738,0.003439538946945173,1.2985484349569993,0.0,0.0,0.3372883862906638,0.0,0.5889155041748618,0.0,0.0,0.0,0.0,0.0,0.0,0.0,1.5750429092317427e-09
5844.0,1.0134775955137436,0.071976142,0.162263906,0.015650777116105366,1.1661418949542093,0.0,0.0,0.16831507655657094,0.0,0.8924670298061361,0.0,0.0,0.0,0.0,0.0,0.0,0.0,1.5750643642859937e-09
5845.0,1.0533308432868176,0.191298029,0.122570575,0.04159660036556642,0.8808778619943182,0.0,0.0,0.0,0.1308563809269331,1.04393844178891,0.0,0.0,0.0,0.0,0.0,0.0,0.0,1.7500953551472252e-09
5846.0,1.1122863260079676,0.354418859,0.10637851,0.07706623908729887,0.7645103602633926,0.0,0.0,0.0,0.2707097266572761,0.9130678406457045,0.0,0.0,0.0,0.0,0.0,0.0,0.0,1.7501191947458603e-09
5847.0,1.1836821811946434,0.5139618,0.13247976,0.11175788746766009,0.9520921946096801,0.0,0.0,0.0,0.1198320991173031,0.6423456764522235,0.0,0.0,0.0,0.0,0.0,0.0,0.0,1.7501430346692358e-09
5848.0,1.254599646395411,0.642714444,0.14119761,0.13975437183540046,1.0147447608490663,0.0,0.0,0.0,0.10010051371094421,0.5225048274948195,0.0,0.0,0.0,0.0,0.0,0.0,0.0,1.7501668749173558e-09
5849.0,1.3184347107725403,0.724133583,0.146190607,0.1574584715838171,1.050627928748899,0.0,0.0,0.0,0.1103483104398241,0.4223971963798666,0.0,0.0,0.0,0.0,0.0,0.0,0.0,1.7501907154902246e-09
5850.0,1.374506501583403,0.747681859,0.158086483,0.16257890189452384,1.1361200121255948,0.0,0.0,0.0,0.07580758756328443,0.3120431321721526,0.0,0.0,0.0,0.0,0.0,0.0,0.0,1.7502145563878474e-09
5851.0,1.419328333312197,0.71740419,0.171261306,0.155995205742621,1.2308035029747937,0.0,0.0,0.0,0.032529624594782224,0.23623129405093476,0.0,0.0,0.0,0.0,0.0,0.0,0.0,1.7502383976102281e-09
5852.0,1.4499186104190032,0.633671843,0.180022685,0.13778811289364068,1.2937688990467457,0.0,0.0,0.0,0.018361598478616698,0.20369845158433436,0.0,0.0,0.0,0.0,0.0,0.0,0.0,1.7502622391573711e-09
5853.0,1.4714216966265121,0.509337523,0.183289852,0.11075236637915645,1.3172490457437682,0.0,0.0,0.0,0.043420284503587404,0.18533407838651972,0.0,0.0,0.0,0.0,0.0,0.0,0.0,1.750286081029281e-09
5854.0,1.4778410273673048,0.363829385,0.183621794,0.07911250109688692,1.319634613073171,0.0,0.0,0.0,0.07909391319724683,0.14191126931771678,0.0,0.0,0.0,0.0,0.0,0.0,0.0,1.7503099232259622e-09
5855.0,1.4601339113920668,0.215385881,0.187914498,0.04683435821674067,1.3504849857804417,0.0,0.0,0.0,0.06281456739488452,0.06281542304773265,0.0,0.0,0.0,0.0,0.0,0.0,0.0,1.7503337657474187e-09
5856.0,1.4262505291963623,0.094314837,0.213905899,0.020508191348027623,1.4057423378483347,0.0,0.0,0.0,0.0,0.0,0.0,0.0,0.0,0.0,0.13153503055017823,0.0,0.0,1.5749999999999998e-09
5857.0,1.4027270780856966,0.022763777,0.257740132,0.004949845743992859,1.3977772323417037,0.0,0.0,0.0,0.0,0.0,0.0,0.0,0.0,0.0,0.45452358640123974,0.0,0.0,1.5749999999999998e-09
5858.0,1.3530145405383711,0.00103804,0.289759835,0.00022571552498051387,1.3527888250133906,0.0,0.0,0.0,0.0,0.0,0.0,0.0,0.0,0.0,0.7296279699361836,0.0,0.0,1.5749999999999998e-09
5859.0,1.2698769842888809,0.0,0.308169961,0.0,1.2698769842888809,0.0,0.0,0.0,0.0,0.0,0.0,0.0,0.0,0.0,0.9448478497632754,0.0,0.0,1.5749999999999998e-09
5860.0,1.1773763299109055,0.0,0.312729303,0.0,1.1773763299109055,0.0,0.0,0.0,0.0,0.0,0.0,0.0,0.0,0.0,1.0701151239687332,0.0,0.0,1.5749999999999998e-09
5861.0,1.0917333452747437,0.0,0.309913204,0.0,1.0917333452747437,0.0,0.0,0.0,0.0,0.0,0.0,0.0,0.0,0.0,1.1355196519746285,0.0,0.0,1.5749999999999998e-09
5862.0,1.023290158805652,0.0,0.300004699,0.0,1.023290158805652,0.0,0.0,0.0,0.0,0.0,0.0,0.0,0.0,0.0,1.1327533927838622,0.0,0.0,1.5749999999999998e-09
5863.0,1.0436362081170598,0.0,0.284996113,0.0,1.0436362081170598,0.0,0.0,0.0,0.0,0.0,0.0,0.0,0.0,0.0,1.004545149408032,0.0,0.0,1.5749999999999998e-09
5864.0,0.9352262964176891,0.0,0.265163919,0.0,0.9352262964176891,0.0,0.0,0.0,0.0,0.0,0.0,0.0,0.0,0.0,0.9704270469459572,0.0,0.0,1.5749999999999998e-09
5865.0,0.9194727923708964,5.86e-08,0.24106842,1.2742215872084036e-08,0.9194727796286806,0.0,0.0,0.0,0.0,0.0,0.0,0.0,0.0,0.0,0.8130134586381164,0.0,0.0,1.5749999999999998e-09
5866.0,0.9358559910131038,0.000763706,0.223230895,0.00016606325451887048,0.9356899277585848,0.0,0.0,0.0,0.0,0.0,0.0,0.0,0.0,0.0,0.6686033825948839,0.0,0.0,1.5749999999999998e-09
5867.0,0.9871750306199539,0.012394109,0.209761307,0.0026950241027327575,0.9844800065172212,0.0,0.0,0.0,0.0,0.0,0.0,0.0,0.0,0.0,0.5230114255764424,0.0,0.0,1.5749999999999998e-09
5868.0,1.031542947520304,0.061490647,0.188296102,0.013370769593653868,1.0660001908504624,0.0,0.0,0.047828012923812245,0.0,0.0,0.0,0.0,0.0,0.0,0.2872272681185767,0.0,0.0,1.5749999999999998e-09
5869.0,1.0717232806697798,0.172867708,0.148133275,0.03758903844109878,1.064589299448227,0.0,0.0,0.03045505721954602,0.0,0.043045211631431025,0.0,0.0,0.0,0.0,0.0,0.0,0.0,1.575021454469746e-09
5870.0,1.1260884419589006,0.326784312,0.137000021,0.07105727384154371,0.9845779510429536,0.0,0.0,0.0,0.07045321707440332,0.07045417678006316,0.0,0.0,0.0,0.0,0.0,0.0,0.0,1.7500476769241582e-09
5871.0,1.1992910551294609,0.48090805,0.171731481,0.1045705492785492,1.0947205058509117,0.0,0.0,0.0,0.0,0.0,0.0,0.0,0.0,0.0,0.13946200345360804,0.0,0.0,1.5749999999999998e-09
5872.0,1.2725670957722641,0.605777952,0.195108219,0.13172275486233723,1.140844340909927,0.0,0.0,0.0,0.0,0.0,0.0,0.0,0.0,0.0,0.26133975433674367,0.0,0.0,1.5749999999999998e-09
5873.0,1.33965521325348,0.684963356,0.213172508,0.14894114243377388,1.1907140708197061,0.0,0.0,0.0,0.0,0.0,0.0,0.0,0.0,0.0,0.34129263701377416,0.0,0.0,1.5749999999999998e-09
5874.0,1.3965903320713982,0.712210046,0.235009371,0.15486577051875258,1.2417245615526455,0.0,0.0,0.0,0.0,0.0,0.0,0.0,0.0,0.0,0.4472171136831074,0.0,0.0,1.5749999999999998e-09
5875.0,1.3321277979313644,0.688402501,0.255926093,0.14968896373079432,1.1824388342005698,0.0,0.0,0.0,0.0,0.0,0.0,0.0,0.0,0.0,0.6568250317835705,0.0,0.0,1.5749999999999998e-09
5876.0,1.5803478264640174,0.613258073,0.270391684,0.13334926197038005,1.4469985644936372,0.0,0.0,0.0,0.0,0.0,0.0,0.0,0.0,0.0,0.49622515378428783,0.0,0.0,1.5749999999999998e-09
5877.0,1.4836818386601218,0.497469031,0.275641303,0.10817163451669735,1.3755102041434246,0.0,0.0,0.0,0.0,0.0,0.0,0.0,0.0,0.0,0.6054409471746467,0.0,0.0,1.5749999999999998e-09
5878.0,1.4864565017783002,0.359678471,0.274631388,0.07820990993213511,1.4082465918461653,0.0,0.0,0.0,0.0,0.0,0.0,0.0,0.0,0.0,0.5654466040776687,0.0,0.0,1.5749999999999998e-09
5879.0,1.465934671699997,0.214128142,0.273868742,0.04656087047188164,1.4193738012281154,0.0,0.0,0.0,0.0,0.0,0.0,0.0,0.0,0.0,0.5488384872435139,0.0,0.0,1.5749999999999998e-09
5880.0,1.4328723406940254,0.092066984,0.295482881,0.020019409297264625,1.4128529313967608,0.0,0.0,0.0,0.0,0.0,0.0,0.0,0.0,0.0,0.7106936740687149,0.0,0.0,1.5749999999999998e-09
5881.0,1.4066610039324114,0.023358391,0.341903285,0.005079140964958104,1.4015818629674535,0.0,0.0,0.0,0.0,0.0,0.0,0.0,0.0,0.0,1.055574226082745,0.0,0.0,1.5749999999999998e-09
5882.0,1.3557091006868505,0.001353031,0.371213893,0.00029420841439627534,1.3554148922724543,0.0,0.0,0.0,0.0,0.0,0.0,0.0,0.0,0.0,1.3123877219228988,0.0,0.0,1.5749999999999998e-09
5883.0,1.2727962775190342,0.0,0.374128691,0.0,1.2727962775190342,0.0,0.0,0.0,0.0,0.0,0.0,0.0,0.0,0.0,1.41595411333793,0.0,0.0,1.5749999999999998e-09
5884.0,1.1791563869048902,0.0,0.36412364,0.0,1.1791563869048902,0.0,0.0,0.0,0.0,0.0,0.0,0.0,0.0,0.0,1.4376907112244024,0.0,0.0,1.5749999999999998e-09
5885.0,1.094479082570512,0.0,0.345782165,0.0,1.094479082570512,0.0,0.0,0.0,0.0,0.0,0.0,0.0,0.0,0.0,1.3905533505478485,0.0,0.0,1.5749999999999998e-09
5886.0,1.024587375148783,0.0,0.322764682,0.0,1.024587375148783,0.0,0.0,0.0,0.0,0.0,0.0,0.0,0.0,0.0,1.2950253296740175,0.0,0.0,1.5749999999999998e-09
5887.0,0.9713213991109436,0.0,0.295426135,0.0,0.9713213991109436,0.0,0.0,0.0,0.0,0.0,0.0,0.0,0.0,0.0,1.151817389917702,0.0,0.0,1.5749999999999998e-09
5888.0,0.9350683163107266,0.0,0.269184359,0.0,0.9350683163107265,0.0,0.0,0.0,0.0,0.0,0.0,0.0,0.0,0.0,0.9994787202698798,0.0,0.0,1.5749999999999998e-09
5889.0,0.9193593139137667,2.2e-08,0.237196372,4.7837670509530504e-09,0.9193593091299996,0.0,0.0,0.0,0.0,0.0,0.0,0.0,0.0,0.0,0.7852996845980539,0.0,0.0,1.5749999999999998e-09
5890.0,0.934972637513605,0.000669959,0.208092116,0.00014567853589497526,0.9348269589777101,0.0,0.0,0.0,0.0,0.0,0.0,0.0,0.0,0.0,0.5606684993731512,0.0,0.0,1.5749999999999998e-09
5891.0,0.9880250076320969,0.011630546,0.186638934,0.0025289919426997186,1.1111531198709803,0.0,0.0,0.1256571041815829,0.0,0.0,0.0,0.0,0.0,0.0,0.2301647710405918,0.0,0.0,1.5749999999999998e-09
5892.0,1.03746386178282,0.063550404,0.160289814,0.013818651305907046,1.1519546894169903,0.0,0.0,0.12830947894007727,0.0,0.11309139376342463,0.0,0.0,0.0,0.0,0.0,0.0,0.0,1.575021454469746e-09
5893.0,1.07901706358018,0.175388326,0.127813208,0.038137131592755114,0.9185550887533577,0.0,0.0,0.0,0.12232484323406714,0.22856838431245574,0.0,0.0,0.0,0.0,0.0,0.0,0.0,1.7500476769241584e-09
5894.0,1.1380103724537065,0.327159724,0.133668107,0.071138904912277,0.960632487128234,0.0,0.0,0.0,0.10623898041319556,0.10624042758842804,0.0,0.0,0.0,0.0,0.0,0.0,0.0,1.7500715158733263e-09
5895.0,1.2096087093971775,0.481338846,0.178258205,0.10466422326538931,1.104944486131788,0.0,0.0,0.0,0.0,0.0,0.0,0.0,0.0,0.0,0.17614362578532472,0.0,0.0,1.5749999999999998e-09
5896.0,1.2817299379763898,0.606540889,0.194092161,0.13188865090245327,1.1498412870739365,0.0,0.0,0.0,0.0,0.0,0.0,0.0,0.0,0.0,0.24504070488487548,0.0,0.0,1.5749999999999998e-09
5897.0,1.3512033318895407,0.688376673,0.211895466,0.14968334758827648,1.201519984301264,0.0,0.0,0.0,0.0,0.0,0.0,0.0,0.0,0.0,0.3213090067218237,0.0,0.0,1.5749999999999998e-09
5898.0,1.4084588605864048,0.717457739,0.240047127,0.156006849649067,1.2524520109373378,0.0,0.0,0.0,0.0,0.0,0.0,0.0,0.0,0.0,0.472694501670917,0.0,0.0,1.5749999999999998e-09
5899.0,1.4481096276026082,0.692178303,0.269795357,0.15050998905799987,1.2975996385446085,0.0,0.0,0.0,0.0,0.0,0.0,0.0,0.0,0.0,0.6413384569171596,0.0,0.0,1.5749999999999998e-09
5900.0,1.4708832301632733,0.614541513,0.294143814,0.13362833824237438,1.3372548919208989,0.0,0.0,0.0,0.0,0.0,0.0,0.0,0.0,0.0,0.7766682417119031,0.0,0.0,1.5749999999999998e-09
5901.0,1.4843449097428922,0.4965921,0.308399296,0.10798095117016285,1.3763639585727294,0.0,0.0,0.0,0.0,0.0,0.0,0.0,0.0,0.0,0.8400090371567334,0.0,0.0,1.5749999999999998e-09
5902.0,1.4808604480596756,0.356693123,0.313706664,0.07756076405040654,1.403299684009269,0.0,0.0,0.0,0.0,0.0,0.0,0.0,0.0,0.0,0.8512157694565395,0.0,0.0,1.5749999999999998e-09
5903.0,1.456860831795612,0.211442733,0.315662635,0.04597694451313015,1.410883887282482,0.0,0.0,0.0,0.0,0.0,0.0,0.0,0.0,0.0,0.8576885415430566,0.0,0.0,1.5749999999999998e-09
5904.0,1.420625549655328,0.091845921,0.334893683,0.01997134048382895,1.400654209171499,0.0,0.0,0.0,0.0,0.0,0.0,0.0,0.0,0.0,1.006125978295541,0.0,0.0,1.5749999999999998e-09
5905.0,1.3923804969956455,0.023955725,0.366341658,0.0052090276334860125,1.3871714693621595,0.0,0.0,0.0,0.0,0.0,0.0,0.0,0.0,0.0,1.245615857110721,0.0,0.0,1.5749999999999998e-09
5906.0,1.3416199513443272,0.001257133,0.369955781,0.000273355973821171,1.341346595370506,0.0,0.0,0.0,0.0,0.0,0.0,0.0,0.0,0.0,1.3174143462316539,0.0,0.0,1.5749999999999998e-09
5907.0,1.314051320762327,0.0,0.353475331,0.0,1.314051320762327,0.0,0.0,0.0,0.0,0.0,0.0,0.0,0.0,0.0,1.2262695828396502,0.0,0.0,1.5749999999999998e-09
5908.0,1.170723367758322,0.0,0.33278018,0.0,1.170723367758322,0.0,0.0,0.0,0.0,0.0,0.0,0.0,0.0,0.0,1.2208677092394349,0.0,0.0,1.5749999999999998e-09
5909.0,1.090987946389764,0.0,0.308376087,0.0,1.090987946389764,0.0,0.0,0.0,0.0,0.0,0.0,0.0,0.0,0.0,1.1252182532363193,0.0,0.0,1.5749999999999998e-09
5910.0,1.0218772381729564,0.0,0.285952719,0.0,1.0218772381729564,0.0,0.0,0.0,0.0,0.0,0.0,0.0,0.0,0.0,1.0331789589949367,0.0,0.0,1.5749999999999998e-09
5911.0,0.9703601684741813,0.0,0.267391174,0.0,0.9703601684741813,0.0,0.0,0.0,0.0,0.0,0.0,0.0,0.0,0.0,0.9512997867742191,0.0,0.0,1.5749999999999998e-09
5912.0,0.9342049883036714,0.0,0.251765036,0.0,0.9342049883036714,0.0,0.0,0.0,0.0,0.0,0.0,0.0,0.0,0.0,0.875154612372123,0.0,0.0,1.5749999999999998e-09
5913.0,0.9186539670135986,3.68e-09,0.229534167,8.001937612503285e-10,0.9186539662134049,0.0,0.0,0.0,0.0,0.0,0.0,0.0,0.0,0.0,0.7309390644271607,0.0,0.0,1.5749999999999998e-09
5914.0,0.9314125245255601,0.000874254,0.207840939,0.00019010124906199583,0.9312224232764981,0.0,0.0,0.0,0.0,0.0,0.0,0.0,0.0,0.0,0.5624679015115801,0.0,0.0,1.5749999999999998e-09
5915.0,0.9772934895208236,0.013063868,0.183456108,0.0028406591498363605,0.9918904541892493,0.0,0.0,0.017437623818261926,0.0,0.0,0.0,0.0,0.0,0.0,0.3265534234285127,0.0,0.0,1.5749999999999998e-09
5916.0,1.0238864779136359,0.066748242,0.15511976,0.014514001854029117,1.114799066104338,0.0,0.0,0.10542659004473144,0.0,0.01569386143643573,0.0,0.0,0.0,0.0,0.0,0.0,0.0,1.575021454469746e-09
5917.0,1.0659959478340926,0.182276209,0.131175107,0.03963486012667418,0.9427160458457171,0.0,0.0,0.0,0.08364504186170117,0.1105775786996217,0.0,0.0,0.0,0.0,0.0,0.0,0.0,1.7500476769241584e-09
5918.0,1.1226707332503953,0.340105447,0.142177397,0.07395387414582998,1.021786195367668,0.0,0.0,0.0,0.02693066373689746,0.026931030583316758,0.0,0.0,0.0,0.0,0.0,0.0,0.0,1.7500715158733263e-09
5919.0,1.1947964114946283,0.494000172,0.178885616,0.10741735208994273,1.0873790594046857,0.0,0.0,0.0,0.0,0.0,0.0,0.0,0.0,0.0,0.19821806668872277,0.0,0.0,1.5749999999999998e-09
5920.0,1.2661811415188273,0.614538216,0.194609224,0.13362762132964862,1.1325535201891788,0.0,0.0,0.0,0.0,0.0,0.0,0.0,0.0,0.0,0.2660444480547766,0.0,0.0,1.5749999999999998e-09
5921.0,1.326197983338882,0.685822276,0.217487327,0.14912790939720133,1.1770700739416804,0.0,0.0,0.0,0.0,0.0,0.0,0.0,0.0,0.0,0.38594594045344777,0.0,0.0,1.5749999999999998e-09
5922.0,1.376958529990125,0.704206821,0.247421255,0.15312551760709966,1.2238330123830254,0.0,0.0,0.0,0.0,0.0,0.0,0.0,0.0,0.0,0.5543091405468354,0.0,0.0,1.5749999999999998e-09
5923.0,1.4115494849184325,0.66888768,0.277119437,0.14544558383511036,1.266103901083322,0.0,0.0,0.0,0.0,0.0,0.0,0.0,0.0,0.0,0.7254701547749387,0.0,0.0,1.5749999999999998e-09
5924.0,1.4267177940197937,0.586893768,0.303022013,0.12761650317127657,1.299101290848517,0.0,0.0,0.0,0.0,0.0,0.0,0.0,0.0,0.0,0.8786267890650711,0.0,0.0,1.5749999999999998e-09
5925.0,1.4279816348754937,0.464860303,0.324350678,0.10108106367215688,1.3269005712033366,0.0,0.0,0.0,0.0,0.0,0.0,0.0,0.0,0.0,1.0041102099164183,0.0,0.0,1.5749999999999998e-09
5926.0,1.4127131973119902,0.327337636,0.340669496,0.07117759080153015,1.34153560651046,0.0,0.0,0.0,0.0,0.0,0.0,0.0,0.0,0.0,1.1067536120329131,0.0,0.0,1.5749999999999998e-09
5927.0,1.3754098805753454,0.188981641,0.356690252,0.041092915793219914,1.3343169647821256,0.0,0.0,0.0,0.0,0.0,0.0,0.0,0.0,0.0,1.2291086092267631,0.0,0.0,1.5749999999999998e-09
5928.0,1.330287664460049,0.079419371,0.379818085,0.01726926228169165,1.3130184021783575,0.0,0.0,0.0,0.0,0.0,0.0,0.0,0.0,0.0,1.4166199523906426,0.0,0.0,1.5749999999999998e-09
5929.0,1.2957300850191722,0.019851905,0.398075971,0.004316676774438643,1.2914134082447335,0.0,0.0,0.0,0.0,0.0,0.0,0.0,0.0,0.0,1.5694388823298369,0.0,0.0,1.5749999999999998e-09
5930.0,1.2511285357071065,0.000979035,0.397244201,0.00021288524430590093,1.2509156504628005,0.0,0.0,0.0,0.0,0.0,0.0,0.0,0.0,0.0,1.603958959259159,0.0,0.0,1.5749999999999998e-09
5931.0,1.1851640786346365,0.0,0.381691107,0.0,1.1851640786346365,0.0,0.0,0.0,0.0,0.0,0.0,0.0,0.0,0.0,1.5579351217762654,0.0,0.0,1.5749999999999998e-09
5932.0,1.1128270183036417,0.0,0.359072249,0.0,1.112827018303642,0.0,0.0,0.0,0.0,0.0,0.0,0.0,0.0,0.0,1.4677172518085886,0.0,0.0,1.5749999999999998e-09
5933.0,1.0428107072623058,0.0,0.329175994,0.0,1.0428107072623058,0.0,0.0,0.0,0.0,0.0,0.0,0.0,0.0,0.0,1.3228781688368276,0.0,0.0,1.5749999999999998e-09
5934.0,0.9791625488145491,0.0,0.302632483,0.0,0.9791625488145491,0.0,0.0,0.0,0.0,0.0,0.0,0.0,0.0,0.0,1.19576609613202,0.0,0.0,1.5749999999999998e-09
5935.0,0.9428471647044909,0.0,0.279789581,0.0,0.9428471647044909,0.0,0.0,0.0,0.0,0.0,0.0,0.0,0.0,0.0,1.0679164130919425,0.0,0.0,1.5749999999999998e-09
5936.0,0.8951371904004641,0.0,0.257539234,0.0,0.8951371904004641,0.0,0.0,0.0,0.0,0.0,0.0,0.0,0.0,0.0,0.9557198348323406,0.0,0.0,1.5749999999999998e-09
5937.0,0.8720810041132298,0.0,0.232560557,0.0,0.8720810041132298,0.0,0.0,0.0,0.0,0.0,0.0,0.0,0.0,0.0,0.7992617813339932,0.0,0.0,1.5749999999999998e-09
5938.0,0.8646314659283778,0.000852181,0.212250399,0.00018530160860219194,0.8644461643197756,0.0,0.0,0.0,0.0,0.0,0.0,0.0,0.0,0.0,0.6609336234356538,0.0,0.0,1.5749999999999998e-09
5939.0,0.8695889247216209,0.012962352,0.195591161,0.0028185851091116084,0.8667703396125093,0.0,0.0,0.0,0.0,0.0,0.0,0.0,0.0,0.0,0.53888451455348,0.0,0.0,1.5749999999999998e-09
5940.0,0.8778350379388167,0.065612629,0.175532963,0.014267069669845757,0.863567968268971,0.0,0.0,0.0,0.0,0.0,0.0,0.0,0.0,0.0,0.3979346489535371,0.0,0.0,1.5749999999999998e-09
5941.0,0.9189855020550215,0.174634748,0.159188313,0.037973270610631334,0.8810122314443901,0.0,0.0,0.0,0.0,0.0,0.0,0.0,0.0,0.0,0.26302630153893236,0.0,0.0,1.5749999999999998e-09
5942.0,0.9814499226167772,0.323494674,0.203569677,0.07034196193818175,0.9111079606785955,0.0,0.0,0.0,0.0,0.0,0.0,0.0,0.0,0.0,0.5518860886079803,0.0,0.0,1.5749999999999998e-09
5943.0,1.05345989757137,0.472818196,0.258625879,0.10281145941435736,0.9506484381570127,0.0,0.0,0.0,0.0,0.0,0.0,0.0,0.0,0.0,0.9080179779050903,0.0,0.0,1.5749999999999998e-09
5944.0,1.123707616191911,0.591340536,0.277150497,0.12858342600044168,0.9951241901914695,0.0,0.0,0.0,0.0,0.0,0.0,0.0,0.0,0.0,0.9966730845461472,0.0,0.0,1.5749999999999998e-09
5945.0,1.1855890676406702,0.66754891,0.298371712,0.1451544763889829,1.0404345912516872,0.0,0.0,0.0,0.0,0.0,0.0,0.0,0.0,0.0,1.103873173855431,0.0,0.0,1.5749999999999998e-09
5946.0,1.2315301101131892,0.68925335,0.32375204,0.14987397570404595,1.0816561344091433,0.0,0.0,0.0,0.0,0.0,0.0,0.0,0.0,0.0,1.2450524154324396,0.0,0.0,1.5749999999999998e-09
5947.0,1.2626210275308576,0.660061439,0.346497029,0.14352637106785715,1.1190946564630004,0.0,0.0,0.0,0.0,0.0,0.0,0.0,0.0,0.0,1.371075289243,0.0,0.0,1.5749999999999998e-09
5948.0,1.279640596265936,0.58252078,0.36058982,0.12666562335724868,1.1529749729086873,0.0,0.0,0.0,0.0,0.0,0.0,0.0,0.0,0.0,1.4384756236028815,0.0,0.0,1.5749999999999998e-09
5949.0,1.2899538008686315,0.467197168,0.360444668,0.10158920084440805,1.1883646000242236,0.0,0.0,0.0,0.0,0.0,0.0,0.0,0.0,0.0,1.402042832714766,0.0,0.0,1.5749999999999998e-09
5950.0,1.2913822963288253,0.332487659,0.350093744,0.0722974321805779,1.2190848641482472,0.0,0.0,0.0,0.0,0.0,0.0,0.0,0.0,0.0,1.2969335906261232,0.0,0.0,1.5749999999999998e-09
5951.0,1.2732568678449343,0.196058399,0.338565598,0.04263171405449121,1.2306251537904431,0.0,0.0,0.0,0.0,0.0,0.0,0.0,0.0,0.0,1.2025439825301443,0.0,0.0,1.5749999999999998e-09
5952.0,1.241798813066052,0.087630751,0.331064125,0.01905477724018505,1.222744035825867,0.0,0.0,0.0,0.0,0.0,0.0,0.0,0.0,0.0,1.1565142699544533,0.0,0.0,1.5749999999999998e-09
5953.0,1.218727050951395,0.022518006,0.329319724,0.004896404325271051,1.213830646626124,0.0,0.0,0.0,0.0,0.0,0.0,0.0,0.0,0.0,1.1528911737592247,0.0,0.0,1.5749999999999998e-09
5954.0,1.1801865953488744,0.001020255,0.333370217,0.00022184828420773205,1.1799647470646666,0.0,0.0,0.0,0.0,0.0,0.0,0.0,0.0,0.0,1.215866748410833,0.0,0.0,1.5749999999999998e-09
5955.0,1.1241259297004886,0.0,0.336193372,0.0,1.1241259297004886,0.0,0.0,0.0,0.0,0.0,0.0,0.0,0.0,0.0,1.2919947317553333,0.0,0.0,1.5749999999999998e-09
5956.0,1.0594831651285388,0.0,0.332412413,0.0,1.0594831651285388,0.0,0.0,0.0,0.0,0.0,0.0,0.0,0.0,0.0,1.3294648810384329,0.0,0.0,1.5749999999999998e-09
5957.0,0.9939347957322111,0.0,0.328903454,0.0,0.9939347957322111,0.0,0.0,0.0,0.0,0.0,0.0,0.0,0.0,0.0,1.3697954173476128,0.0,0.0,1.5749999999999998e-09
5958.0,0.9367682703350125,0.0,0.323734916,0.0,0.9367682703350125,0.0,0.0,0.0,0.0,0.0,0.0,0.0,0.0,0.0,1.389817214468254,0.0,0.0,1.5749999999999998e-09
5959.0,0.8931079261672658,0.0,0.320117447,0.0,0.8931079261672658,0.0,0.0,0.0,0.0,0.0,0.0,0.0,0.0,0.0,1.407479896810961,0.0,0.0,1.5749999999999998e-09
5960.0,0.8595827800028837,0.0,0.318451049,0.0,0.8595827800028837,0.0,0.0,0.0,0.0,0.0,0.0,0.0,0.0,0.0,1.4290291416836045,0.0,0.0,1.5749999999999998e-09
5961.0,0.8385447327863708,0.0,0.303948626,0.0,0.8385447327863708,0.0,0.0,0.0,0.0,0.0,0.0,0.0,0.0,0.0,1.3458426360987847,0.0,0.0,1.5749999999999998e-09
5962.0,0.828144750716445,0.000782304,0.289125624,0.0001701072772285807,0.8279746434392163,0.0,0.0,0.0,0.0,0.0,0.0,0.0,0.0,0.0,1.2498842677790196,0.0,0.0,1.5749999999999998e-09
5963.0,0.8281469755489554,0.012628869,0.273838038,0.002746071246045564,0.8254009043029099,0.0,0.0,0.0,0.0,0.0,0.0,0.0,0.0,0.0,1.142590723754304,0.0,0.0,1.5749999999999998e-09
5964.0,0.8347888125390619,0.063970324,0.246215697,0.013909960372272325,0.8208788521667896,0.0,0.0,0.0,0.0,0.0,0.0,0.0,0.0,0.0,0.9485993179633647,0.0,0.0,1.5749999999999998e-09
5965.0,1.013083758162555,0.178654881,0.230302044,0.03884742423726083,0.9742363339252941,0.0,0.0,0.0,0.0,0.0,0.0,0.0,0.0,0.0,0.680875197791363,0.0,0.0,1.5749999999999998e-09
5966.0,0.9330813278949256,0.338468179,0.27882981,0.07359786011346724,0.8594834677814582,0.0,0.0,0.0,0.0,0.0,0.0,0.0,0.0,0.0,1.1443825244689814,0.0,0.0,1.5749999999999998e-09
5967.0,1.007563356748684,0.49625872,0.316714144,0.10790845970382436,0.8996548970448596,0.0,0.0,0.0,0.0,0.0,0.0,0.0,0.0,0.0,1.3764744107443918,0.0,0.0,1.5749999999999998e-09
5968.0,1.0824191974611872,0.624238055,0.310825613,0.1357367927027281,0.9466824047584591,0.0,0.0,0.0,0.0,0.0,0.0,0.0,0.0,0.0,1.2871278015860352,0.0,0.0,1.5749999999999998e-09
5969.0,1.1514008503935178,0.70562381,0.294838299,0.1534336333020889,0.997967217091429,0.0,0.0,0.0,0.0,0.0,0.0,0.0,0.0,0.0,1.1209469713845697,0.0,0.0,1.5749999999999998e-09
5970.0,1.2100692997230775,0.732073562,0.287551691,0.15918497203497434,1.0508843276881032,0.0,0.0,0.0,0.0,0.0,0.0,0.0,0.0,0.0,1.0156632003864838,0.0,0.0,1.5749999999999998e-09
5971.0,1.2537073935658702,0.70376708,0.286697937,0.15302989858406546,1.100677494981805,0.0,0.0,0.0,0.0,0.0,0.0,0.0,0.0,0.0,0.9597343598433984,0.0,0.0,1.5749999999999998e-09
5972.0,1.2843621978149529,0.625171682,0.285300425,0.13593980425184082,1.1484223935631122,0.0,0.0,0.0,0.0,0.0,0.0,0.0,0.0,0.0,0.9019459627905259,0.0,0.0,1.5749999999999998e-09
5973.0,1.303103970899271,0.50258629,0.279043104,0.1092843515619425,1.1938196193373287,0.0,0.0,0.0,0.0,0.0,0.0,0.0,0.0,0.0,0.8115792527474122,0.0,0.0,1.5749999999999998e-09
5974.0,1.3085754209982885,0.356802998,0.267662853,0.07758465570516669,1.2309907652931218,0.0,0.0,0.0,0.0,0.0,0.0,0.0,0.0,0.0,0.6926216652265149,0.0,0.0,1.5749999999999998e-09
5975.0,1.2924191792703408,0.206078577,0.255563341,0.04481054120726778,1.247608638063073,0.0,0.0,0.0,0.0,0.0,0.0,0.0,0.0,0.0,0.5890482383871259,0.0,0.0,1.5749999999999998e-09
5976.0,1.2597840621029135,0.085780295,0.257746225,0.018652406765546945,1.2411316553373668,0.0,0.0,0.0,0.0,0.0,0.0,0.0,0.0,0.0,0.6112129519642344,0.0,0.0,1.5749999999999998e-09
5977.0,1.2355686140870674,0.020163903,0.283856211,0.004384518854091518,1.2311840952329758,0.0,0.0,0.0,0.0,0.0,0.0,0.0,0.0,0.0,0.8088051294197441,0.0,0.0,1.5749999999999998e-09
5978.0,1.196356186071885,0.000903093,0.296668356,0.0001963721153339247,1.196159813956551,0.0,0.0,0.0,0.0,0.0,0.0,0.0,0.0,0.0,0.9359064438271726,0.0,0.0,1.5749999999999998e-09
5979.0,1.138555515414326,0.0,0.291711812,0.0,1.138555515414326,0.0,0.0,0.0,0.0,0.0,0.0,0.0,0.0,0.0,0.9578895512180894,0.0,0.0,1.5749999999999998e-09
5980.0,1.0715096737505077,0.0,0.274199906,0.0,1.0715096737505077,0.0,0.0,0.0,0.0,0.0,0.0,0.0,0.0,0.0,0.8990825907984918,0.0,0.0,1.5749999999999998e-09
5981.0,1.0047530913107146,0.0,0.253650859,0.0,1.0047530913107146,0.0,0.0,0.0,0.0,0.0,0.0,0.0,0.0,0.0,0.8181593521443499,0.0,0.0,1.5749999999999998e-09
5982.0,0.9474886622838843,0.0,0.236464463,0.0,0.9474886622838843,0.0,0.0,0.0,0.0,0.0,0.0,0.0,0.0,0.0,0.7519103215674563,0.0,0.0,1.5749999999999998e-09
5983.0,0.9005552385196826,0.0,0.222761079,0.0,0.9005552385196824,0.0,0.0,0.0,0.0,0.0,0.0,0.0,0.0,0.0,0.7003616455290983,0.0,0.0,1.5749999999999998e-09
5984.0,0.8699449359204329,0.0,0.212103812,0.0,0.8699449359204329,0.0,0.0,0.0,0.0,0.0,0.0,0.0,0.0,0.0,0.6543813751489637,0.0,0.0,1.5749999999999998e-09
5985.0,0.8499148458230255,0.0,0.194217316,0.0,0.8499148458230256,0.0,0.0,0.0,0.0,0.0,0.0,0.0,0.0,0.0,0.5458665974830441,0.0,0.0,1.5749999999999998e-09
5986.0,0.8442965417794471,0.000654759,0.180198961,0.0001423733877506804,0.8441541683916964,0.0,0.0,0.0,0.0,0.0,0.0,0.0,0.0,0.0,0.45088157325573813,0.0,0.0,1.5749999999999998e-09
5987.0,0.8501062024173437,0.011643701,0.166869594,0.0025318524179522312,0.8475743499993915,0.0,0.0,0.0,0.0,0.0,0.0,0.0,0.0,0.0,0.35166723954671203,0.0,0.0,1.5749999999999998e-09
5988.0,0.8576914693842794,0.061799939,0.141589458,0.013438023269959475,0.9650852294494071,0.0,0.0,0.12083178333508711,0.0,0.0,0.0,0.0,0.0,0.0,0.052475625135588504,0.0,0.0,1.5749999999999998e-09
5989.0,0.8886021563700315,0.172808698,0.116918483,0.03757620707320438,0.8402579765384884,0.0,0.0,0.0,0.010767972758338745,0.1087486050015784,0.0,0.0,0.0,0.0,0.0,0.0,0.0,1.7500238382997177e-09
5990.0,0.953834565552434,0.326984199,0.118070314,0.07110073806174888,0.8485358395464637,0.0,0.0,0.0,0.03419798794422131,0.09797915090236692,0.0,0.0,0.0,0.0,0.0,0.0,0.0,1.7500476769241584e-09
5991.0,1.0352699409452781,0.480409535,0.136855106,0.1044621502043944,0.9835364905181017,0.0,0.0,0.052728699777218016,0.0,0.06377982831554577,0.0,0.0,0.0,0.0,0.0,0.0,0.0,1.5750643642859937e-09
5992.0,1.1185232004844083,0.606358255,0.140685877,0.1318489382428358,1.0110670896710372,0.0,0.0,0.024392827429464598,0.0,0.11123478932535462,0.0,0.0,0.0,0.0,0.0,0.0,0.0,1.5750858196325029e-09
5993.0,1.191538907725596,0.686506368,0.145047903,0.14927666106853862,1.0424156587451698,0.0,0.0,0.00015341208811242677,0.0,0.133186818804943,0.0,0.0,0.0,0.0,0.0,0.0,0.0,1.5751072752712744e-09
5994.0,1.24885228806728,0.713274245,0.151653235,0.15509717416020066,1.0898861934140545,0.0,0.0,0.0,0.0038689204930247804,0.13332307545335448,0.0,0.0,0.0,0.0,0.0,0.0,0.0,1.7501430346692358e-09
5995.0,1.2937742482582164,0.686922577,0.157149,0.14936716320038002,1.1293826037329522,0.0,0.0,0.0,0.015024481324884277,0.1294523388733928,0.0,0.0,0.0,0.0,0.0,0.0,0.0,1.7501668749173558e-09
5996.0,1.328006966155277,0.610852132,0.161106334,0.13282610463936473,1.157822773105719,0.0,0.0,0.0,0.03735808841019311,0.1144260941875841,0.0,0.0,0.0,0.0,0.0,0.0,0.0,1.7501907154902246e-09
5997.0,1.352513899227584,0.492578109,0.167747407,0.1071081330843164,1.2055501675932474,0.0,0.0,0.0,0.039855598550020264,0.0770664470994638,0.0,0.0,0.0,0.0,0.0,0.0,0.0,1.7502145563878474e-09
5998.0,1.3649965475105073,0.350727567,0.174905003,0.07626358994888767,1.2569896575483128,0.0,0.0,0.0,0.031743300013306885,0.03720979877342107,0.0,0.0,0.0,0.0,0.0,0.0,0.0,1.7502383976102281e-09
5999.0,1.357224374614199,0.20484306,0.181893874,0.044541885502018125,1.3072165716688846,0.0,0.0,0.0,0.005465917443296386,0.005465991899398243,0.0,0.0,0.0,0.0,0.0,0.0,0.0,1.7502622391573713e-09
6000.0,1.336564589921377,0.088629137,0.192528469,0.01927187024250018,1.3172927196788766,0.0,0.0,0.0,0.0,0.0,0.0,0.0,0.0,0.0,0.06635148812352075,0.0,0.0,1.5749999999999998e-09
6001.0,1.3251522000673999,0.021779179,0.213965462,0.004735750858954937,1.3204164492084451,0.0,0.0,0.0,0.0,0.0,0.0,0.0,0.0,0.0,0.21728898055874413,0.0,0.0,1.5749999999999998e-09
6002.0,1.2819835958805488,0.000847168,0.230140569,0.00018421156204644518,1.2817993843185025,0.0,0.0,0.0,0.0,0.0,0.0,0.0,0.0,0.0,0.37215167513337527,0.0,0.0,1.5749999999999998e-09
6003.0,1.2080355848249333,0.0,0.231552535,0.0,1.2080355848249333,0.0,0.0,0.0,0.0,0.0,0.0,0.0,0.0,0.0,0.45606284964977245,0.0,0.0,1.5749999999999998e-09
6004.0,1.1247155733110166,0.0,0.223730791,0.0,1.1247155733110166,0.0,0.0,0.0,0.0,0.0,0.0,0.0,0.0,0.0,0.48317033926121067,0.0,0.0,1.5749999999999998e-09
6005.0,1.0475812591262517,0.0,0.21059352,0.0,1.4776149504509892,0.0,0.0,0.4300336913247375,0.0,0.0,0.0,0.0,0.0,0.0,0.03585734620306225,0.0,0.0,1.5749999999999998e-09
6006.0,0.984022104978085,0.0,0.197934461,0.0,1.4224954465676425,0.0,0.0,0.43847334158955764,0.0,0.38703032219226374,0.0,0.0,0.0,0.0,0.0,0.0,0.0,1.575021454469746e-09
6007.0,0.9364678859485102,0.0,0.188016303,0.0,1.3512166276997222,0.0,0.0,0.414748741751212,0.0,0.7816510576119258,0.0,0.0,0.0,0.0,0.0,0.0,0.0,1.5750429092317427e-09
6008.0,0.9048028997478119,0.0,0.179047541,0.0,1.2867608323728597,0.0,0.0,0.38195793262504774,0.0,1.154914277771805,0.0,0.0,0.0,0.0,0.0,0.0,0.0,1.5750643642859937e-09
6009.0,0.8937264956002035,0.0,0.166925044,0.0,1.1996400920206785,0.0,0.0,0.305913596420475,0.0,1.4986606852385307,0.0,0.0,0.0,0.0,0.0,0.0,0.0,1.5750858196325029e-09
6010.0,0.9119053260638936,0.000431187,0.160358149,9.37590074272406e-05,1.1524457925116716,0.0,0.0,0.24063422545520521,0.0,1.7739625077107022,0.0,0.0,0.0,0.0,0.0,0.0,0.0,1.5751072752712744e-09
6011.0,0.9685289343329075,0.010487991,0.157892088,0.002280550262567825,1.1347229537208154,0.0,0.0,0.16847456965047572,0.0,1.9905091462352955,0.0,0.0,0.0,0.0,0.0,0.0,0.0,1.575128731202312e-09
6012.0,1.0252237452416537,0.056910616,0.146590895,0.012374869530465522,1.0535046782266753,0.0,0.0,0.040655802515487185,0.0,2.142109144802286,0.0,0.0,0.0,0.0,0.0,0.0,0.0,1.57515018742562e-09
6013.0,1.0703014607070422,0.162947526,0.126947758,0.03543195481423253,0.9123353598693004,0.0,0.0,0.0,0.12253414602350927,2.178670187898087,0.0,0.0,0.0,0.0,0.0,0.0,0.0,1.7501907154902246e-09
6014.0,1.1287029001376059,0.318002237,0.146319378,0.06914766470408924,1.0515533672007207,0.0,0.0,0.0,0.008001868232796142,2.056106364682879,0.0,0.0,0.0,0.0,0.0,0.0,0.0,1.7502145563878474e-09
6015.0,1.200612747629981,0.474229212,0.1766959,0.10311827631659223,1.2698602957125869,0.0,0.0,0.17236582439919823,0.0,2.0480764887860157,0.0,0.0,0.0,0.0,0.0,0.0,0.0,1.5752145578492055e-09
6016.0,1.2738442866229516,0.599096105,0.183452572,0.13026982761151407,1.31841846544914,0.0,0.0,0.1748440064377024,0.0,2.203177832461787,0.0,0.0,0.0,0.0,0.0,0.0,0.0,1.575236015241634e-09
6017.0,1.339081145470375,0.680140125,0.187794349,0.1478923600002768,1.3496215110497343,0.0,0.0,0.15843272557963622,0.0,2.3605074272282383,0.0,0.0,0.0,0.0,0.0,0.0,0.0,1.575257472926353e-09
6018.0,1.394349685751438,0.710050834,0.19540856,0.15439626291776976,1.4043425556924116,0.0,0.0,0.1643891328587434,0.0,2.50306472612589,0.0,0.0,0.0,0.0,0.0,0.0,0.0,1.5752789309033658e-09
6019.0,1.4350573602016758,0.683751308,0.202707993,0.14867758992074778,1.4568013855119728,0.0,0.0,0.17042161523104493,0.0,2.650980849701979,0.0,0.0,0.0,0.0,0.0,0.0,0.0,1.575300389172677e-09
6020.0,1.6023270778249246,0.606315198,0.206454739,0.13183957575838523,1.4837281222586658,0.0,0.0,0.013240620192126466,0.0,2.804324192544079,0.0,0.0,0.0,0.0,0.0,0.0,0.0,1.5753218477342903e-09
6021.0,1.4759608419111776,0.4884721,0.203306363,0.10621530624044745,1.4611016907547405,0.0,0.0,0.0913561550840105,0.0,2.8162025510541397,0.0,0.0,0.0,0.0,0.0,0.0,0.0,1.5753433065882093e-09
6022.0,1.4759096657638135,0.349720022,0.191710839,0.07604450537737165,1.377768146877478,0.0,0.0,0.0,0.022097013508963866,2.8983847291634595,0.0,0.0,0.0,0.0,0.0,0.0,0.0,1.7504052952604874e-09
6023.0,1.4591304039379822,0.204698152,0.178725038,0.044510376133117244,1.2844431002978756,0.0,0.0,0.0,0.1301769275069895,2.8762482347272305,0.0,0.0,0.0,0.0,0.0,0.0,0.0,1.7504291390810913e-09
6024.0,1.4335087107868962,0.087537454,0.173918139,0.019034490371341743,1.2498973627589707,0.0,0.0,0.0,0.16457685765658375,2.7460321278296616,0.0,0.0,0.0,0.0,0.0,0.0,0.0,1.7504529832264928e-09
6025.0,1.414537754955883,0.019728025,0.18402659,0.00428973981706264,1.3225437601912609,0.0,0.0,0.0,0.08770425494755957,2.5814178645472428,0.0,0.0,0.0,0.0,0.0,0.0,0.0,1.7504768276966966e-09
6026.0,1.3605063545406206,0.000687111,0.194907692,0.00014940813464306372,1.4007429680019616,0.0,0.0,0.04038602159598413,0.0,2.4936784462999575,0.0,0.0,0.0,0.0,0.0,0.0,0.0,1.5754506052425363e-09
6027.0,1.275513089992317,0.0,0.195414708,0.0,1.4043867395195295,0.0,0.0,0.1288736495272124,0.0,2.5299918975966516,0.0,0.0,0.0,0.0,0.0,0.0,0.0,1.575472065850376e-09
6028.0,1.1852352812743687,0.0,0.191262165,0.0,1.374543661768777,0.0,0.0,0.1893083804944082,0.0,2.645943719380511,0.0,0.0,0.0,0.0,0.0,0.0,0.0,1.575493526750549e-09
6029.0,1.1015169827442421,0.0,0.184163643,0.0,1.3235287188864444,0.0,0.0,0.22201173614220215,0.0,2.8162852195739165,0.0,0.0,0.0,0.0,0.0,0.0,0.0,1.5755149879430603e-09
6030.0,1.0318255312468732,0.0,0.177787497,0.0,1.277705275076675,0.0,0.0,0.24587974382980188,0.0,3.016057419509523,0.0,0.0,0.0,0.0,0.0,0.0,0.0,1.575536449427913e-09
6031.0,0.9805420929598894,0.0,0.170975181,0.0,1.2287472086458886,0.0,0.0,0.24820511568599926,0.0,3.237308105126994,0.0,0.0,0.0,0.0,0.0,0.0,0.0,1.5755579112051123e-09
6032.0,0.9454482728882088,0.0,0.163993347,0.0,1.178570867328087,0.0,0.0,0.23312259443987818,0.0,3.4606486116045776,0.0,0.0,0.0,0.0,0.0,0.0,0.0,1.5755793732746612e-09
6033.0,0.9299217267556006,0.0,0.150199973,0.0,1.0794420364581327,0.0,0.0,0.1495203097025321,0.0,3.6704118066832754,0.0,0.0,0.0,0.0,0.0,0.0,0.0,1.575600835636564e-09
6034.0,0.945701930792368,0.000381788,0.138717803,8.301749340223925e-05,0.9969231336900313,0.0,0.0,0.05130422039106555,0.0,3.804930088167047,0.0,0.0,0.0,0.0,0.0,0.0,0.0,1.5756222982908245e-09
6035.0,0.9978887470713695,0.010029435,0.12855323,0.0021808400314852414,0.9238734043212559,0.0,0.07183450271862842,0.0,0.0,3.851052056902825,0.0,0.0,0.0,0.0,0.0,0.0,0.0,0.005862048849999999
6036.0,1.0447487443632533,0.055742574,0.115251548,0.012120885856205101,0.8282782159892415,0.0,0.20446621478118568,0.00011657226337890624,0.0,3.8509995990270216,0.0,0.0,0.0,0.0,0.0,0.0,0.0,0.005862048849999999
6037.0,1.079143893032222,0.155989515,0.096557143,0.03391897737050667,0.6939271492046083,0.0,0.21310107291852828,0.0,0.1381966935385786,3.851052056902825,0.0,0.0,0.0,0.0,0.0,0.0,0.0,0.2859711345024502
6038.0,1.1256367529628917,0.302236,0.082522872,0.06571939174599302,0.5930670640403765,0.0,0.21310107291852828,0.0,0.2537492242579938,3.712802905488443,0.0,0.0,0.0,0.0,0.0,0.0,0.0,0.28597502996851326
6039.0,1.1834196229605176,0.451537378,0.095328956,0.09818407414318786,0.6851005385870991,0.0,0.21310107291852828,0.0,0.18703393731170226,3.4590031065431117,0.0,0.0,0.0,0.0,0.0,0.0,0.0,0.28597892548764414
6040.0,1.2396026673959997,0.573978855,0.103743835,0.1248082333860345,0.7455757433616618,0.0,0.21310107291852828,0.0,0.15611761772977528,3.2719220517287932,0.0,0.0,0.0,0.0,0.0,0.0,0.0,0.28598282105983885
6041.0,1.291259917541729,0.653285254,0.108597851,0.1420529305890316,0.7804600966101163,0.0,0.21310107291852828,0.0,0.15564581742405287,3.1157598648584064,0.0,0.0,0.0,0.0,0.0,0.0,0.0,0.2859867166850993
6042.0,1.3385182018498223,0.679917858,0.114425855,0.14784402938431707,0.8223442087081002,0.0,0.21310107291852828,0.0,0.1552288908388766,2.960071605488203,0.0,0.0,0.0,0.0,0.0,0.0,0.0,0.28599061236342344
6043.0,1.3730112541484225,0.655459589,0.120328562,0.14252572659497403,0.864765188801723,0.0,0.21310107291852828,0.0,0.15261926583319715,2.804802393441938,0.0,0.0,0.0,0.0,0.0,0.0,0.0,0.28599450809481547
6044.0,1.3962187450451633,0.582454239,0.124336833,0.12665115441891517,0.893571427075255,0.0,0.21310107291852828,0.0,0.1628950906324647,2.652144921431978,0.0,0.0,0.0,0.0,0.0,0.0,0.0,0.2859984038792754
6045.0,1.4120835017166506,0.46988984,0.124350737,0.10217470609861823,0.8936713509419186,0.0,0.21310107291852828,0.0,0.20313637175758556,2.489213704077037,0.0,0.0,0.0,0.0,0.0,0.0,0.0,0.28600229971680113
6046.0,1.4136010004765098,0.335126432,0.120932076,0.07287121742295719,0.8691024624255405,0.0,0.21310107291852828,0.0,0.2585262477094838,2.286043424997139,0.0,0.0,0.0,0.0,0.0,0.0,0.0,0.2860061956073947
6047.0,1.3941961553094964,0.195977191,0.124511912,0.0426140558656424,0.8948296671969164,0.0,0.21310107291852828,0.0,0.2436513593284093,2.0274860374899335,0.0,0.0,0.0,0.0,0.0,0.0,0.0,0.2860100915510562
6048.0,1.3718163910999446,0.082975975,0.138640416,0.018042624328441094,0.996366976593549,0.0,0.21310107291852828,0.0,0.14430571725942615,1.783807060354967,0.0,0.0,0.0,0.0,0.0,0.0,0.0,0.2860139875477919
6049.0,1.3537866394133256,0.019227575,0.167103552,0.004180919988851301,1.20092297533414,0.0,0.21310107291852828,0.0644183288281941,0.0,1.639477044610907,0.0,0.0,0.0,0.0,0.0,0.0,0.0,0.25741609523783837
6050.0,1.3062657968711064,0.00068008,0.184826045,0.0001478792861823705,1.3282892028569304,0.0,0.21310107291852828,0.23527235819053466,0.0,1.6974312080918232,0.0,0.0,0.0,0.0,0.0,0.0,0.0,0.257419601730427
6051.0,1.2265237000050924,0.0,0.182995601,0.0,1.3151343522965875,0.0,0.21310107291852828,0.30171172521002343,0.0,1.9091532085646172,0.0,0.0,0.0,0.0,0.0,0.0,0.0,0.25742310827078074
6052.0,1.141207799745408,0.0,0.172863995,0.0,1.242321546842678,0.0,0.21310107291852828,0.3142148200157983,0.0,2.180667755341377,0.0,0.0,0.0,0.0,0.0,0.0,0.0,0.2574266148589016
6053.0,1.0625248371457883,0.0,0.159573954,0.0,1.146810018876877,0.0,0.21310107291852828,0.29738625464961693,0.0,2.463431388953633,0.0,0.0,0.0,0.0,0.0,0.0,0.0,0.2574301214947864
6054.0,1.0007857899765689,0.0,0.144852015,0.0,1.041007870598379,0.0,0.21310107291852828,0.25332315354033835,0.0,2.7310454620149374,0.0,0.0,0.0,0.0,0.0,0.0,0.0,0.25743362817843934
6055.0,0.9530290891901989,0.0,0.131817741,0.0,0.9473344631450147,0.0,0.21310107291852828,0.2074064468733441,0.0,2.9589990987192722,0.0,0.0,0.0,0.0,0.0,0.0,0.0,0.25743713490986
6056.0,0.9205653031246465,0.0,0.123274151,0.0,0.8859342511205869,0.0,0.21310107291852828,0.17847002091446873,0.0,3.145624594307259,0.0,0.0,0.0,0.0,0.0,0.0,0.0,0.25744064168904884
6057.0,0.9064249756349095,0.0,0.110361012,0.0,0.7931314044834111,0.0,0.21310107291852828,0.09980750176702988,0.0,3.306204764375744,0.0,0.0,0.0,0.0,0.0,0.0,0.0,0.25744414851600667
6058.0,0.9194282917209884,0.000366346,0.100560171,7.965972382038392e-05,0.7226957076138627,0.0,0.21310107291852828,0.01644814853522302,0.0,3.395986479836632,0.0,0.0,0.0,0.0,0.0,0.0,0.0,0.2574476553907341
6059.0,0.9733150630242007,0.006932536,0.094091761,0.001507438058924812,0.6762091901825569,0.0,0.21310107291852828,0.0,0.08249736186419067,3.4107435544093003,0.0,0.0,0.0,0.0,0.0,0.0,0.0,0.28605684701470196
6060.0,1.020933808196127,0.044853867,0.081886611,0.009753202321019562,0.5884944475755327,0.0,0.21310107291852828,0.0,0.2095850853810464,3.328199732419635,0.0,0.0,0.0,0.0,0.0,0.0,0.0,0.2860607436483337
6061.0,1.0506095811485139,0.140068814,0.064118918,0.030457117149057796,0.46080338124569453,0.0,0.21310107291852828,0.0,0.34624800983523335,3.1185693113002935,0.0,0.0,0.0,0.0,0.0,0.0,0.0,0.286064640335045
6062.0,1.0917956465845846,0.281925171,0.058417895,0.06130292472109566,0.41983184340783714,0.0,0.21310107291852828,0.0,0.3975598055371234,2.7722788212494724,0.0,0.0,0.0,0.0,0.0,0.0,0.0,0.2860685370748364
6063.0,1.1414970589694335,0.428243384,0.064476877,0.09311893591671977,0.4633759249300301,0.0,0.21310107291852828,0.0,0.37190112520415547,2.37468125256193,0.0,0.0,0.0,0.0,0.0,0.0,0.0,0.28607243386770886
6064.0,1.1903618453370512,0.549561315,0.072861285,0.1194987868716105,0.523632143791107,0.0,0.21310107291852828,0.0,0.3341298417558054,2.002747780162156,0.0,0.0,0.0,0.0,0.0,0.0,0.0,0.2860763307136629
6065.0,1.2352170525532762,0.630580591,0.079014177,0.13711593882710463,0.5678511282418365,0.0,0.21310107291852828,0.0,0.31714891256580674,1.6685906575769136,0.0,0.0,0.0,0.0,0.0,0.0,0.0,0.2860802276126994
6066.0,1.2764921212890126,0.662744153,0.085293988,0.1441097110151449,0.6129822413773373,0.0,0.21310107291852828,0.0,0.3062990959780021,1.3514190159697466,0.0,0.0,0.0,0.0,0.0,0.0,0.0,0.28608412456481896
6067.0,1.3082705859468406,0.643134247,0.092084528,0.13984565546082278,0.661783810244799,0.0,0.21310107291852828,0.0,0.29354004732269046,1.0451015113673348,0.0,0.0,0.0,0.0,0.0,0.0,0.0,0.2860880215700224
6068.0,1.3284453051562983,0.576696524,0.099837862,0.12539917408683435,0.7175046900501508,0.0,0.21310107291852828,0.0,0.27244036810078465,0.7515472279853871,0.0,0.0,0.0,0.0,0.0,0.0,0.0,0.28609191862831035
6069.0,1.3433621821859354,0.472810873,0.107908041,0.10280986707226127,0.7755026395860117,0.0,0.21310107291852828,0.0,0.25194860260913404,0.47909662253372703,0.0,0.0,0.0,0.0,0.0,0.0,0.0,0.28609581573968357
6070.0,1.3448774551133593,0.34223482,0.120711063,0.07441689343658402,0.8675141084595666,0.0,0.21310107291852828,0.0,0.18984538029868053,0.22714149381412987,0.0,0.0,0.0,0.0,0.0,0.0,0.0,0.2860997129041429
6071.0,1.3282316982370261,0.202202542,0.143858864,0.043967720819934115,1.0338703930307203,0.0,0.21310107291852828,0.0,0.03729251146783985,0.037293019462163055,0.0,0.0,0.0,0.0,0.0,0.0,0.0,0.28610361012168883
6072.0,1.3061834690688972,0.085820144,0.178497975,0.018661071689783915,1.2828112668013123,0.0,0.004711130577801026,0.0,0.0,0.0,0.0,0.0,0.0,0.0,0.0,0.0,0.0,0.005862048849999999
6073.0,1.291404547653704,0.01888465,0.225822436,0.0041063530199445695,1.2872981946337594,0.0,0.0,0.0,0.0,0.0,0.0,0.0,0.0,0.0,0.33561974153508645,0.0,0.0,1.5749999999999998e-09
6074.0,1.2469698777786427,0.000557649,0.253696874,0.0001212574050998599,1.2468486203735427,0.0,0.0,0.0,0.0,0.0,0.0,0.0,0.0,0.0,0.5763945190484754,0.0,0.0,1.5749999999999998e-09
6075.0,1.1738562679077476,0.0,0.244222755,0.0,1.1738562679077476,0.0,0.0,0.0,0.0,0.0,0.0,0.0,0.0,0.0,0.5812992274039305,0.0,0.0,1.5749999999999998e-09
6076.0,1.091108099344425,0.0,0.218070271,0.0,1.091108099344425,0.0,0.0,0.0,0.0,0.0,0.0,0.0,0.0,0.0,0.47609735827051686,0.0,0.0,1.5749999999999998e-09
6077.0,1.01578276897598,0.0,0.192041082,0.0,1.01578276897598,0.0,0.0,0.0,0.0,0.0,0.0,0.0,0.0,0.0,0.36435873502883936,0.0,0.0,1.5749999999999998e-09
6078.0,0.9551028560731548,0.0,0.170035668,0.0,0.9551028560731548,0.0,0.0,0.0,0.0,0.0,0.0,0.0,0.0,0.0,0.2668923551805713,0.0,0.0,1.5749999999999998e-09
6079.0,0.9085810703200747,0.0,0.155235231,0.0,0.9085810703200747,0.0,0.0,0.0,0.0,0.0,0.0,0.0,0.0,0.0,0.20704785113578125,0.0,0.0,1.5749999999999998e-09
6080.0,0.8751849784402451,0.0,0.147387023,0.0,0.8751849784402451,0.0,0.0,0.0,0.0,0.0,0.0,0.0,0.0,0.0,0.18404123230362537,0.0,0.0,1.5749999999999998e-09
6081.0,0.8617811505054463,0.0,0.138701145,0.0,0.8763083934839684,0.0,0.0,0.014527242978522118,0.0,0.0,0.0,0.0,0.0,0.0,0.12049502416960706,0.0,0.0,1.5749999999999998e-09
6082.0,0.8725371437741842,0.000153793,0.133340828,3.3441358457601025e-05,0.9582804313775316,0.0,0.0,0.08577672896180505,0.0,0.013074518680669906,0.0,0.0,0.0,0.0,0.0,0.0,0.0,1.575021454469746e-09
6083.0,0.9219782227574175,0.008219113,0.132071822,0.0017871964526118128,0.9491604668824809,0.0,0.0,0.028969440577675292,0.0,0.09027339664912336,0.0,0.0,0.0,0.0,0.0,0.0,0.0,1.5750429092317427e-09
6084.0,0.9670915385427473,0.052881076,0.126086445,0.011498670408533826,0.9061453623601273,0.0,0.0,0.0,0.04944750577408618,0.11634466349190398,0.0,0.0,0.0,0.0,0.0,0.0,0.0,1.7500715158733263e-09
6085.0,1.0002250721884511,0.15889918,0.12506141,0.034551666441248095,0.8987787440729135,0.0,0.0,0.0,0.06689466167428967,0.06689557290571511,0.0,0.0,0.0,0.0,0.0,0.0,0.0,1.7500953551472252e-09
6086.0,1.039755684250144,0.317187922,0.13575712,0.06897059682835756,0.9707850874217865,0.0,0.0,0.0,0.0,0.0,0.0,0.0,0.0,0.0,0.004860507910584961,0.0,0.0,1.5749999999999998e-09
6087.0,1.0846998947660345,0.47610954,0.140178481,0.10352714227710971,0.9811727524889247,0.0,0.0,0.0,0.0,0.0,0.0,0.0,0.0,0.0,0.026247834718821778,0.0,0.0,1.5749999999999998e-09
6088.0,1.127888524445329,0.605208824,0.144883908,0.13159900141805655,0.9962895230272724,0.0,0.0,0.0,0.0,0.0,0.0,0.0,0.0,0.0,0.04494755297095544,0.0,0.0,1.5749999999999998e-09
6089.0,1.1664979578550714,0.689624738,0.150228713,0.14995473178029683,1.0165432260747744,0.0,0.0,0.0,0.0,0.0,0.0,0.0,0.0,0.0,0.063105356120406,0.0,0.0,1.5749999999999998e-09
6090.0,1.205080690274914,0.721881732,0.157374961,0.15696882019211458,1.0481118700827994,0.0,0.0,0.0,0.0,0.0,0.0,0.0,0.0,0.0,0.0828946474041195,0.0,0.0,1.5749999999999998e-09
6091.0,1.2365342943888507,0.698686364,0.16600196,0.1519251275933359,1.0846091667955147,0.0,0.0,0.0,0.0,0.0,0.0,0.0,0.0,0.0,0.10839699811532398,0.0,0.0,1.5749999999999998e-09
6092.0,1.2575945919303175,0.62266776,0.174715424,0.1353953415444883,1.1221992503858293,0.0,0.0,0.0,0.0,0.0,0.0,0.0,0.0,0.0,0.13342795990139306,0.0,0.0,1.5749999999999998e-09
6093.0,1.2698280329740272,0.503298234,0.180203212,0.1094391594823663,1.1603888734916612,0.0,0.0,0.0,0.0,0.0,0.0,0.0,0.0,0.0,0.13467741881437426,0.0,0.0,1.5749999999999998e-09
6094.0,1.2687933748650224,0.36047185,0.180763766,0.07838242540118592,1.1904109494638364,0.0,0.0,0.0,0.0,0.0,0.0,0.0,0.0,0.0,0.10868387586533569,0.0,0.0,1.5749999999999998e-09
6095.0,1.2447114307987492,0.210608741,0.172320519,0.04579559799265931,1.1989158328060898,0.0,0.0,0.0,0.0,0.0,0.0,0.0,0.0,0.0,0.03949991546360107,0.0,0.0,1.5749999999999998e-09
6096.0,1.2165220059513009,0.087205431,0.171829232,0.018962293976452715,1.1975597119748482,0.0,0.0,0.0,0.0,0.0,0.0,0.0,0.0,0.0,0.03732530437010791,0.0,0.0,1.5749999999999998e-09
6097.0,1.1969235793574589,0.017333352,0.184923361,0.003769032644553235,1.1931545467129054,0.0,0.0,0.0,0.0,0.0,0.0,0.0,0.0,0.0,0.13583403697027832,0.0,0.0,1.5749999999999998e-09
6098.0,1.1546717051574622,0.000429387,0.190102958,9.336760830488989e-05,1.1545783375491572,0.0,0.0,0.0,0.0,0.0,0.0,0.0,0.0,0.0,0.21163445211782153,0.0,0.0,1.5749999999999998e-09
6099.0,1.0944501567481018,0.0,0.187153018,0.0,1.0944501567481018,0.0,0.0,0.0,0.0,0.0,0.0,0.0,0.0,0.0,0.2505623012714851,0.0,0.0,1.5749999999999998e-09
6100.0,1.028946289001607,0.0,0.182111735,0.0,1.028946289001607,0.0,0.0,0.0,0.0,0.0,0.0,0.0,0.0,0.0,0.2798359841571493,0.0,0.0,1.5749999999999998e-09
6101.0,0.9628661286394966,0.0,0.178313979,0.0,0.9628661286394966,0.0,0.0,0.0,0.0,0.0,0.0,0.0,0.0,0.0,0.3186228142427551,0.0,0.0,1.5749999999999998e-09
6102.0,0.9071592493574123,0.0,0.177671634,0.0,0.9071592493574123,0.0,0.0,0.0,0.0,0.0,0.0,0.0,0.0,0.0,0.36971335318163084,0.0,0.0,1.5749999999999998e-09
6103.0,0.8652233353713407,0.0,0.175953603,0.0,0.8652233353713407,0.0,0.0,0.0,0.0,0.0,0.0,0.0,0.0,0.0,0.39930229503250647,0.0,0.0,1.5749999999999998e-09
6104.0,0.833825357069789,0.0,0.173376112,0.0,0.8338253570697889,0.0,0.0,0.0,0.0,0.0,0.0,0.0,0.0,0.0,0.41217662064343813,0.0,0.0,1.5749999999999998e-09
6105.0,0.8152282130975211,0.0,0.164556959,0.0,0.8152282130975211,0.0,0.0,0.0,0.0,0.0,0.0,0.0,0.0,0.0,0.3673931641800731,0.0,0.0,1.5749999999999998e-09
6106.0,0.8110740058340027,0.00039801,0.155764046,8.654486927044653e-05,0.8109874609647323,0.0,0.0,0.0,0.0,0.0,0.0,0.0,0.0,0.0,0.308441894866099,0.0,0.0,1.5749999999999998e-09
6107.0,0.8195003494831149,0.007811161,0.151025607,0.0016984897555222492,0.8178018597275927,0.0,0.0,0.0,0.0,0.0,0.0,0.0,0.0,0.0,0.26757375999642447,0.0,0.0,1.5749999999999998e-09
6108.0,0.835416283301891,0.048947878,0.141208689,0.010643420272294079,0.824772863029597,0.0,0.0,0.0,0.0,0.0,0.0,0.0,0.0,0.0,0.1900515192606924,0.0,0.0,1.5749999999999998e-09
6109.0,0.8625599248778572,0.155045313,0.137882164,0.03371366635155012,0.828846258526307,0.0,0.0,0.0,0.0,0.0,0.0,0.0,0.0,0.0,0.16207138897163392,0.0,0.0,1.5749999999999998e-09
6110.0,0.9046938709557031,0.311699773,0.145995133,0.06777723199395207,0.8369166389617511,0.0,0.0,0.0,0.0,0.0,0.0,0.0,0.0,0.0,0.21230647693385524,0.0,0.0,1.5749999999999998e-09
6111.0,0.9466653862616409,0.469453761,0.142310878,0.10207988335535402,0.8445855029062869,0.0,0.0,0.0,0.0,0.0,0.0,0.0,0.0,0.0,0.17815998026676869,0.0,0.0,1.5749999999999998e-09
6112.0,0.9831231756511636,0.598605298,0.13816307,0.13016310459537872,0.8529600710557849,0.0,0.0,0.0,0.0,0.0,0.0,0.0,0.0,0.0,0.1399763633875658,0.0,0.0,1.5749999999999998e-09
6113.0,1.0133685667216346,0.684004334,0.139719065,0.14873260889537665,0.8646359578262578,0.0,0.0,0.0,0.0,0.0,0.0,0.0,0.0,0.0,0.13948294474921888,0.0,0.0,1.5749999999999998e-09
6114.0,1.0365137563085345,0.718570375,0.144928654,0.15624878562345354,0.8802649706850808,0.0,0.0,0.0,0.0,0.0,0.0,0.0,0.0,0.0,0.16129368135872546,0.0,0.0,1.5749999999999998e-09
6115.0,1.0551509512656896,0.699444231,0.150275842,0.15208992119259065,0.9030610300730989,0.0,0.0,0.0,0.0,0.0,0.0,0.0,0.0,0.0,0.1769262540720227,0.0,0.0,1.5749999999999998e-09
6116.0,1.0687283351348733,0.628666389,0.153503901,0.13669970716999244,0.9320286279648808,0.0,0.0,0.0,0.0,0.0,0.0,0.0,0.0,0.0,0.17115774544217432,0.0,0.0,1.5749999999999998e-09
6117.0,1.0812265592452197,0.5132211,0.155496432,0.11159682672881276,0.9696297325164069,0.0,0.0,0.0,0.0,0.0,0.0,0.0,0.0,0.0,0.14787636197572412,0.0,0.0,1.5749999999999998e-09
6118.0,1.0897864078438297,0.368991068,0.151761883,0.08023487787247166,1.009551529971358,0.0,0.0,0.0,0.0,0.0,0.0,0.0,0.0,0.0,0.08111548394508838,0.0,0.0,1.5749999999999998e-09
6119.0,1.0844729378517748,0.211824008,0.147681591,0.04605985045778253,1.0384130873939923,0.0,0.0,0.0,0.0,0.0,0.0,0.0,0.0,0.0,0.022930094980727907,0.0,0.0,1.5749999999999998e-09
6120.0,1.0927702282162592,0.080860257,0.172776383,0.01758257423491799,1.0751876539813414,0.0,0.0,0.0,0.0,0.0,0.0,0.0,0.0,0.0,0.16650425176480907,0.0,0.0,1.5749999999999998e-09
6121.0,1.029916419968336,0.014786377,0.229978107,0.00321520832252591,1.02670121164581,0.0,0.0,0.0,0.0,0.0,0.0,0.0,0.0,0.0,0.6260822822691079,0.0,0.0,1.5749999999999998e-09
6122.0,1.0040588695730237,0.0003539,0.271829556,7.695341633328567e-05,1.0039819161566905,0.0,0.0,0.0,0.0,0.0,0.0,0.0,0.0,0.0,0.9495753557753762,0.0,0.0,1.5749999999999998e-09
6123.0,0.9600692141964398,0.0,0.296089856,0.0,0.9600692141964396,0.0,0.0,0.0,0.0,0.0,0.0,0.0,0.0,0.0,1.1678395380590303,0.0,0.0,1.5749999999999998e-09
6124.0,0.9095133751344272,0.0,0.307100965,0.0,0.9095133751344272,0.0,0.0,0.0,0.0,0.0,0.0,0.0,0.0,0.0,1.2975289061438642,0.0,0.0,1.5749999999999998e-09
6125.0,0.8865706673043224,0.0,0.311974097,0.0,0.8865706673043224,0.0,0.0,0.0,0.0,0.0,0.0,0.0,0.0,0.0,1.3554933481656875,0.0,0.0,1.5749999999999998e-09
6126.0,0.8396394683726311,0.0,0.313047258,0.0,0.8396394683726311,0.0,0.0,0.0,0.0,0.0,0.0,0.0,0.0,0.0,1.4101370324737073,0.0,0.0,1.5749999999999998e-09
6127.0,0.802718863824698,0.0,0.310971623,0.0,0.802718863824698,0.0,0.0,0.0,0.0,0.0,0.0,0.0,0.0,0.0,1.4321406724803498,0.0,0.0,1.5749999999999998e-09
6128.0,0.7755996974061963,0.0,0.308726212,0.0,0.7755996974061963,0.0,0.0,0.0,0.0,0.0,0.0,0.0,0.0,0.0,1.4431227453021338,0.0,0.0,1.5749999999999998e-09
6129.0,0.7574319921049831,0.0,0.292746942,0.0,0.7574319921049831,0.0,0.0,0.0,0.0,0.0,0.0,0.0,0.0,0.0,1.3464522425437866,0.0,0.0,1.5749999999999998e-09
6130.0,0.751464351360124,0.000138036,0.280222522,3.0015094029334333e-05,0.7514343362660947,0.0,0.0,0.0,0.0,0.0,0.0,0.0,0.0,0.0,1.2624406582994097,0.0,0.0,1.5749999999999998e-09
6131.0,0.7544370465700766,0.006975125,0.272817045,0.0015166987796035865,0.7529203477904729,0.0,0.0,0.0,0.0,0.0,0.0,0.0,0.0,0.0,1.20773371061798,0.0,0.0,1.5749999999999998e-09
6132.0,0.7649616322596091,0.055925959,0.255287355,0.012160761816234145,0.752800870443375,0.0,0.0,0.0,0.0,0.0,0.0,0.0,0.0,0.0,1.0818725776218272,0.0,0.0,1.5749999999999998e-09
6133.0,0.7910995425489049,0.173402797,0.212454348,0.03770539031053184,0.753394152238373,0.0,0.0,0.0,0.0,0.0,0.0,0.0,0.0,0.0,0.7734513556466704,0.0,0.0,1.5749999999999998e-09
6134.0,0.8289724774036341,0.337424755,0.205458329,0.073370973870223,0.7556015035334112,0.0,0.0,0.0,0.0,0.0,0.0,0.0,0.0,0.0,0.7209657197046718,0.0,0.0,1.5749999999999998e-09
6135.0,0.8664582494047058,0.500201514,0.245452937,0.10876579643227416,0.7576924529724316,0.0,0.0,0.0,0.0,0.0,0.0,0.0,0.0,0.0,1.006303990421801,0.0,0.0,1.5749999999999998e-09
6136.0,0.9003928087476991,0.63158531,0.270396583,0.13733440890199858,0.7630583998457006,0.0,0.0,0.0,0.0,0.0,0.0,0.0,0.0,0.0,1.180200526071953,0.0,0.0,1.5749999999999998e-09
6137.0,0.9362097773794054,0.717471185,0.290404444,0.15600977340051092,0.7802000039788946,0.0,0.0,0.0,0.0,0.0,0.0,0.0,0.0,0.0,1.306849402001037,0.0,0.0,1.5749999999999998e-09
6138.0,0.9680616695094763,0.75015266,0.309701396,0.1631161626405812,0.804945506868895,0.0,0.0,0.0,0.0,0.0,0.0,0.0,0.0,0.0,1.4207852899812925,0.0,0.0,1.5749999999999998e-09
6139.0,0.9959840864577779,0.725034293,0.325389721,0.15765432553020184,0.8383297609275762,0.0,0.0,0.0,0.0,0.0,0.0,0.0,0.0,0.0,1.5001483097627808,0.0,0.0,1.5749999999999998e-09
6140.0,1.0204153672253315,0.644745758,0.336327687,0.14019606878918864,0.880219298436143,0.0,0.0,0.0,0.0,0.0,0.0,0.0,0.0,0.0,1.5368666445322583,0.0,0.0,1.5749999999999998e-09
6141.0,1.045672148847639,0.517164109,0.346661218,0.11245421020771328,0.9332179386399257,0.0,0.0,0.0,0.0,0.0,0.0,0.0,0.0,0.0,1.5581319840326748,0.0,0.0,1.5749999999999998e-09
6142.0,1.067012805283165,0.359322753,0.351088273,0.07813256120268824,0.9888802440804767,0.0,0.0,0.0,0.0,0.0,0.0,0.0,0.0,0.0,1.5342855915331484,0.0,0.0,1.5749999999999998e-09
6143.0,1.0713583691410014,0.193324228,0.360282091,0.042037185093515235,1.029321184047486,0.0,0.0,0.0,0.0,0.0,0.0,0.0,0.0,0.0,1.559917856684128,0.0,0.0,1.5749999999999998e-09
6144.0,1.066590042109566,0.069138361,0.420474834,0.015033718786758974,1.051556323322807,0.0,0.0,0.0,0.0,0.0,0.0,0.0,0.0,0.0,1.9702698596443189,0.0,0.0,1.5749999999999998e-09
6145.0,1.067248662527391,0.012999216,0.481113093,0.0028266009631373505,1.0644220615642535,0.0,0.0,0.0,0.0,0.0,0.0,0.0,0.0,0.0,2.393193053150787,0.0,0.0,1.5749999999999998e-09
6146.0,1.0368297165224596,0.00027679,0.498120011,6.0186312819695226e-05,1.0367695302096398,0.0,0.0,0.0,0.0,0.0,0.0,0.0,0.0,0.0,2.5430691896973703,0.0,0.0,1.5749999999999998e-09
6147.0,0.9813475693221243,0.0,0.503744575,0.0,0.9813475693221243,0.0,0.0,0.0,0.0,0.0,0.0,0.0,0.0,0.0,2.6389132005831843,0.0,0.0,1.5749999999999998e-09
6148.0,0.9366681418728702,0.0,0.494808334,0.0,0.9366681418728701,0.0,0.0,0.0,0.0,0.0,0.0,0.0,0.0,0.0,2.6193705513525676,0.0,0.0,1.5749999999999998e-09
6149.0,0.8630561155236985,0.0,0.474462723,0.0,0.8630561155236985,0.0,0.0,0.0,0.0,0.0,0.0,0.0,0.0,0.0,2.5467647899606916,0.0,0.0,1.5749999999999998e-09
6150.0,0.8175645382146027,0.0,0.453950754,0.0,0.8175645382146027,0.0,0.0,0.0,0.0,0.0,0.0,0.0,0.0,0.0,2.444843014611421,0.0,0.0,1.5749999999999998e-09
6151.0,0.7831916398705882,0.0,0.433022759,0.0,0.7831916398705882,0.0,0.0,0.0,0.0,0.0,0.0,0.0,0.0,0.0,2.328812706546167,0.0,0.0,1.5749999999999998e-09
6152.0,0.7622870976035733,0.0,0.412684608,0.0,0.7622870976035733,0.0,0.0,0.0,0.0,0.0,0.0,0.0,0.0,0.0,2.2035530738486964,0.0,0.0,1.5749999999999998e-09
6153.0,0.7563951091634674,0.0,0.384724265,0.0,0.7563951091634674,0.0,0.0,0.0,0.0,0.0,0.0,0.0,0.0,0.0,2.0085024856347578,0.0,0.0,1.5749999999999998e-09
6154.0,0.776821261444574,0.000202905,0.35969774,4.412046606698313e-05,0.7767771409785069,0.0,0.0,0.0,0.0,0.0,0.0,0.0,0.0,0.0,1.8082623448474189,0.0,0.0,1.5749999999999998e-09
6155.0,0.8311352465863305,0.009431654,0.337261712,0.0020508561655086157,0.8290843904208219,0.0,0.0,0.0,0.0,0.0,0.0,0.0,0.0,0.0,1.5947141093341435,0.0,0.0,1.5749999999999998e-09
6156.0,0.8807187298491038,0.063314957,0.295925588,0.013767454778595875,0.866951275070508,0.0,0.0,0.0,0.0,0.0,0.0,0.0,0.0,0.0,1.259776932469119,0.0,0.0,1.5749999999999998e-09
6157.0,0.9124549186895344,0.180099264,0.255137817,0.03916149659200432,0.8732934220975301,0.0,0.0,0.0,0.0,0.0,0.0,0.0,0.0,0.0,0.9603053413320904,0.0,0.0,1.5749999999999998e-09
6158.0,0.9490951643434088,0.340069982,0.298852698,0.07394616249589987,0.8751490018475089,0.0,0.0,0.0,0.0,0.0,0.0,0.0,0.0,0.0,1.2726154649951542,0.0,0.0,1.5749999999999998e-09
6159.0,0.9897538874787931,0.497368071,0.33597838,0.10814968137481262,0.8816042061039805,0.0,0.0,0.0,0.0,0.0,0.0,0.0,0.0,0.0,1.5329713725021783,0.0,0.0,1.5749999999999998e-09
6160.0,1.0247053042708583,0.623555845,0.356493632,0.13558845026091762,0.8891168540099407,0.0,0.0,0.0,0.0,0.0,0.0,0.0,0.0,0.0,1.6728956711882907,0.0,0.0,1.5749999999999998e-09
6161.0,1.0542586974362242,0.703121223,0.378757043,0.15288946088241875,0.9013692365538054,0.0,0.0,0.0,0.0,0.0,0.0,0.0,0.0,0.0,1.820643728247331,0.0,0.0,1.5749999999999998e-09
6162.0,1.0868203881313334,0.72593579,0.40961966,0.1578503506049806,0.9289700375263528,0.0,0.0,0.0,0.0,0.0,0.0,0.0,0.0,0.0,2.01484327436877,0.0,0.0,1.5749999999999998e-09
6163.0,1.120819473616678,0.691058464,0.444589515,0.15026648683479205,0.9705529867818863,0.0,0.0,0.0,0.0,0.0,0.0,0.0,0.0,0.0,2.2245781565475045,0.0,0.0,1.5749999999999998e-09
6164.0,1.1467126253318565,0.604205896,0.477066418,0.13138092078528935,1.015331704546567,0.0,0.0,0.0,0.0,0.0,0.0,0.0,0.0,0.0,2.4132011738961396,0.0,0.0,1.5749999999999998e-09
6165.0,1.1697020596443044,0.474809056,0.502288997,0.10324435989031464,1.0664576997539899,0.0,0.0,0.0,0.0,0.0,0.0,0.0,0.0,0.0,2.543342268799886,0.0,0.0,1.5749999999999998e-09
6166.0,1.180974270051252,0.320114825,0.510427167,0.06960703419802736,1.1113672358532245,0.0,0.0,0.0,0.0,0.0,0.0,0.0,0.0,0.0,2.556919313106644,0.0,0.0,1.5749999999999998e-09
6167.0,1.1731353451801567,0.163984027,0.518649273,0.035657335692963435,1.1374780094871935,0.0,0.0,0.0,0.0,0.0,0.0,0.0,0.0,0.0,2.589898342668676,0.0,0.0,1.5749999999999998e-09
6168.0,1.156990228614686,0.055635512,0.560272095,0.012097605871295594,1.1448926227433904,0.0,0.0,0.0,0.0,0.0,0.0,0.0,0.0,0.0,2.8816144339354044,0.0,0.0,1.5749999999999998e-09
6169.0,1.1481700476143852,0.009455383,0.599839792,0.0020560158931609823,1.1461140317212244,0.0,0.0,0.0,0.0,0.0,0.0,0.0,0.0,0.0,3.164754164141253,0.0,0.0,1.5749999999999998e-09
6170.0,1.1104016908868193,0.000212332,0.597262179,4.617031024831651e-05,1.110355520576571,0.0,0.0,0.0,0.0,0.0,0.0,0.0,0.0,0.0,3.1819881458179755,0.0,0.0,1.5749999999999998e-09
6171.0,1.0453717644611367,0.0,0.57524019,0.0,1.0453717644611367,0.0,0.0,0.0,0.0,0.0,0.0,0.0,0.0,0.0,3.0887064896419005,0.0,0.0,1.5749999999999998e-09
6172.0,0.9743230201433063,0.0,0.548111597,0.0,0.9743230201433063,0.0,0.0,0.0,0.0,0.0,0.0,0.0,0.0,0.0,2.9647901944243116,0.0,0.0,1.5749999999999998e-09
6173.0,0.9093153430426528,0.0,0.52002036,0.0,0.9093153430426528,0.0,0.0,0.0,0.0,0.0,0.0,0.0,0.0,0.0,2.8279145990565464,0.0,0.0,1.5749999999999998e-09
6174.0,0.859010937052289,0.0,0.490787507,0.0,0.859010937052289,0.0,0.0,0.0,0.0,0.0,0.0,0.0,0.0,0.0,2.6681312817035696,0.0,0.0,1.5749999999999998e-09
6175.0,0.8225998741451094,0.0,0.463499312,0.0,0.8225998741451094,0.0,0.0,0.0,0.0,0.0,0.0,0.0,0.0,0.0,2.5084302934982863,0.0,0.0,1.5749999999999998e-09
6176.0,0.7975700494370614,0.0,0.43649401,0.0,0.7975700494370614,0.0,0.0,0.0,0.0,0.0,0.0,0.0,0.0,0.0,2.3393811340107313,0.0,0.0,1.5749999999999998e-09
6177.0,0.7912797729808214,0.0,0.41209049,0.0,0.7912797729808214,0.0,0.0,0.0,0.0,0.0,0.0,0.0,0.0,0.0,2.1702906510739806,0.0,0.0,1.5749999999999998e-09
6178.0,0.8110562051740696,0.000301375,0.396606821,6.553217249913526e-05,0.8109906730015705,0.0,0.0,0.0,0.0,0.0,0.0,0.0,0.0,0.0,2.039303278339061,0.0,0.0,1.5749999999999998e-09
6179.0,0.8655326200878096,0.010050099,0.382025909,0.002185333293409828,0.8633472867943998,0.0,0.0,0.0,0.0,0.0,0.0,0.0,0.0,0.0,1.8821580349058198,0.0,0.0,1.5749999999999998e-09
6180.0,0.9154009129095872,0.059877206,0.353465196,0.013019936598451288,0.902380976311136,0.0,0.0,0.0,0.0,0.0,0.0,0.0,0.0,0.0,1.6378670900937298,0.0,0.0,1.5749999999999998e-09
6181.0,0.9461424946258997,0.169231184,0.308825697,0.036798298273316966,0.9093441963525828,0.0,0.0,0.0,0.0,0.0,0.0,0.0,0.0,0.0,1.3100932151327196,0.0,0.0,1.5749999999999998e-09
6182.0,0.9823110247913972,0.321625965,0.39389131,0.06993562245899905,0.9123754023323982,0.0,0.0,0.0,0.0,0.0,0.0,0.0,0.0,0.0,1.9184029880842346,0.0,0.0,1.5749999999999998e-09
6183.0,1.0280607106695978,0.476936696,0.527080146,0.10370700235069144,0.9243537083189064,0.0,0.0,0.0,0.0,0.0,0.0,0.0,0.0,0.0,2.8636127926796657,0.0,0.0,1.5749999999999998e-09
6184.0,1.068519177880622,0.603114214,0.591206891,0.13114354113157486,0.9373756367490471,0.0,0.0,0.0,0.0,0.0,0.0,0.0,0.0,0.0,3.311450495790413,0.0,0.0,1.5749999999999998e-09
6185.0,1.1049213414577599,0.68405647,0.652600846,0.14874394555351156,0.9561773959042482,0.0,0.0,0.0,0.0,0.0,0.0,0.0,0.0,0.0,3.7338686282753986,0.0,0.0,1.5749999999999998e-09
6186.0,1.141833044675802,0.709191598,0.72351727,0.1542094272420519,0.9876236174337502,0.0,0.0,0.0,0.0,0.0,0.0,0.0,0.0,0.0,4.2120774194061745,0.0,0.0,1.5749999999999998e-09
6187.0,1.175304788860385,0.68139101,0.786062788,0.14816435738425549,1.0271404314761294,0.0,0.0,0.0,0.0,0.0,0.0,0.0,0.0,0.0,4.622056433976552,0.0,0.0,1.5749999999999998e-09
6188.0,1.2020657192475641,0.599555582,0.821569798,0.13036973810848093,1.0716959811390832,0.0,0.0,0.0,0.0,0.0,0.0,0.0,0.0,0.0,4.832679087194763,0.0,0.0,1.5749999999999998e-09
6189.0,1.1478518625679497,0.472176563,0.826726846,0.10267194019598444,1.0451799223719653,0.0,0.0,0.0,0.0,0.0,0.0,0.0,0.0,0.0,4.896257299063814,0.0,0.0,1.5749999999999998e-09
6190.0,1.303103970899271,0.317706225,0.798046216,0.06908329868353075,1.2340206722157403,0.0,0.0,0.0,0.0,0.0,0.0,0.0,0.0,0.0,4.501297486508209,0.0,0.0,1.5749999999999998e-09
6191.0,1.2144704903932237,0.165650132,0.753106949,0.03601962015671017,1.1784508702365135,0.0,0.0,0.0,0.0,0.0,0.0,0.0,0.0,0.0,4.233902291100813,0.0,0.0,1.5749999999999998e-09
6192.0,1.1951012465460764,0.056766783,0.715722457,0.012343593913818264,1.182757652632258,0.0,0.0,0.0,0.0,0.0,0.0,0.0,0.0,0.0,3.960924407303255,0.0,0.0,1.5749999999999998e-09
6193.0,1.184910420730477,0.008617062,0.68474054,0.0018737280578008909,1.1830366926726763,0.0,0.0,0.0,0.0,0.0,0.0,0.0,0.0,0.0,3.7379876469458235,0.0,0.0,1.5749999999999998e-09
6194.0,1.1448880676879638,0.000127647,0.646042066,2.7756068761500183e-05,1.1448603116192024,0.0,0.0,0.0,0.0,0.0,0.0,0.0,0.0,0.0,3.4980497331160225,0.0,0.0,1.5749999999999998e-09
6195.0,1.0789770125952927,0.0,0.613727689,0.0,1.0789770125952927,0.0,0.0,0.0,0.0,0.0,0.0,0.0,0.0,0.0,3.3316993225123275,0.0,0.0,1.5749999999999998e-09
6196.0,1.005300459103845,0.0,0.578556346,0.0,1.005300459103845,0.0,0.0,0.0,0.0,0.0,0.0,0.0,0.0,0.0,3.1526100109067996,0.0,0.0,1.5749999999999998e-09
6197.0,0.9340803846840645,0.0,0.550191084,0.0,0.9340803846840644,0.0,0.0,0.0,0.0,0.0,0.0,0.0,0.0,0.0,3.019977477590436,0.0,0.0,1.5749999999999998e-09
6198.0,0.8812060201649787,0.0,0.526567436,0.0,0.8812060201649787,0.0,0.0,0.0,0.0,0.0,0.0,0.0,0.0,0.0,2.903075788250376,0.0,0.0,1.5749999999999998e-09
6199.0,0.8420892709469179,0.0,0.496031052,0.0,0.8420892709469179,0.0,0.0,0.0,0.0,0.0,0.0,0.0,0.0,0.0,2.7227367288377153,0.0,0.0,1.5749999999999998e-09
6200.0,0.8135371594032016,0.0,0.461394676,0.0,0.8135371594032016,0.0,0.0,0.0,0.0,0.0,0.0,0.0,0.0,0.0,2.502367622233346,0.0,0.0,1.5749999999999998e-09
6201.0,0.8056225812274286,0.0,0.416846594,0.0,0.8056225812274286,0.0,0.0,0.0,0.0,0.0,0.0,0.0,0.0,0.0,2.190128531976809,0.0,0.0,1.5749999999999998e-09
6202.0,0.8209666710956852,0.000243551,0.376013901,5.2958693137575755e-05,0.8209137124025476,0.0,0.0,0.0,0.0,0.0,0.0,0.0,0.0,0.0,1.8813851157870334,0.0,0.0,1.5749999999999998e-09
6203.0,0.8749624711910065,0.008541007,0.348796266,0.0018571903576617892,0.8731052808333447,0.0,0.0,0.0,0.0,0.0,0.0,0.0,0.0,0.0,1.6335885897443325,0.0,0.0,1.5749999999999998e-09
6204.0,0.9249798437897802,0.052021524,0.315735411,0.011311766020525608,0.9136680777692545,0.0,0.0,0.0,0.0,0.0,0.0,0.0,0.0,0.0,1.3554273702824278,0.0,0.0,1.5749999999999998e-09
6205.0,0.957143246468755,0.15668177,0.284043604,0.034069504036863825,0.9230737424318912,0.0,0.0,0.0,0.0,0.0,0.0,0.0,0.0,0.0,1.1182622193573124,0.0,0.0,1.5749999999999998e-09
6206.0,1.000124943726309,0.30851617,0.34296236,0.06708497676055591,0.933039966965753,0.0,0.0,0.0,0.0,0.0,0.0,0.0,0.0,0.0,1.5317273756148433,0.0,0.0,1.5749999999999998e-09
6207.0,1.0511769744340878,0.462650395,0.44432364,0.100600532532337,0.9505764419017507,0.0,0.0,0.0,0.0,0.0,0.0,0.0,0.0,0.0,2.2426439377589715,0.0,0.0,1.5749999999999998e-09
6208.0,1.0914151592283836,0.587990059,0.47486539,0.1278548850241882,0.9635602742041954,0.0,0.0,0.0,0.0,0.0,0.0,0.0,0.0,0.0,2.4491544779155365,0.0,0.0,1.5749999999999998e-09
6209.0,1.1313551854686124,0.6703799,0.495599373,0.14577005805641824,0.9855851274121941,0.0,0.0,0.0,0.0,0.0,0.0,0.0,0.0,0.0,2.5761385252178486,0.0,0.0,1.5749999999999998e-09
6210.0,1.1743546833860994,0.702186023,0.526584679,0.15268610729396187,1.0216685760921373,0.0,0.0,0.0,0.0,0.0,0.0,0.0,0.0,0.0,2.762737152578747,0.0,0.0,1.5749999999999998e-09
6211.0,1.2102962566373372,0.679063444,0.560691518,0.1476582422233592,1.062638014413978,0.0,0.0,0.0,0.0,0.0,0.0,0.0,0.0,0.0,2.9668833092331433,0.0,0.0,1.5749999999999998e-09
6212.0,1.2400632577219,0.600352465,0.587570321,0.13054301550115657,1.1095202422207433,0.0,0.0,0.0,0.0,0.0,0.0,0.0,0.0,0.0,3.1131709553509013,0.0,0.0,1.5749999999999998e-09
6213.0,1.2591499168425533,0.476945143,0.60269556,0.10370883909979506,1.155441077742758,0.0,0.0,0.0,0.0,0.0,0.0,0.0,0.0,0.0,3.1759506639233663,0.0,0.0,1.5749999999999998e-09
6214.0,1.2650152042927594,0.328933842,0.597575052,0.07152467615013622,1.1934905281426231,0.0,0.0,0.0,0.0,0.0,0.0,0.0,0.0,0.0,3.1011016624129284,0.0,0.0,1.5749999999999998e-09
6215.0,1.249277277073314,0.178204738,0.575886735,0.038749543362187326,1.2105277337111267,0.0,0.0,0.0,0.0,0.0,0.0,0.0,0.0,0.0,2.928197044872056,0.0,0.0,1.5749999999999998e-09
6216.0,1.2301883921202255,0.065813934,0.562591048,0.014310842225581762,1.2158775498946435,0.0,0.0,0.0,0.0,0.0,0.0,0.0,0.0,0.0,2.827295124618655,0.0,0.0,1.5749999999999998e-09
6217.0,1.2140455013871898,0.011447423,0.55553826,0.0024891729529873696,1.2115563284342024,0.0,0.0,0.0,0.0,0.0,0.0,0.0,0.0,0.0,2.7809300797012217,0.0,0.0,1.5749999999999998e-09
6218.0,1.1703072790822546,0.000143915,0.5402925,3.12934470517231e-05,1.170275985635203,0.0,0.0,0.0,0.0,0.0,0.0,0.0,0.0,0.0,2.712643730222906,0.0,0.0,1.5749999999999998e-09
6219.0,1.101944195582862,0.0,0.526122256,0.0,1.1019441955828622,0.0,0.0,0.0,0.0,0.0,0.0,0.0,0.0,0.0,2.679138238051044,0.0,0.0,1.5749999999999998e-09
6220.0,1.0253283233688173,0.0,0.506130973,0.0,1.0253283233688173,0.0,0.0,0.0,0.0,0.0,0.0,0.0,0.0,0.0,2.612082771303325,0.0,0.0,1.5749999999999998e-09
6221.0,0.9541928015837565,0.0,0.478991369,0.0,0.9541928015837565,0.0,0.0,0.0,0.0,0.0,0.0,0.0,0.0,0.0,2.4881741208072943,0.0,0.0,1.5749999999999998e-09
6222.0,0.8997497631573722,0.0,0.454175411,0.0,0.8997497631573722,0.0,0.0,0.0,0.0,0.0,0.0,0.0,0.0,0.0,2.364272331966769,0.0,0.0,1.5749999999999998e-09
6223.0,0.8577582213590661,0.0,0.432664314,0.0,0.857758221359066,0.0,0.0,0.0,0.0,0.0,0.0,0.0,0.0,0.0,2.251670088637508,0.0,0.0,1.5749999999999998e-09
6224.0,0.8319963487609506,0.0,0.407722473,0.0,0.8319963487609506,0.0,0.0,0.0,0.0,0.0,0.0,0.0,0.0,0.0,2.0981824507043862,0.0,0.0,1.5749999999999998e-09
6225.0,0.8214806634013846,0.0,0.374291453,0.0,0.8214806634013846,0.0,0.0,0.0,0.0,0.0,0.0,0.0,0.0,0.0,1.8684394490023204,0.0,0.0,1.5749999999999998e-09
6226.0,0.8394347617833255,0.000228207,0.341136898,4.9622233063492855e-05,0.8393851395502621,0.0,0.0,0.0,0.0,0.0,0.0,0.0,0.0,0.0,1.6122631566057588,0.0,0.0,1.5749999999999998e-09
6227.0,0.8930100225376338,0.008035061,0.314461909,0.0017471754574635396,0.8912628470801703,0.0,0.0,0.0,0.0,0.0,0.0,0.0,0.0,0.0,1.3686803250765385,0.0,0.0,1.5749999999999998e-09
6228.0,0.9401103267387646,0.051427721,0.278006756,0.011182647146609376,0.9289276795921553,0.0,0.0,0.0,0.0,0.0,0.0,0.0,0.0,0.0,1.0690232710765193,0.0,0.0,1.5749999999999998e-09
6229.0,0.971581732512559,0.155993355,0.260438061,0.03391981235530102,0.9376619201572579,0.0,0.0,0.0,0.0,0.0,0.0,0.0,0.0,0.0,0.9340281029631019,0.0,0.0,1.5749999999999998e-09
6230.0,1.0138514073724887,0.312862394,0.31921601,0.06803003690452233,0.9458213704679663,0.0,0.0,0.0,0.0,0.0,0.0,0.0,0.0,0.0,1.3482880958795387,0.0,0.0,1.5749999999999998e-09
6231.0,1.0629030986695545,0.473823791,0.34094127,0.10303011997015749,0.959872978699397,0.0,0.0,0.0,0.0,0.0,0.0,0.0,0.0,0.0,1.4903693978516435,0.0,0.0,1.5749999999999998e-09
6232.0,1.1107999789029535,0.60479288,0.33965866,0.13150855690886373,0.9792914219940896,0.0,0.0,0.0,0.0,0.0,0.0,0.0,0.0,0.0,1.461733222205018,0.0,0.0,1.5749999999999998e-09
6233.0,1.1560401241403253,0.689978678,0.340304851,0.1500316938943884,1.0060084302459367,0.0,0.0,0.0,0.0,0.0,0.0,0.0,0.0,0.0,1.439660194341775,0.0,0.0,1.5749999999999998e-09
6234.0,1.2030625502042678,0.722223708,0.352328087,0.15704318080670623,1.0460193693975615,0.0,0.0,0.0,0.0,0.0,0.0,0.0,0.0,0.0,1.4860566365859962,0.0,0.0,1.5749999999999998e-09
6235.0,1.2420702716301444,0.699330765,0.369858962,0.15206524869658142,1.090005022933563,0.0,0.0,0.0,0.0,0.0,0.0,0.0,0.0,0.0,1.5680601096318814,0.0,0.0,1.5749999999999998e-09
6236.0,1.2718973491920376,0.620986508,0.379753362,0.13502976345712697,1.1368675857349106,0.0,0.0,0.0,0.0,0.0,0.0,0.0,0.0,0.0,1.5923056240971742,0.0,0.0,1.5749999999999998e-09
6237.0,1.292810791789019,0.498238292,0.372490374,0.10833890567239661,1.1844718861166226,0.0,0.0,0.0,0.0,0.0,0.0,0.0,0.0,0.0,1.4925044131508316,0.0,0.0,1.5749999999999998e-09
6238.0,1.2967469424682443,0.346047416,0.352670871,0.07524591939673834,1.2215010230715062,0.0,0.0,0.0,0.0,0.0,0.0,0.0,0.0,0.0,1.3130384684349499,0.0,0.0,1.5749999999999998e-09
6239.0,1.2761828365725436,0.189864878,0.336257519,0.0412849703413464,1.2348978662311973,0.0,0.0,0.0,0.0,0.0,0.0,0.0,0.0,0.0,1.1816838004227592,0.0,0.0,1.5749999999999998e-09
6240.0,1.2519718382217182,0.071252712,0.333801067,0.015493471634393047,1.2364783665873251,0.0,0.0,0.0,0.0,0.0,0.0,0.0,0.0,0.0,1.1624495182690697,0.0,0.0,1.5749999999999998e-09
6241.0,1.247123408220584,0.012577005,0.356046532,0.002734793732666899,1.244388614487917,0.0,0.0,0.0,0.0,0.0,0.0,0.0,0.0,0.0,1.3144107374662661,0.0,0.0,1.5749999999999998e-09
6242.0,1.190308443357252,0.000145754,0.364654102,3.169332648839141e-05,1.1902767500307636,0.0,0.0,0.0,0.0,0.0,0.0,0.0,0.0,0.0,1.430382618967203,0.0,0.0,1.5749999999999998e-09
6243.0,1.1191328695873797,0.0,0.365331554,0.0,1.1191328695873797,0.0,0.0,0.0,0.0,0.0,0.0,0.0,0.0,0.0,1.5063951432051013,0.0,0.0,1.5749999999999998e-09
6244.0,1.038578621861599,0.0,0.357625108,0.0,1.038578621861599,0.0,0.0,0.0,0.0,0.0,0.0,0.0,0.0,0.0,1.5315654810809474,0.0,0.0,1.5749999999999998e-09
6245.0,0.9648620173852641,0.0,0.341551777,0.0,0.9648620173852641,0.0,0.0,0.0,0.0,0.0,0.0,0.0,0.0,0.0,1.4897678893775956,0.0,0.0,1.5749999999999998e-09
6246.0,0.9064516766248093,0.0,0.319307083,0.0,0.9064516766248093,0.0,0.0,0.0,0.0,0.0,0.0,0.0,0.0,0.0,1.3883123039854006,0.0,0.0,1.5749999999999998e-09
6247.0,0.8641553007749799,0.0,0.300956279,0.0,0.8641553007749799,0.0,0.0,0.0,0.0,0.0,0.0,0.0,0.0,0.0,1.2987269701067996,0.0,0.0,1.5749999999999998e-09
6248.0,0.8350113197883006,0.0,0.286795991,0.0,0.8350113197883006,0.0,0.0,0.0,0.0,0.0,0.0,0.0,0.0,0.0,1.2261052196472177,0.0,0.0,1.5749999999999998e-09
6249.0,0.9709898630695961,0.0,0.268670196,0.0,0.9709898630695961,0.0,0.0,0.0,0.0,0.0,0.0,0.0,0.0,0.0,0.9598620386537529,0.0,0.0,1.5749999999999998e-09
6250.0,0.842411906658299,0.000180981,0.25264795,3.9353224756751555e-05,0.8423725534335423,0.0,0.0,0.0,0.0,0.0,0.0,0.0,0.0,0.0,0.9733322846423773,0.0,0.0,1.5749999999999998e-09
6251.0,1.0392550439392818,0.007924281,0.237195069,0.0017230870159224223,1.0375319569233594,0.0,0.0,0.0,0.0,0.0,0.0,0.0,0.0,0.0,0.6671176725355441,0.0,0.0,1.5749999999999998e-09
6252.0,0.9416189251686572,0.051770668,0.209774764,0.01125721889928316,0.930361706269374,0.0,0.0,0.0,0.0,0.0,0.0,0.0,0.0,0.0,0.5772264372363789,0.0,0.0,1.5749999999999998e-09
6253.0,0.9752820249476335,0.153624545,0.196881254,0.03340472893584792,0.9418772960117856,0.0,0.0,0.0,0.0,0.0,0.0,0.0,0.0,0.0,0.47304906857678125,0.0,0.0,1.5749999999999998e-09
6254.0,1.0196610680103853,0.305934989,0.217220452,0.06652371455054018,0.9531373534598451,0.0,0.0,0.0,0.0,0.0,0.0,0.0,0.0,0.0,0.6079607105673441,0.0,0.0,1.5749999999999998e-09
6255.0,1.0688529387544803,0.464198235,0.228013341,0.10093710098652552,0.9679158377679549,0.0,0.0,0.0,0.0,0.0,0.0,0.0,0.0,0.0,0.6707474737671455,0.0,0.0,1.5749999999999998e-09
6256.0,1.1159332174631673,0.594630224,0.214348947,0.12929874877600148,0.9866344686871658,0.0,0.0,0.0,0.0,0.0,0.0,0.0,0.0,0.0,0.5538269524499497,0.0,0.0,1.5749999999999998e-09
6257.0,1.305871959519918,0.681606211,0.206814165,0.14821115154121603,1.1576608079787019,0.0,0.0,0.0,0.0,0.0,0.0,0.0,0.0,0.0,0.3286504008521299,0.0,0.0,1.5749999999999998e-09
6258.0,1.1794300713014179,0.71503659,0.21399557,0.15548038543035572,1.0239496858710622,0.0,0.0,0.0,0.0,0.0,0.0,0.0,0.0,0.0,0.5139721210377773,0.0,0.0,1.5749999999999998e-09
6259.0,1.2616976230464718,0.691309169,0.228248993,0.150321001121997,1.111376621924475,0.0,0.0,0.0,0.0,0.0,0.0,0.0,0.0,0.0,0.528980249667227,0.0,0.0,1.5749999999999998e-09
6260.0,1.2626321536932592,0.613767262,0.240313724,0.1334599820413304,1.129172171651929,0.0,0.0,0.0,0.0,0.0,0.0,0.0,0.0,0.0,0.5978902934218674,0.0,0.0,1.5749999999999998e-09
6261.0,1.2792690092397012,0.493851353,0.243154364,0.10738499229772655,1.1718840169419746,0.0,0.0,0.0,0.0,0.0,0.0,0.0,0.0,0.0,0.5755932735488972,0.0,0.0,1.5749999999999998e-09
6262.0,1.2784724342073575,0.345537445,0.241165626,0.07513502928461373,1.2033374049227437,0.0,0.0,0.0,0.0,0.0,0.0,0.0,0.0,0.0,0.5298474236333868,0.0,0.0,1.5749999999999998e-09
6263.0,1.2524480033751162,0.192675947,0.244215371,0.0418962203077171,1.210551783067399,0.0,0.0,0.0,0.0,0.0,0.0,0.0,0.0,0.0,0.5445506456568618,0.0,0.0,1.5749999999999998e-09
6264.0,1.221517289896996,0.074755078,0.255059889,0.016255039955810242,1.2052622499411856,0.0,0.0,0.0,0.0,0.0,0.0,0.0,0.0,0.0,0.6277764683876472,0.0,0.0,1.5749999999999998e-09
6265.0,1.197264015728773,0.013436803,0.280953503,0.002921751611888505,1.1943422641168846,0.0,0.0,0.0,0.0,0.0,0.0,0.0,0.0,0.0,0.8247860710684094,0.0,0.0,1.5749999999999998e-09
6266.0,1.1521462492784975,0.000138301,0.303243825,3.007271667790263e-05,1.1521161765618195,0.0,0.0,0.0,0.0,0.0,0.0,0.0,0.0,0.0,1.02720599949046,0.0,0.0,1.5749999999999998e-09
6267.0,1.091693293289932,0.0,0.312404694,0.0,1.091693293289932,0.0,0.0,0.0,0.0,0.0,0.0,0.0,0.0,0.0,1.1534652933260579,0.0,0.0,1.5749999999999998e-09
6268.0,1.0242558391074355,0.0,0.310410915,0.0,1.0242558391074355,0.0,0.0,0.0,0.0,0.0,0.0,0.0,0.0,0.0,1.2065740574227881,0.0,0.0,1.5749999999999998e-09
6269.0,0.9555990467189963,0.0,0.312528195,0.0,0.9555990467189963,0.0,0.0,0.0,0.0,0.0,0.0,0.0,0.0,0.0,1.290447104443657,0.0,0.0,1.5749999999999998e-09
6270.0,0.8985682501038816,0.0,0.313344568,0.0,0.8985682501038816,0.0,0.0,0.0,0.0,0.0,0.0,0.0,0.0,0.0,1.3533449283027073,0.0,0.0,1.5749999999999998e-09
6271.0,0.8550169337283189,0.0,0.314430134,0.0,0.8550169337283189,0.0,0.0,0.0,0.0,0.0,0.0,0.0,0.0,0.0,1.4046978810590551,0.0,0.0,1.5749999999999998e-09
6272.0,0.8229447601814444,0.0,0.317262955,0.0,0.8229447601814444,0.0,0.0,0.0,0.0,0.0,0.0,0.0,0.0,0.0,1.4571286872214053,0.0,0.0,1.5749999999999998e-09
6273.0,0.8026298605250326,0.0,0.313978608,0.0,0.8026298605250326,0.0,0.0,0.0,0.0,0.0,0.0,0.0,0.0,0.0,1.4538399726873192,0.0,0.0,1.5749999999999998e-09
6274.0,0.7983443741444514,0.000169093,0.304615643,3.676825099758201e-05,0.7983076058934538,0.0,0.0,0.0,0.0,0.0,0.0,0.0,0.0,0.0,1.390873413579323,0.0,0.0,1.5749999999999998e-09
6275.0,0.8098057153132818,0.007314026,0.285390704,0.0015903907540279064,0.8082153245592539,0.0,0.0,0.0,0.0,0.0,0.0,0.0,0.0,0.0,1.2428018398178675,0.0,0.0,1.5749999999999998e-09
6276.0,0.8260220325186355,0.051296684,0.250174496,0.011154153942834116,0.8148678785758013,0.0,0.0,0.0,0.0,0.0,0.0,0.0,0.0,0.0,0.9830609894415518,0.0,0.0,1.5749999999999998e-09
6277.0,0.8591911674842054,0.156171176,0.231963905,0.033958478457154086,0.8252326890270514,0.0,0.0,0.0,0.0,0.0,0.0,0.0,0.0,0.0,0.8418221379267513,0.0,0.0,1.5749999999999998e-09
6278.0,0.9094577483221175,0.313648715,0.225723796,0.06820101765412565,0.8412567306679918,0.0,0.0,0.0,0.0,0.0,0.0,0.0,0.0,0.0,0.780952309484766,0.0,0.0,1.5749999999999998e-09
6279.0,0.9643702764044436,0.475628178,0.223624857,0.10342247301914695,0.8609478033852966,0.0,0.0,0.0,0.0,0.0,0.0,0.0,0.0,0.0,0.7461767933863601,0.0,0.0,1.5749999999999998e-09
6280.0,1.0144989026278366,0.605966921,0.224747007,0.1317638450294214,0.8827350575984152,0.0,0.0,0.0,0.0,0.0,0.0,0.0,0.0,0.0,0.7324540937601554,0.0,0.0,1.5749999999999998e-09
6281.0,1.0592473068843877,0.68828234,0.221998121,0.14966283544749387,0.9095844714368938,0.0,0.0,0.0,0.0,0.0,0.0,0.0,0.0,0.0,0.6858492629095095,0.0,0.0,1.5749999999999998e-09
6282.0,1.0961056091225552,0.713937736,0.223636813,0.15524144626858263,0.9408641628539726,0.0,0.0,0.0,0.0,0.0,0.0,0.0,0.0,0.0,0.6663463580941679,0.0,0.0,1.5749999999999998e-09
6283.0,1.1261752194261307,0.684171767,0.226817814,0.14876901618940583,0.9774062032367251,0.0,0.0,0.0,0.0,0.0,0.0,0.0,0.0,0.0,0.6526652152790559,0.0,0.0,1.5749999999999998e-09
6284.0,1.1517234861048988,0.602590158,0.231228776,0.13102958832131786,1.020693897783581,0.0,0.0,0.0,0.0,0.0,0.0,0.0,0.0,0.0,0.6410777781218562,0.0,0.0,1.5749999999999998e-09
6285.0,1.1702872535898112,0.478679539,0.235387818,0.10408597302879982,1.0662012805610115,0.0,0.0,0.0,0.0,0.0,0.0,0.0,0.0,0.0,0.6254601794537404,0.0,0.0,1.5749999999999998e-09
6286.0,1.1771938746464785,0.329388548,0.230825224,0.0716235492219849,1.1055703254244937,0.0,0.0,0.0,0.0,0.0,0.0,0.0,0.0,0.0,0.5533011436167469,0.0,0.0,1.5749999999999998e-09
6287.0,1.162815465080005,0.178776157,0.223437373,0.03887379497057317,1.1239416701094318,0.0,0.0,0.0,0.0,0.0,0.0,0.0,0.0,0.0,0.4818355355361072,0.0,0.0,1.5749999999999998e-09
6288.0,1.1429233295971168,0.068571665,0.236637577,0.01491049416618139,1.1280128354309356,0.0,0.0,0.0,0.0,0.0,0.0,0.0,0.0,0.0,0.5726302666779988,0.0,0.0,1.5749999999999998e-09
6289.0,1.126762638204148,0.012389093,0.269838167,0.0026939334038451404,1.1240687048003026,0.0,0.0,0.0,0.0,0.0,0.0,0.0,0.0,0.0,0.8151770532572554,0.0,0.0,1.5749999999999998e-09
6290.0,1.0903248743070688,0.00010892,0.276989066,2.368399578135483e-05,1.0903011903112876,0.0,0.0,0.0,0.0,0.0,0.0,0.0,0.0,0.0,0.9003359283763183,0.0,0.0,1.5749999999999998e-09
6291.0,1.031400543240764,0.0,0.269660706,0.0,1.031400543240764,0.0,0.0,0.0,0.0,0.0,0.0,0.0,0.0,0.0,0.9065698559774689,0.0,0.0,1.5749999999999998e-09
6292.0,0.9770999080939949,0.0,0.25490992,0.0,0.9770999080939949,0.0,0.0,0.0,0.0,0.0,0.0,0.0,0.0,0.0,0.8548610281318705,0.0,0.0,1.5749999999999998e-09
6293.0,0.9147311663293607,0.0,0.24249476,0.0,0.9147311663293607,0.0,0.0,0.0,0.0,0.0,0.0,0.0,0.0,0.0,0.8280057485755851,0.0,0.0,1.5749999999999998e-09
6294.0,0.863318674757749,0.0,0.236062847,0.0,0.863318674757749,0.0,0.0,0.0,0.0,0.0,0.0,0.0,0.0,0.0,0.8331940156791834,0.0,0.0,1.5749999999999998e-09
6295.0,0.8241262722350103,0.0,0.232730324,0.0,0.8241262722350103,0.0,0.0,0.0,0.0,0.0,0.0,0.0,0.0,0.0,0.8484365775873464,0.0,0.0,1.5749999999999998e-09
6296.0,0.7936427990878027,0.0,0.232383167,0.0,0.7936427990878027,0.0,0.0,0.0,0.0,0.0,0.0,0.0,0.0,0.0,0.8764251377757438,0.0,0.0,1.5749999999999998e-09
6297.0,0.7743692330378521,0.0,0.223123464,0.0,0.7743692330378521,0.0,0.0,0.0,0.0,0.0,0.0,0.0,0.0,0.0,0.8291520030262376,0.0,0.0,1.5749999999999998e-09
6298.0,0.7671422021022387,9.06e-05,0.215972869,1.970042249165211e-05,0.767122501679747,0.0,0.0,0.0,0.0,0.0,0.0,0.0,0.0,0.0,0.7850095585108733,0.0,0.0,1.5749999999999998e-09
6299.0,0.7704286326936058,0.00611629,0.21351688,0.0013299502989124379,0.7690986823946934,0.0,0.0,0.0,0.0,0.0,0.0,0.0,0.0,0.0,0.7653829234401277,0.0,0.0,1.5749999999999998e-09
6300.0,0.7780917767978053,0.047123701,0.206175735,0.010246764007398332,0.767845012790407,0.0,0.0,0.0,0.0,0.0,0.0,0.0,0.0,0.0,0.7138779916248623,0.0,0.0,1.5749999999999998e-09
6301.0,0.8050151369569679,0.147854108,0.175673765,0.0321499822817479,0.77286515467522,0.0,0.0,0.0,0.0,0.0,0.0,0.0,0.0,0.0,0.48964936417803884,0.0,0.0,1.5749999999999998e-09
6302.0,0.8513299912882318,0.303044541,0.154820419,0.06589520410031777,0.785434787187914,0.0,0.0,0.0,0.0,0.0,0.0,0.0,0.0,0.0,0.32721300516995383,0.0,0.0,1.5749999999999998e-09
6303.0,0.9009312752109381,0.465814634,0.169359018,0.1012885771809525,0.7996426980299856,0.0,0.0,0.0,0.0,0.0,0.0,0.0,0.0,0.0,0.41748963316204174,0.0,0.0,1.5749999999999998e-09
6304.0,0.9491863914756599,0.597313395,0.187531935,0.12988218809517751,0.8193042033804824,0.0,0.0,0.0,0.0,0.0,0.0,0.0,0.0,0.0,0.528431417166761,0.0,0.0,1.5749999999999998e-09
6305.0,0.9973792064305407,0.683074029,0.191262636,0.1485303196950886,0.848848886735452,0.0,0.0,0.0,0.0,0.0,0.0,0.0,0.0,0.0,0.5256981599686815,0.0,0.0,1.5749999999999998e-09
6306.0,1.0413176846598358,0.714487246,0.192263396,0.1553609338973176,0.8859567507625182,0.0,0.0,0.0,0.0,0.0,0.0,0.0,0.0,0.0,0.49578245710402674,0.0,0.0,1.5749999999999998e-09
6307.0,1.0781648617355264,0.690379098,0.19382751,0.15011876280359487,0.9280460989319316,0.0,0.0,0.0,0.0,0.0,0.0,0.0,0.0,0.0,0.4649339258781202,0.0,0.0,1.5749999999999998e-09
6308.0,1.10779390820557,0.612483578,0.194847232,0.13318085271301058,0.9746130554925595,0.0,0.0,0.0,0.0,0.0,0.0,0.0,0.0,0.0,0.42569540467147987,0.0,0.0,1.5749999999999998e-09
6309.0,1.1305096581214902,0.488853392,0.195879545,0.10629821588164708,1.0242114422398432,0.0,0.0,0.0,0.0,0.0,0.0,0.0,0.0,0.0,0.38351594100870423,0.0,0.0,1.5749999999999998e-09
6310.0,1.144945919332784,0.338299069,0.193710881,0.0735610881659224,1.0713848311668617,0.0,0.0,0.0,0.0,0.0,0.0,0.0,0.0,0.0,0.32075701609391677,0.0,0.0,1.5749999999999998e-09
6311.0,1.1426429707030579,0.188233679,0.198033606,0.04093027597635787,1.1017126947267,0.0,0.0,0.0,0.0,0.0,0.0,0.0,0.0,0.0,0.32149527714016257,0.0,0.0,1.5749999999999998e-09
6312.0,1.1396903019854736,0.072695777,0.224279072,0.015807257398001394,1.1238830445874721,0.0,0.0,0.0,0.0,0.0,0.0,0.0,0.0,0.0,0.4879431986477393,0.0,0.0,1.5749999999999998e-09
6313.0,1.1370580421469105,0.012050874,0.270373647,0.0026203897261994,1.1344376524207112,0.0,0.0,0.0,0.0,0.0,0.0,0.0,0.0,0.0,0.8086564393624631,0.0,0.0,1.5749999999999998e-09
6314.0,1.096931110977234,8.44e-05,0.30291116,1.8352269959110797e-05,1.0969127587072747,0.0,0.0,0.0,0.0,0.0,0.0,0.0,0.0,0.0,1.0800186540320291,0.0,0.0,1.5749999999999998e-09
6315.0,1.0355057991894288,0.0,0.312827196,0.0,1.0355057991894288,0.0,0.0,0.0,0.0,0.0,0.0,0.0,0.0,0.0,1.2126891822419423,0.0,0.0,1.5749999999999998e-09
6316.0,0.9682597006013257,0.0,0.31432931,0.0,0.9682597006013257,0.0,0.0,0.0,0.0,0.0,0.0,0.0,0.0,0.0,1.2907305224187524,0.0,0.0,1.5749999999999998e-09
6317.0,0.9055571979628335,0.0,0.31269737,0.0,0.9055571979628335,0.0,0.0,0.0,0.0,0.0,0.0,0.0,0.0,0.0,1.3417047630489853,0.0,0.0,1.5749999999999998e-09
6318.0,0.8562896749139853,0.0,0.311539498,0.0,0.8562896749139853,0.0,0.0,0.0,0.0,0.0,0.0,0.0,0.0,0.0,1.3826510082395624,0.0,0.0,1.5749999999999998e-09
6319.0,0.8174888859098495,0.0,0.308993608,0.0,0.8174888859098495,0.0,0.0,0.0,0.0,0.0,0.0,0.0,0.0,0.0,1.4031552514367394,0.0,0.0,1.5749999999999998e-09
6320.0,0.7943214459979958,0.0,0.30292103,0.0,0.7943214459979958,0.0,0.0,0.0,0.0,0.0,0.0,0.0,0.0,0.0,1.3826808994631123,0.0,0.0,1.5749999999999998e-09
6321.0,0.7879822182269021,0.0,0.288005529,0.0,0.7879822182269021,0.0,0.0,0.0,0.0,0.0,0.0,0.0,0.0,0.0,1.2818269070714214,0.0,0.0,1.5749999999999998e-09
6322.0,0.8059874927562072,0.000142585,0.271588739,3.100424658909731e-05,0.8059564885096181,0.0,0.0,0.0,0.0,0.0,0.0,0.0,0.0,0.0,1.1458701040641128,0.0,0.0,1.5749999999999998e-09
6323.0,0.8619992070897394,0.005628183,0.260191432,0.0012238143814606406,0.8607753927082787,0.0,0.0,0.0,0.0,0.0,0.0,0.0,0.0,0.0,1.009142181957582,0.0,0.0,1.5749999999999998e-09
6324.0,0.9152051066502481,0.039381028,0.245306702,0.008563166553593614,0.9066419400966546,0.0,0.0,0.0,0.0,0.0,0.0,0.0,0.0,0.0,0.8563035563296885,0.0,0.0,1.5749999999999998e-09
6325.0,0.9450143835522083,0.132355822,0.207847845,0.028779973649336682,0.9162344099028717,0.0,0.0,0.0,0.0,0.0,0.0,0.0,0.0,0.0,0.5775055462303718,0.0,0.0,1.5749999999999998e-09
6326.0,0.9791135974996955,0.280879424,0.173066431,0.06107553335553962,0.9180380641441559,0.0,0.0,0.0,0.0,0.0,0.0,0.0,0.0,0.0,0.32573832935213926,0.0,0.0,1.5749999999999998e-09
6327.0,1.0200348798691303,0.436587268,0.177068728,0.09493326306927315,0.9251016167998571,0.0,0.0,0.0,0.0,0.0,0.0,0.0,0.0,0.0,0.3474380816285254,0.0,0.0,1.5749999999999998e-09
6328.0,1.0575362276976248,0.565241264,0.205253195,0.12290829702555704,0.9346279306720677,0.0,0.0,0.0,0.0,0.0,0.0,0.0,0.0,0.0,0.540465056197765,0.0,0.0,1.5749999999999998e-09
6329.0,1.0928681308459665,0.652561765,0.228575909,0.1418956122781258,0.9509725185678406,0.0,0.0,0.0,0.0,0.0,0.0,0.0,0.0,0.0,0.6917338000027282,0.0,0.0,1.5749999999999998e-09
6330.0,1.1272721798449017,0.685503861,0.244854358,0.14905867197967732,0.9782135078652243,0.0,0.0,0.0,0.0,0.0,0.0,0.0,0.0,0.0,0.7814811282660931,0.0,0.0,1.5749999999999998e-09
6331.0,1.154251166816374,0.662559825,0.252960567,0.14406963000546455,1.0101815368109095,0.0,0.0,0.0,0.0,0.0,0.0,0.0,0.0,0.0,0.807769985631002,0.0,0.0,1.5749999999999998e-09
6332.0,1.1758788576434145,0.586587062,0.253039158,0.12754981180504338,1.0483290458383712,0.0,0.0,0.0,0.0,0.0,0.0,0.0,0.0,0.0,0.7701872864859443,0.0,0.0,1.5749999999999998e-09
6333.0,1.1933145140546353,0.467190122,0.248908142,0.10158766873428801,1.0917268453203473,0.0,0.0,0.0,0.0,0.0,0.0,0.0,0.0,0.0,0.6971011173284215,0.0,0.0,1.5749999999999998e-09
6334.0,1.201278043545262,0.320990891,0.242549909,0.0697975294555392,1.1314805140897226,0.0,0.0,0.0,0.0,0.0,0.0,0.0,0.0,0.0,0.6116527400933176,0.0,0.0,1.5749999999999998e-09
6335.0,1.194351396996151,0.171949665,0.251321143,0.03738941553860977,1.1569619814575414,0.0,0.0,0.0,0.0,0.0,0.0,0.0,0.0,0.0,0.6492074937187668,0.0,0.0,1.5749999999999998e-09
6336.0,1.1877162355035007,0.062628257,0.29859836,0.013618136013419083,1.1740980994900816,0.0,0.0,0.0,0.0,0.0,0.0,0.0,0.0,0.0,0.9718385166334026,0.0,0.0,1.5749999999999998e-09
6337.0,1.174668418767514,0.011202258,0.348152293,0.002435863305303419,1.1722325554622106,0.0,0.0,0.0,0.0,0.0,0.0,0.0,0.0,0.0,1.329833274825845,0.0,0.0,1.5749999999999998e-09
6338.0,1.1316533450226045,7.62e-05,0.360911568,1.6569229512846476e-05,1.1316367757930916,0.0,0.0,0.0,0.0,0.0,0.0,0.0,0.0,0.0,1.462126126835512,0.0,0.0,1.5749999999999998e-09
6339.0,1.0628229966997802,0.0,0.350834188,0.0,1.0628229966997802,0.0,0.0,0.0,0.0,0.0,0.0,0.0,0.0,0.0,1.458516806429581,0.0,0.0,1.5749999999999998e-09
6340.0,0.9879782811497538,0.0,0.332181336,0.0,0.9879782811497538,0.0,0.0,0.0,0.0,0.0,0.0,0.0,0.0,0.0,1.3993090841097808,0.0,0.0,1.5749999999999998e-09
6341.0,0.9196952996201351,0.0,0.308315323,0.0,0.9196952996201352,0.0,0.0,0.0,0.0,0.0,0.0,0.0,0.0,0.0,1.2960742074114469,0.0,0.0,1.5749999999999998e-09
6342.0,0.8639261190282098,0.0,0.283904663,0.0,0.8639261190282098,0.0,0.0,0.0,0.0,0.0,0.0,0.0,0.0,0.0,1.1764113155775868,0.0,0.0,1.5749999999999998e-09
6343.0,0.8240394947677802,0.0,0.264842013,0.0,0.8240394947677802,0.0,0.0,0.0,0.0,0.0,0.0,0.0,0.0,0.0,1.0793004069803465,0.0,0.0,1.5749999999999998e-09
6344.0,0.796922553181789,0.0,0.243686303,0.0,0.796922553181789,0.0,0.0,0.0,0.0,0.0,0.0,0.0,0.0,0.0,0.9543776229325809,0.0,0.0,1.5749999999999998e-09
6345.0,0.7892193570927777,0.0,0.214589368,0.0,0.7892193570927777,0.0,0.0,0.0,0.0,0.0,0.0,0.0,0.0,0.0,0.7529698974697626,0.0,0.0,1.5749999999999998e-09
6346.0,0.8092360971951976,5.88e-05,0.191523327,1.2785704663456336e-05,0.8092233114905342,0.0,0.0,0.0,0.0,0.0,0.0,0.0,0.0,0.0,0.5671972430332466,0.0,0.0,1.5749999999999998e-09
6347.0,0.8631540191533305,0.003831814,0.178338441,0.0008332047981173006,0.8623208143552131,0.0,0.0,0.0,0.0,0.0,0.0,0.0,0.0,0.0,0.41934392956460476,0.0,0.0,1.5749999999999998e-09
6348.0,0.9156990724635792,0.038032305,0.165721043,0.0082698948877635,0.9074291775758156,0.0,0.0,0.0,0.0,0.0,0.0,0.0,0.0,0.0,0.2835581213359211,0.0,0.0,1.5749999999999998e-09
6349.0,0.9429027915168007,0.130062777,0.136174252,0.02828136487127519,0.9146214266455255,0.0,0.0,0.0,0.0,0.0,0.0,0.0,0.0,0.0,0.06402197092714221,0.0,0.0,1.5749999999999998e-09
6350.0,0.9789778687176117,0.273334168,0.153141342,0.059434863035366624,0.9195430056822451,0.0,0.0,0.0,0.0,0.0,0.0,0.0,0.0,0.0,0.1810377652238281,0.0,0.0,1.5749999999999998e-09
6351.0,1.0220129679549648,0.428107916,0.185744384,0.09308947921877166,0.9289234887361931,0.0,0.0,0.0,0.0,0.0,0.0,0.0,0.0,0.0,0.4059655403425366,0.0,0.0,1.5749999999999998e-09
6352.0,1.0604977967451756,0.555448609,0.2024407,0.12077894337417748,0.9397188533709981,0.0,0.0,0.0,0.0,0.0,0.0,0.0,0.0,0.0,0.5151615777327406,0.0,0.0,1.5749999999999998e-09
6353.0,1.096426020001426,0.638898745,0.21026319,0.13892467114664797,0.9575013488547781,0.0,0.0,0.0,0.0,0.0,0.0,0.0,0.0,0.0,0.5535969654290952,0.0,0.0,1.5749999999999998e-09
6354.0,1.132712478289074,0.669656435,0.216977774,0.14561274496416746,0.9870997333249065,0.0,0.0,0.0,0.0,0.0,0.0,0.0,0.0,0.0,0.5722542768966035,0.0,0.0,1.5749999999999998e-09
6355.0,1.162859966729838,0.64529572,0.224926523,0.14031565470259208,1.0225443120272462,0.0,0.0,0.0,0.0,0.0,0.0,0.0,0.0,0.0,0.5939349668376511,0.0,0.0,1.5749999999999998e-09
6356.0,1.1869508111260774,0.569450493,0.232508497,0.12382356843465321,1.0631272426914242,0.0,0.0,0.0,0.0,0.0,0.0,0.0,0.0,0.0,0.6078414031917523,0.0,0.0,1.5749999999999998e-09
6357.0,1.2040660576583524,0.450314247,0.238581754,0.0979181116987879,1.1061479459595644,0.0,0.0,0.0,0.0,0.0,0.0,0.0,0.0,0.0,0.608467371577898,0.0,0.0,1.5749999999999998e-09
6358.0,1.20945295512265,0.30624681,0.244629385,0.06659151814261269,1.1428614369800374,0.0,0.0,0.0,0.0,0.0,0.0,0.0,0.0,0.0,0.6152163858561931,0.0,0.0,1.5749999999999998e-09
6359.0,1.1985434314119707,0.161934234,0.254925045,0.035211620592296426,1.1633318108196744,0.0,0.0,0.0,0.0,0.0,0.0,0.0,0.0,0.0,0.6687378242326646,0.0,0.0,1.5749999999999998e-09
6360.0,1.1875070792491742,0.059861944,0.287092381,0.013016617968781667,1.1744904612803926,0.0,0.0,0.0,0.0,0.0,0.0,0.0,0.0,0.0,0.8887561439520476,0.0,0.0,1.5749999999999998e-09
6361.0,1.1766131303659926,0.010125003,0.327960404,0.002201620715554582,1.174411509650438,0.0,0.0,0.0,0.0,0.0,0.0,0.0,0.0,0.0,1.1825412866819018,0.0,0.0,1.5749999999999998e-09
6362.0,1.1315710172203952,5.4e-05,0.333697615,1.1741973670521125e-05,1.131559275246725,0.0,0.0,0.0,0.0,0.0,0.0,0.0,0.0,0.0,1.2666251311966903,0.0,0.0,1.5749999999999998e-09
6363.0,1.0635194432699815,0.0,0.321593001,0.0,1.0635194432699815,0.0,0.0,0.0,0.0,0.0,0.0,0.0,0.0,0.0,1.247672742564315,0.0,0.0,1.5749999999999998e-09
6364.0,0.9906394658108022,0.0,0.296901713,0.0,0.9906394658108022,0.0,0.0,0.0,0.0,0.0,0.0,0.0,0.0,0.0,1.143103858554696,0.0,0.0,1.5749999999999998e-09
6365.0,0.9208256365262617,0.0,0.274563942,0.0,0.9208256365262617,0.0,0.0,0.0,0.0,0.0,0.0,0.0,0.0,0.0,1.0523828452785429,0.0,0.0,1.5749999999999998e-09
6366.0,0.8665339017094591,0.0,0.254321764,0.0,0.8665339017094591,0.0,0.0,0.0,0.0,0.0,0.0,0.0,0.0,0.0,0.9612001342199925,0.0,0.0,1.5749999999999998e-09
6367.0,0.8257661497819658,0.0,0.236799743,0.0,0.8257661497819658,0.0,0.0,0.0,0.0,0.0,0.0,0.0,0.0,0.0,0.8760423906009441,0.0,0.0,1.5749999999999998e-09
6368.0,0.7989495935824017,0.0,0.222890806,0.0,0.7989495935824017,0.0,0.0,0.0,0.0,0.0,0.0,0.0,0.0,0.0,0.8028995994027035,0.0,0.0,1.5749999999999998e-09
6369.0,0.7899313804903264,0.0,0.211621092,0.0,0.7899313804903264,0.0,0.0,0.0,0.0,0.0,0.0,0.0,0.0,0.0,0.7309257671069898,0.0,0.0,1.5749999999999998e-09
6370.0,0.8033952849024559,9.7e-05,0.202142346,2.1092063815565724e-05,0.8033741928386404,0.0,0.0,0.0,0.0,0.0,0.0,0.0,0.0,0.0,0.6493620577908088,0.0,0.0,1.5749999999999998e-09
6371.0,0.8541580563862092,0.006051432,0.1963149,0.0013158473187583146,0.8528422090674509,0.0,0.0,0.0,0.0,0.0,0.0,0.0,0.0,0.0,0.5580139396422075,0.0,0.0,1.5749999999999998e-09
6372.0,0.9040063237155433,0.044873125,0.187197374,0.009757389856740802,0.8942489338588024,0.0,0.0,0.0,0.0,0.0,0.0,0.0,0.0,0.0,0.4510822973936472,0.0,0.0,1.5749999999999998e-09
6373.0,0.933926854242123,0.136777426,0.163995426,0.02974142471877133,0.9041854295233516,0.0,0.0,0.0,0.0,0.0,0.0,0.0,0.0,0.0,0.2744003789525195,0.0,0.0,1.5749999999999998e-09
6374.0,0.972465085012133,0.279871431,0.162811037,0.06085635136913092,0.9116087336430022,0.0,0.0,0.0,0.0,0.0,0.0,0.0,0.0,0.0,0.2584652272700293,0.0,0.0,1.5749999999999998e-09
6375.0,1.0160297513826833,0.434471354,0.17709893,0.0944731703567345,0.9215565810259487,0.0,0.0,0.0,0.0,0.0,0.0,0.0,0.0,0.0,0.35120017009381543,0.0,0.0,1.5749999999999998e-09
6376.0,1.05518210192061,0.562917065,0.181889381,0.1224029139984635,0.9327791879221465,0.0,0.0,0.0,0.0,0.0,0.0,0.0,0.0,0.0,0.37440509390691357,0.0,0.0,1.5749999999999998e-09
6377.0,1.0926189226068281,0.648035173,0.18237787,0.1409113322025482,0.9517075904042799,0.0,0.0,0.0,0.0,0.0,0.0,0.0,0.0,0.0,0.35898731496495473,0.0,0.0,1.5749999999999998e-09
6378.0,1.1295973787995814,0.679945346,0.185115164,0.14785000648380328,0.9817473723157784,0.0,0.0,0.0,0.0,0.0,0.0,0.0,0.0,0.0,0.3486196418476746,0.0,0.0,1.5749999999999998e-09
6379.0,1.165187390517028,0.656149908,0.18919697,0.14267583228983072,1.0225115582271973,0.0,0.0,0.0,0.0,0.0,0.0,0.0,0.0,0.0,0.33719016814067787,0.0,0.0,1.5749999999999998e-09
6380.0,1.197733505384715,0.579322612,0.19118975,0.12597020105262086,1.071763304332094,0.0,0.0,0.0,0.0,0.0,0.0,0.0,0.0,0.0,0.3022599326089758,0.0,0.0,1.5749999999999998e-09
6381.0,1.2314099561586032,0.458898016,0.191640138,0.099784600394933,1.1316253557636702,0.0,0.0,0.0,0.0,0.0,0.0,0.0,0.0,0.0,0.24563468428865112,0.0,0.0,1.5749999999999998e-09
6382.0,1.2210433495761084,0.314091423,0.193442233,0.06829728183337988,1.1527460677427286,0.0,0.0,0.0,0.0,0.0,0.0,0.0,0.0,0.0,0.23746508713230347,0.0,0.0,1.5749999999999998e-09
6383.0,1.2149333045517097,0.171642513,0.205159633,0.03732262719237185,1.177610677359338,0.0,0.0,0.0,0.0,0.0,0.0,0.0,0.0,0.0,0.29680990755330494,0.0,0.0,1.5749999999999998e-09
6384.0,1.2006950754321903,0.065328118,0.237746203,0.014205204472235134,1.1864898709599554,0.0,0.0,0.0,0.0,0.0,0.0,0.0,0.0,0.0,0.5221205928149524,0.0,0.0,1.5749999999999998e-09
6385.0,1.185978455326838,0.009795235,0.271855195,0.0021299146567882775,1.1838485406700496,0.0,0.0,0.0,0.0,0.0,0.0,0.0,0.0,0.0,0.7698929910446253,0.0,0.0,1.5749999999999998e-09
6386.0,1.1361212876675373,3.02e-05,0.273426418,6.56680749721737e-06,1.13611472086004,0.0,0.0,0.0,0.0,0.0,0.0,0.0,0.0,0.0,0.828918718043259,0.0,0.0,1.5749999999999998e-09
6387.0,1.0676669760359687,0.0,0.257903282,0.0,1.0676669760359687,0.0,0.0,0.0,0.0,0.0,0.0,0.0,0.0,0.0,0.7858063526930325,0.0,0.0,1.5749999999999998e-09
6388.0,0.9928934631256746,0.0,0.238973196,0.0,0.9928934631256746,0.0,0.0,0.0,0.0,0.0,0.0,0.0,0.0,0.0,0.724535030347813,0.0,0.0,1.5749999999999998e-09
6389.0,0.9223053081338195,0.0,0.219975439,0.0,0.9223053081338195,0.0,0.0,0.0,0.0,0.0,0.0,0.0,0.0,0.0,0.658592018957789,0.0,0.0,1.5749999999999998e-09
6390.0,0.8678288932200795,0.0,0.202412769,0.0,0.8678288932200795,0.0,0.0,0.0,0.0,0.0,0.0,0.0,0.0,0.0,0.5868508061863219,0.0,0.0,1.5749999999999998e-09
6391.0,0.8327884741282735,0.0,0.188957516,0.0,0.8327884741282736,0.0,0.0,0.0,0.0,0.0,0.0,0.0,0.0,0.0,0.5251923683523719,0.0,0.0,1.5749999999999998e-09
6392.0,0.7987293111656735,0.0,0.182688456,0.0,0.7987293111656735,0.0,0.0,0.0,0.0,0.0,0.0,0.0,0.0,0.0,0.5141976823833334,0.0,0.0,1.5749999999999998e-09
6393.0,0.7894529905044182,0.0,0.174919938,0.0,0.8149544285268898,0.0,0.0,0.025501438022471592,0.0,0.0,0.0,0.0,0.0,0.0,0.4421425623750348,0.0,0.0,1.5749999999999998e-09
6394.0,0.8061899745130023,7.94e-05,0.169331285,1.7265050174803285e-05,1.2169330224611457,0.0,0.0,0.4107603129983182,0.0,0.022951294220224433,0.0,0.0,0.0,0.0,0.0,0.0,0.0,1.575021454469746e-09
6395.0,0.8587061020008411,0.005066669,0.165721592,0.0011017165554675112,1.1909912444096364,0.0,0.0,0.33338685896426296,0.0,0.3926352632830664,0.0,0.0,0.0,0.0,0.0,0.0,0.0,1.5750429092317427e-09
6396.0,0.9088102520668448,0.036354575,0.153595508,0.00790508263801825,1.1038447253671704,0.0,0.0,0.20293955593834387,0.0,0.6926780879911372,0.0,0.0,0.0,0.0,0.0,0.0,0.0,1.5750643642859937e-09
6397.0,0.9341916383086839,0.116424654,0.138747302,0.025315837441991333,0.9971351341318253,0.0,0.0,0.08825933326513269,0.0,0.8753142528825355,0.0,0.0,0.0,0.0,0.0,0.0,0.0,1.5750858196325029e-09
6398.0,0.9671783170099022,0.251166066,0.130026694,0.05461454322037725,0.9344627469758499,0.0,0.0,0.02189897318632483,0.0,0.9547357295529965,0.0,0.0,0.0,0.0,0.0,0.0,0.0,1.5751072752712744e-09
6399.0,1.007736911683144,0.397444307,0.125352544,0.08642186274615768,0.9008710365784667,0.0,0.0,0.0,0.020444012358519652,0.9744318002970016,0.0,0.0,0.0,0.0,0.0,0.0,0.0,1.7501430346692358e-09
6400.0,1.0478126667054568,0.51643098,0.127102532,0.11229479573706337,0.9134476740622649,0.0,0.0,0.0,0.02207019690612854,0.9539745145208279,0.0,0.0,0.0,0.0,0.0,0.0,0.0,1.7501668749173558e-09
6401.0,1.0865956560495842,0.596048776,0.130887734,0.12960720433589526,0.940650782516122,0.0,0.0,0.0,0.016337669197567017,0.9318913228600549,0.0,0.0,0.0,0.0,0.0,0.0,0.0,1.7501907154902246e-09
6402.0,1.1266202339246083,0.62576868,0.132616599,0.13606961785919924,0.9530756153512197,0.0,0.0,0.0,0.03747500071418958,0.9155409597184553,0.0,0.0,0.0,0.0,0.0,0.0,0.0,1.7502145563878474e-09
6403.0,1.1616562033513933,0.601592092,0.130851139,0.13081256490106893,0.9403877852563011,0.0,0.0,0.0,0.09045585319402331,0.8780534877799747,0.0,0.0,0.0,0.0,0.0,0.0,0.0,1.7502383976102281e-09
6404.0,1.2672781019375983,0.526884866,0.129275348,0.11456793007348243,0.9290630492254071,0.0,0.0,0.0,0.22364712263870887,0.787585674004757,0.0,0.0,0.0,0.0,0.0,0.0,0.0,1.7502622391573711e-09
6405.0,1.3268966557415187,0.414062716,0.129490779,0.09003543535586049,0.9306112870360504,0.0,0.0,0.0,0.30624993334960776,0.5639278231102726,0.0,0.0,0.0,0.0,0.0,0.0,0.0,1.750286081029281e-09
6406.0,1.2127616350390464,0.28346837,0.13424085,0.061638484017880385,0.9647486188287846,0.0,0.0,0.0,0.18637453219238148,0.2576702081050368,0.0,0.0,0.0,0.0,0.0,0.0,0.0,1.7503099232259622e-09
6407.0,1.2017564335311703,0.15355517,0.152653611,0.033389643761340654,1.097075594883946,0.0,0.0,0.0,0.07129119488588391,0.0712921660063816,0.0,0.0,0.0,0.0,0.0,0.0,0.0,1.7503337657474187e-09
6408.0,1.1984544281123055,0.055513749,0.188007002,0.012071129242776268,1.186383298869529,0.0,0.0,0.0,0.0,0.0,0.0,0.0,0.0,0.0,0.16476648534027416,0.0,0.0,1.5749999999999998e-09
6409.0,1.1884482833935683,0.008031697,0.23431892,0.0017464439759926577,1.1867018394175757,0.0,0.0,0.0,0.0,0.0,0.0,0.0,0.0,0.0,0.49727777211983987,0.0,0.0,1.5749999999999998e-09
6410.0,1.142867702784807,2.54e-05,0.260529355,5.5230765042821585e-06,1.1428621797083027,0.0,0.0,0.0,0.0,0.0,0.0,0.0,0.0,0.0,0.7294839459353007,0.0,0.0,1.5749999999999998e-09
6411.0,1.0748873314741259,0.0,0.26026158,0.0,1.0748873314741259,0.0,0.0,0.0,0.0,0.0,0.0,0.0,0.0,0.0,0.7955343757721947,0.0,0.0,1.5749999999999998e-09
6412.0,1.0002784741682504,0.0,0.247541686,0.0,1.0002784741682504,0.0,0.0,0.0,0.0,0.0,0.0,0.0,0.0,0.0,0.7787291801415122,0.0,0.0,1.5749999999999998e-09
6413.0,0.9308384557425302,0.0,0.232973556,0.0,0.9308384557425303,0.0,0.0,0.0,0.0,0.0,0.0,0.0,0.0,0.0,0.743472429316902,0.0,0.0,1.5749999999999998e-09
6414.0,0.8764332434685225,0.0,0.221803761,0.0,0.8764332434685225,0.0,0.0,0.0,0.0,0.0,0.0,0.0,0.0,0.0,0.7176036840075761,0.0,0.0,1.5749999999999998e-09
6415.0,0.8342703715682664,0.0,0.211848313,0.0,0.8342703715682664,0.0,0.0,0.0,0.0,0.0,0.0,0.0,0.0,0.0,0.6882197450240976,0.0,0.0,1.5749999999999998e-09
6416.0,0.8070599770175889,0.0,0.20537843,0.0,0.8070599770175889,0.0,0.0,0.0,0.0,0.0,0.0,0.0,0.0,0.0,0.6689330361354433,0.0,0.0,1.5749999999999998e-09
6417.0,0.7960191751897714,0.0,0.195562535,0.0,0.7960191751897714,0.0,0.0,0.0,0.0,0.0,0.0,0.0,0.0,0.0,0.6094299525228873,0.0,0.0,1.5749999999999998e-09
6418.0,0.81321229885931,6.94e-05,0.188346933,1.5090610606188261e-05,0.8131972082487039,0.0,0.0,0.0,0.0,0.0,0.0,0.0,0.0,0.0,0.5403955578309778,0.0,0.0,1.5749999999999998e-09
6419.0,0.8612426830422827,0.00386897,0.185898071,0.0008412841457784466,0.8604013988965042,0.0,0.0,0.0,0.0,0.0,0.0,0.0,0.0,0.0,0.4755921324330824,0.0,0.0,1.5749999999999998e-09
6420.0,0.9109018186098091,0.031438063,0.177372312,0.0068360168147811925,0.9040658017950278,0.0,0.0,0.0,0.0,0.0,0.0,0.0,0.0,0.0,0.37065566354483154,0.0,0.0,1.5749999999999998e-09
6421.0,0.9384659995267882,0.113833411,0.154394903,0.024752387310881665,0.9137136122159065,0.0,0.0,0.0,0.0,0.0,0.0,0.0,0.0,0.0,0.19587612461497753,0.0,0.0,1.5749999999999998e-09
6422.0,0.9716484844873455,0.257535594,0.133835449,0.05599955859203737,0.9156489258953082,0.0,0.0,0.0,0.0,0.0,0.0,0.0,0.0,0.0,0.04618619786232764,0.0,0.0,1.5749999999999998e-09
6423.0,1.0147147343796192,0.415522493,0.138843152,0.09035285504287591,0.9243618793367434,0.0,0.0,0.0,0.0,0.0,0.0,0.0,0.0,0.0,0.0734620999202041,0.0,0.0,1.5749999999999998e-09
6424.0,1.0543721768932788,0.544554433,0.169015389,0.11841007063799183,0.935962106255287,0.0,0.0,0.0,0.0,0.0,0.0,0.0,0.0,0.0,0.2787006666529576,0.0,0.0,1.5749999999999998e-09
6425.0,1.0890298837963732,0.630691645,0.196405736,0.13714008684828993,0.9518897969480833,0.0,0.0,0.0,0.0,0.0,0.0,0.0,0.0,0.0,0.45961916277655274,0.0,0.0,1.5749999999999998e-09
6426.0,1.1221545161121855,0.664574845,0.208261172,0.1445077839274196,0.9776467321847659,0.0,0.0,0.0,0.0,0.0,0.0,0.0,0.0,0.0,0.5190636807980478,0.0,0.0,1.5749999999999998e-09
6427.0,1.1488998706719422,0.642764735,0.213909949,0.13976530730943496,1.0091345633625073,0.0,0.0,0.0,0.0,0.0,0.0,0.0,0.0,0.0,0.5281719111680528,0.0,0.0,1.5749999999999998e-09
6428.0,1.1654811004059993,0.568851004,0.218363634,0.12369321317439828,1.0417878872316009,0.0,0.0,0.0,0.0,0.0,0.0,0.0,0.0,0.0,0.5275258820415689,0.0,0.0,1.5749999999999998e-09
6429.0,1.1747907975546101,0.452956698,0.219571978,0.09849269670004053,1.0762981008545696,0.0,0.0,0.0,0.0,0.0,0.0,0.0,0.0,0.0,0.5016996733624758,0.0,0.0,1.5749999999999998e-09
6430.0,1.1744303356908525,0.311122096,0.218964287,0.06765161962128419,1.1067787160695683,0.0,0.0,0.0,0.0,0.0,0.0,0.0,0.0,0.0,0.46685176568080494,0.0,0.0,1.5749999999999998e-09
6431.0,1.1593043034068136,0.167961681,0.229188416,0.03652225251774941,1.122782050889064,0.0,0.0,0.0,0.0,0.0,0.0,0.0,0.0,0.0,0.5243261712918662,0.0,0.0,1.5749999999999998e-09
6432.0,1.14736457125215,0.058058444,0.266040483,0.012624457792581948,1.134740113459568,0.0,0.0,0.0,0.0,0.0,0.0,0.0,0.0,0.0,0.7772128317638325,0.0,0.0,1.5749999999999998e-09
6433.0,1.12895655904169,0.007331941,0.30930954,0.0015942862625150803,1.1273622727791748,0.0,0.0,0.0,0.0,0.0,0.0,0.0,0.0,0.0,1.0955523728414893,0.0,0.0,1.5749999999999998e-09
6434.0,1.0880397263372759,1.79e-05,0.322721943,3.892246827820892e-06,1.088035834090448,0.0,0.0,0.0,0.0,0.0,0.0,0.0,0.0,0.0,1.2312697183922112,0.0,0.0,1.5749999999999998e-09
6435.0,1.0338280954900967,0.0,0.317832777,0.0,1.0338280954900967,0.0,0.0,0.0,0.0,0.0,0.0,0.0,0.0,0.0,1.2503404912647333,0.0,0.0,1.5749999999999998e-09
6436.0,0.9749660657336332,0.0,0.300559594,0.0,0.9749660657336332,0.0,0.0,0.0,0.0,0.0,0.0,0.0,0.0,0.0,1.1850653493478434,0.0,0.0,1.5749999999999998e-09
6437.0,0.9090372099810292,0.0,0.282164044,0.0,0.9090372099810292,0.0,0.0,0.0,0.0,0.0,0.0,0.0,0.0,0.0,1.118790919326439,0.0,0.0,1.5749999999999998e-09
6438.0,0.8572375545558355,0.0,0.268217536,0.0,0.8572375545558355,0.0,0.0,0.0,0.0,0.0,0.0,0.0,0.0,0.0,1.0703612158755182,0.0,0.0,1.5749999999999998e-09
6439.0,0.8179606003983018,0.0,0.257851803,0.0,0.8179606003983018,0.0,0.0,0.0,0.0,0.0,0.0,0.0,0.0,0.0,1.0351427642389295,0.0,0.0,1.5749999999999998e-09
6440.0,0.7899447304853139,0.0,0.249554332,0.0,0.7899447304853139,0.0,0.0,0.0,0.0,0.0,0.0,0.0,0.0,0.0,1.0035272053653603,0.0,0.0,1.5749999999999998e-09
6441.0,0.772542449561524,0.0,0.237384888,0.0,0.772542449561524,0.0,0.0,0.0,0.0,0.0,0.0,0.0,0.0,0.0,0.9334713519662949,0.0,0.0,1.5749999999999998e-09
6442.0,0.7672000547469836,5.86e-05,0.227294063,1.2742215872084037e-05,0.7671873125311116,0.0,0.0,0.0,0.0,0.0,0.0,0.0,0.0,0.0,0.8663067643257674,0.0,0.0,1.5749999999999998e-09
6443.0,0.7790374326070697,0.004032081,0.221575655,0.0008767516470260832,0.7781606809600435,0.0,0.0,0.0,0.0,0.0,0.0,0.0,0.0,0.0,0.8142369172921522,0.0,0.0,1.5749999999999998e-09
6444.0,0.7983777496318823,0.032985816,0.209687057,0.007172566351345454,0.7912051832805369,0.0,0.0,0.0,0.0,0.0,0.0,0.0,0.0,0.0,0.7157526363922576,0.0,0.0,1.5749999999999998e-09
6445.0,0.8262178387779746,0.120269087,0.18395613,0.02615178616540027,0.8000660526125744,0.0,0.0,0.0,0.0,0.0,0.0,0.0,0.0,0.0,0.5219713327480543,0.0,0.0,1.5749999999999998e-09
6446.0,0.8694309446146584,0.264321474,0.173105994,0.0574751071900247,0.8119558374246338,0.0,0.0,0.0,0.0,0.0,0.0,0.0,0.0,0.0,0.4321048834549187,0.0,0.0,1.5749999999999998e-09
6447.0,0.9134250496562633,0.422609695,0.202334509,0.09189392428883265,0.8215311253674307,0.0,0.0,0.0,0.0,0.0,0.0,0.0,0.0,0.0,0.6325861429540249,0.0,0.0,1.5749999999999998e-09
6448.0,0.951714072187135,0.554059101,0.241598981,0.12047680325656676,0.8312372689305683,0.0,0.0,0.0,0.0,0.0,0.0,0.0,0.0,0.0,0.9050619516881314,0.0,0.0,1.5749999999999998e-09
6449.0,0.9866877393041543,0.640549451,0.264880509,0.13928360719090302,0.8474041321132513,0.0,0.0,0.0,0.0,0.0,0.0,0.0,0.0,0.0,1.0562124288100105,0.0,0.0,1.5749999999999998e-09
6450.0,1.0171333872989101,0.672233145,0.284300743,0.146173034982252,0.8709603523166582,0.0,0.0,0.0,0.0,0.0,0.0,0.0,0.0,0.0,1.1722235901363827,0.0,0.0,1.5749999999999998e-09
6451.0,1.0406546135770653,0.646884143,0.303224843,0.14066104768488188,0.8999935658921834,0.0,0.0,0.0,0.0,0.0,0.0,0.0,0.0,0.0,1.2791921922345348,0.0,0.0,1.5749999999999998e-09
6452.0,1.0586754639337932,0.567238522,0.319875073,0.12334258870795033,0.9353328752258429,0.0,0.0,0.0,0.0,0.0,0.0,0.0,0.0,0.0,1.3635130787032828,0.0,0.0,1.5749999999999998e-09
6453.0,1.0731206254750532,0.446867657,0.334671163,0.0971686715315086,0.9759519539435444,0.0,0.0,0.0,0.0,0.0,0.0,0.0,0.0,0.0,1.4292290492017201,0.0,0.0,1.5749999999999998e-09
6454.0,1.0797335366427496,0.304199073,0.333658771,0.066146250106721,1.0135872865360287,0.0,0.0,0.0,0.0,0.0,0.0,0.0,0.0,0.0,1.3843179597609048,0.0,0.0,1.5749999999999998e-09
6455.0,1.0760109928827963,0.160887848,0.332476007,0.03498409028005194,1.0410269026027443,0.0,0.0,0.0,0.0,0.0,0.0,0.0,0.0,0.0,1.3483781745176653,0.0,0.0,1.5749999999999998e-09
6456.0,1.0750163857586783,0.054792792,0.36642364,0.01191436149996927,1.063102024258709,0.0,0.0,0.0,0.0,0.0,0.0,0.0,0.0,0.0,1.5702744821938037,0.0,0.0,1.5749999999999998e-09
6457.0,1.0662807563931724,0.007385114,0.403205657,0.0016058484100332769,1.0646749079831392,0.0,0.0,0.0,0.0,0.0,0.0,0.0,0.0,0.0,1.833042893227913,0.0,0.0,1.5749999999999998e-09
6458.0,1.0345801688726082,1.45e-05,0.409809827,3.1529373744917837e-06,1.0345770159352337,0.0,0.0,0.0,0.0,0.0,0.0,0.0,0.0,0.0,1.9106029690001507,0.0,0.0,1.5749999999999998e-09
6459.0,0.9875399421487325,0.0,0.398329277,0.0,0.9875399421487325,0.0,0.0,0.0,0.0,0.0,0.0,0.0,0.0,0.0,1.875132782471369,0.0,0.0,1.5749999999999998e-09
6460.0,0.9337310479827838,0.0,0.374161944,0.0,0.9337310479827838,0.0,0.0,0.0,0.0,0.0,0.0,0.0,0.0,0.0,1.7552583221850382,0.0,0.0,1.5749999999999998e-09
6461.0,0.8792546330690438,0.0,0.350409995,0.0,0.8792546330690438,0.0,0.0,0.0,0.0,0.0,0.0,0.0,0.0,0.0,1.6390366225364688,0.0,0.0,1.5749999999999998e-09
6462.0,0.8307703350575519,0.0,0.332833911,0.0,0.8307703350575519,0.0,0.0,0.0,0.0,0.0,0.0,0.0,0.0,0.0,1.5612068904787333,0.0,0.0,1.5749999999999998e-09
6463.0,0.7949066389435778,0.0,0.320796368,0.0,0.7949066389435778,0.0,0.0,0.0,0.0,0.0,0.0,0.0,0.0,0.0,1.510560385090392,0.0,0.0,1.5749999999999998e-09
6464.0,0.7664502051970582,0.0,0.306749545,0.0,0.7664502051970582,0.0,0.0,0.0,0.0,0.0,0.0,0.0,0.0,0.0,1.4380665262234307,0.0,0.0,1.5749999999999998e-09
6465.0,0.7516267821320322,0.0,0.28215402,0.0,0.7516267821320322,0.0,0.0,0.0,0.0,0.0,0.0,0.0,0.0,0.0,1.2761293077019438,0.0,0.0,1.5749999999999998e-09
6466.0,0.7477462582651164,4.34e-05,0.258472437,9.4370677277892e-06,0.7477368211973887,0.0,0.0,0.0,0.0,0.0,0.0,0.0,0.0,0.0,1.109826853355179,0.0,0.0,1.5749999999999998e-09
6467.0,0.7528817216578408,0.003940653,0.241495572,0.0008568711809381497,0.7520248504769027,0.0,0.0,0.0,0.0,0.0,0.0,0.0,0.0,0.0,0.9835312007568856,0.0,0.0,1.5749999999999998e-09
6468.0,0.7655846523574926,0.031310435,0.222187088,0.006808264877454872,0.7587763874800378,0.0,0.0,0.0,0.0,0.0,0.0,0.0,0.0,0.0,0.8380153958675022,0.0,0.0,1.5749999999999998e-09
6469.0,0.7920629980181778,0.112520488,0.193770713,0.02446690013870719,0.7675960978794707,0.0,0.0,0.0,0.0,0.0,0.0,0.0,0.0,0.0,0.6249757439720881,0.0,0.0,1.5749999999999998e-09
6470.0,0.8326238185238549,0.249955364,0.180242992,0.05435128338691712,0.7782725351369377,0.0,0.0,0.0,0.0,0.0,0.0,0.0,0.0,0.0,0.5170796440660966,0.0,0.0,1.5749999999999998e-09
6471.0,0.872007576640987,0.400405147,0.210329885,0.08706567951139149,0.7849418971295956,0.0,0.0,0.0,0.0,0.0,0.0,0.0,0.0,0.0,0.7266357340621549,0.0,0.0,1.5749999999999998e-09
6472.0,0.9081204799941748,0.525944528,0.22160619,0.11436345925797521,0.7937570207361996,0.0,0.0,0.0,0.0,0.0,0.0,0.0,0.0,0.0,0.7988600233782353,0.0,0.0,1.5749999999999998e-09
6473.0,0.9453392440960999,0.610407404,0.213762604,0.13272940122331764,0.8126098428727824,0.0,0.0,0.0,0.0,0.0,0.0,0.0,0.0,0.0,0.7236377074536974,0.0,0.0,1.5749999999999998e-09
6474.0,0.978312571802406,0.644185513,0.208678225,0.14007424689957676,0.8382383249028292,0.0,0.0,0.0,0.0,0.0,0.0,0.0,0.0,0.0,0.6614693225710384,0.0,0.0,1.5749999999999998e-09
6475.0,1.005427288555887,0.619791108,0.204791649,0.13476983095109474,0.8706574576047924,0.0,0.0,0.0,0.0,0.0,0.0,0.0,0.0,0.0,0.6011185369633234,0.0,0.0,1.5749999999999998e-09
6476.0,1.0268858731135633,0.542827038,0.198301358,0.11803445903412907,0.9088514140794342,0.0,0.0,0.0,0.0,0.0,0.0,0.0,0.0,0.0,0.5162808108906278,0.0,0.0,1.5749999999999998e-09
6477.0,1.045643223025229,0.426796663,0.189363663,0.09280435517800514,0.9528388678472238,0.0,0.0,0.0,0.0,0.0,0.0,0.0,0.0,0.0,0.40806083098222634,0.0,0.0,1.5749999999999998e-09
6478.0,1.0638754554687184,0.290777885,0.179832941,0.06322789388221889,1.0006475615864996,0.0,0.0,0.0,0.0,0.0,0.0,0.0,0.0,0.0,0.29175770439377635,0.0,0.0,1.5749999999999998e-09
6479.0,1.074571371260201,0.155043209,0.191177722,0.03371320884946489,1.040858162410736,0.0,0.0,0.0,0.0,0.0,0.0,0.0,0.0,0.0,0.3330786329115024,0.0,0.0,1.5749999999999998e-09
6480.0,1.088253333256548,0.052268537,0.238828111,0.011365477504641838,1.0768878557519062,0.0,0.0,0.0,0.0,0.0,0.0,0.0,0.0,0.0,0.6394979554578535,0.0,0.0,1.5749999999999998e-09
6481.0,1.0876214138286229,0.006755461,0.295314389,0.0014689341702635611,1.0861524796583595,0.0,0.0,0.0,0.0,0.0,0.0,0.0,0.0,0.0,1.036183224473553,0.0,0.0,1.5749999999999998e-09
6482.0,1.0530438088953027,9.44e-06,0.313799674,2.0526709527725816e-06,1.05304175622435,0.0,0.0,0.0,0.0,0.0,0.0,0.0,0.0,0.0,1.202142132140651,0.0,0.0,1.5749999999999998e-09
6483.0,0.9998801861521162,0.0,0.31013773,0.0,0.9998801861521162,0.0,0.0,0.0,0.0,0.0,0.0,0.0,0.0,0.0,1.2289864119377685,0.0,0.0,1.5749999999999998e-09
6484.0,0.9422152442766409,0.0,0.297297564,0.0,0.9422152442766409,0.0,0.0,0.0,0.0,0.0,0.0,0.0,0.0,0.0,1.1943729421819682,0.0,0.0,1.5749999999999998e-09
6485.0,0.8827858212346036,0.0,0.279486503,0.0,0.8827858212346036,0.0,0.0,0.0,0.0,0.0,0.0,0.0,0.0,0.0,1.1257996261201841,0.0,0.0,1.5749999999999998e-09
6486.0,0.8364420410809296,0.0,0.260498683,0.0,0.8364420410809296,0.0,0.0,0.0,0.0,0.0,0.0,0.0,0.0,0.0,1.0356836541226346,0.0,0.0,1.5749999999999998e-09
6487.0,0.8024941317429488,0.0,0.24251224,0.0,0.8024941317429488,0.0,0.0,0.0,0.0,0.0,0.0,0.0,0.0,0.0,0.9403684066652533,0.0,0.0,1.5749999999999998e-09
6488.0,0.7820479539693987,0.0,0.223684634,0.0,0.7820479539693989,0.0,0.0,0.0,0.0,0.0,0.0,0.0,0.0,0.0,0.8255062421245785,0.0,0.0,1.5749999999999998e-09
6489.0,0.7787437227180988,0.0,0.200069505,0.0,0.7787437227180988,0.0,0.0,0.0,0.0,0.0,0.0,0.0,0.0,0.0,0.6590956430078231,0.0,0.0,1.5749999999999998e-09
6490.0,0.8035777411668075,3.36e-05,0.179528128,7.306116950546477e-06,1.0969941038787951,0.0,0.0,0.29342366882893817,0.0,0.0,0.0,0.0,0.0,0.0,0.19322056273659985,0.0,0.0,1.5749999999999998e-09
6491.0,0.8639728455105529,0.003447215,0.166278435,0.0007495760697523238,1.1949931075917788,0.0,0.0,0.33176983815097827,0.0,0.26408130194604434,0.0,0.0,0.0,0.0,0.0,0.0,0.0,1.575021454469746e-09
6492.0,0.9258008949795131,0.027264533,0.151128237,0.005928507937501006,1.0861131906701962,0.0,0.0,0.16624080362818408,0.0,0.5626705590456541,0.0,0.0,0.0,0.0,0.0,0.0,0.0,1.5750429092317427e-09
6493.0,0.958836524995585,0.099072738,0.125029584,0.021542768167822923,0.8985500201819155,0.0,0.0,0.0,0.03874373664584668,0.7122796177814656,0.0,0.0,0.0,0.0,0.0,0.0,0.0,1.7500715158733263e-09
6494.0,0.9930514432326372,0.223251441,0.111374091,0.04854467670607223,0.8004120985941415,0.0,0.0,0.0,0.14409466793242345,0.6735261786763495,0.0,0.0,0.0,0.0,0.0,0.0,0.0,1.7500953551472252e-09
6495.0,1.0359107617030945,0.361909657,0.119521155,0.0786950678444691,0.8589625975034506,0.0,0.0,0.0,0.0982530963551748,0.5294223361723779,0.0,0.0,0.0,0.0,0.0,0.0,0.0,1.7501191947458603e-09
6496.0,1.0706752725657873,0.479814796,0.133130589,0.10433282780293454,0.9567695069095031,0.0,0.0,0.0,0.00957293785334961,0.4311620281849665,0.0,0.0,0.0,0.0,0.0,0.0,0.0,1.7501430346692358e-09
6497.0,1.1047811620107306,0.559863945,0.138622043,0.12173903150489052,0.9962349353678436,0.0,0.0,0.013192804862003417,0.0,0.42158321717181757,0.0,0.0,0.0,0.0,0.0,0.0,0.0,1.57515018742562e-09
6498.0,1.1377322393920828,0.592935956,0.139548922,0.12893034043809765,1.0028961360014168,0.0,0.0,0.0,0.005905762952568359,0.4334509988675114,0.0,0.0,0.0,0.0,0.0,0.0,0.0,1.7501907154902246e-09
6499.0,1.1667649667541427,0.572336772,0.140219162,0.12445117236101949,1.0077129493207886,0.0,0.0,0.0,0.03460084507233435,0.42753933157547175,0.0,0.0,0.0,0.0,0.0,0.0,0.0,1.7502145563878474e-09
6500.0,1.1885973631705642,0.501659534,0.141522179,0.10908283407025736,1.0170773406447442,0.0,0.0,0.0,0.06243718845556262,0.3929326626906245,0.0,0.0,0.0,0.0,0.0,0.0,0.0,1.7502383976102281e-09
6501.0,1.1992665789720718,0.394314434,0.141661116,0.0857412907765637,1.0180758390813545,0.0,0.0,0.0,0.09544944911415357,0.3304901218242105,0.0,0.0,0.0,0.0,0.0,0.0,0.0,1.7502622391573711e-09
6502.0,1.2057037103727974,0.271140892,0.141725571,0.05895794842343726,1.0185390577828646,0.0,0.0,0.0,0.1282067041664956,0.2350361708727645,0.0,0.0,0.0,0.0,0.0,0.0,0.0,1.750286081029281e-09
6503.0,1.2032383309711634,0.145783862,0.148150585,0.031699819799831205,1.0647137012126073,0.0,0.0,0.0,0.1068248099587246,0.1068262651140601,0.0,0.0,0.0,0.0,0.0,0.0,0.0,1.7503099232259622e-09
6504.0,1.2094462796251941,0.050079956,0.183653368,0.010889583792089935,1.1985566958331042,0.0,0.0,0.0,0.0,0.0,0.0,0.0,0.0,0.0,0.12130483008284838,0.0,0.0,1.5749999999999998e-09
6505.0,1.1984210526248744,0.006666263,0.225375611,0.001449538604199429,1.1969715140206751,0.0,0.0,0.0,0.0,0.0,0.0,0.0,0.0,0.0,0.42273522524642165,0.0,0.0,1.5749999999999998e-09
6506.0,1.1557686645763083,5.76e-06,0.232470238,1.2524771915222534e-06,1.155767412099117,0.0,0.0,0.0,0.0,0.0,0.0,0.0,0.0,0.0,0.5149262778566516,0.0,0.0,1.5749999999999998e-09
6507.0,1.090654185515906,0.0,0.223469199,0.0,1.090654185515906,0.0,0.0,0.0,0.0,0.0,0.0,0.0,0.0,0.0,0.5153517440206309,0.0,0.0,1.5749999999999998e-09
6508.0,1.015444558437101,0.0,0.209597232,0.0,1.015444558437101,0.0,0.0,0.0,0.0,0.0,0.0,0.0,0.0,0.0,0.49086771597367873,0.0,0.0,1.5749999999999998e-09
6509.0,0.9465897339568876,0.0,0.193422497,0.0,0.9465897339568876,0.0,0.0,0.0,0.0,0.0,0.0,0.0,0.0,0.0,0.44347958422133266,0.0,0.0,1.5749999999999998e-09
6510.0,0.8917706578393231,0.0,0.180931866,0.0,0.8917706578393231,0.0,0.0,0.0,0.0,0.0,0.0,0.0,0.0,0.0,0.40853225163729845,0.0,0.0,1.5749999999999998e-09
6511.0,0.8516615273295794,0.0,0.171805012,0.0,0.8516615273295794,0.0,0.0,0.0,0.0,0.0,0.0,0.0,0.0,0.0,0.38304942715903384,0.0,0.0,1.5749999999999998e-09
6512.0,0.8250252015619317,0.0,0.170286572,0.0,0.8250252015619317,0.0,0.0,0.0,0.0,0.0,0.0,0.0,0.0,0.0,0.3987731812856766,0.0,0.0,1.5749999999999998e-09
6513.0,0.8178226457837828,0.0,0.167272036,0.0,0.8178226457837828,0.0,0.0,0.0,0.0,0.0,0.0,0.0,0.0,0.0,0.38431117339032655,0.0,0.0,1.5749999999999998e-09
6514.0,0.8397818726521711,1.73e-05,0.166590104,3.76178045370399e-06,0.8397781108717173,0.0,0.0,0.0,0.0,0.0,0.0,0.0,0.0,0.0,0.35745486809514404,0.0,0.0,1.5749999999999998e-09
6515.0,0.8977783495690691,0.002168679,0.165751699,0.000471566142922446,0.8973067834261466,0.0,0.0,0.0,0.0,0.0,0.0,0.0,0.0,0.0,0.29390083093844077,0.0,0.0,1.5749999999999998e-09
6516.0,0.9561063625273147,0.019695184,0.159481375,0.004282598740075351,0.9518237637872394,0.0,0.0,0.0,0.0,0.0,0.0,0.0,0.0,0.0,0.19432091765783094,0.0,0.0,1.5749999999999998e-09
6517.0,0.9860980956936266,0.086121802,0.147079527,0.018726665398922843,0.9673714302947037,0.0,0.0,0.0,0.0,0.0,0.0,0.0,0.0,0.0,0.08964489917014185,0.0,0.0,1.5749999999999998e-09
6518.0,1.0194986372384771,0.21095577,0.14935896,0.045871057351565,0.9736275798869121,0.0,0.0,0.0,0.0,0.0,0.0,0.0,0.0,0.0,0.0997703490572483,0.0,0.0,1.5749999999999998e-09
6519.0,1.0574294237380262,0.353579753,0.161711081,0.07688378055843265,0.9805456431795935,0.0,0.0,0.0,0.0,0.0,0.0,0.0,0.0,0.0,0.18162326475014404,0.0,0.0,1.5749999999999998e-09
6520.0,1.0898242339962063,0.474157909,0.164031219,0.10310277191013614,0.9867214620860701,0.0,0.0,0.0,0.0,0.0,0.0,0.0,0.0,0.0,0.19212157991680676,0.0,0.0,1.5749999999999998e-09
6521.0,1.1210486563633728,0.556207403,0.162115256,0.12094393854398024,1.0001047178193925,0.0,0.0,0.0,0.0,0.0,0.0,0.0,0.0,0.0,0.1649688742881875,0.0,0.0,1.5749999999999998e-09
6522.0,1.1497987989989389,0.591057299,0.160759757,0.1285218378264321,1.0212769611725068,0.0,0.0,0.0,0.0,0.0,0.0,0.0,0.0,0.0,0.13405506725997876,0.0,0.0,1.5749999999999998e-09
6523.0,1.1733311514394957,0.57597476,0.164255619,0.12524223086675418,1.0480889205727417,0.0,0.0,0.0,0.0,0.0,0.0,0.0,0.0,0.0,0.1323668167465398,0.0,0.0,1.5749999999999998e-09
6524.0,1.1847858171108705,0.512980111,0.172016337,0.11154442512709267,1.073241391983778,0.0,0.0,0.0,0.0,0.0,0.0,0.0,0.0,0.0,0.1629882917282721,0.0,0.0,1.5749999999999998e-09
6525.0,1.1948030869920845,0.411060556,0.179439081,0.08938263380632916,1.1054204531857554,0.0,0.0,0.0,0.0,0.0,0.0,0.0,0.0,0.0,0.18415425941965796,0.0,0.0,1.5749999999999998e-09
6526.0,1.2009487333363495,0.283721211,0.184611684,0.06169346276537719,1.1392552705709724,0.0,0.0,0.0,0.0,0.0,0.0,0.0,0.0,0.0,0.18749338424353468,0.0,0.0,1.5749999999999998e-09
6527.0,1.1987570383312431,0.149664652,0.191295004,0.03254367413317976,1.1662133641980634,0.0,0.0,0.0,0.0,0.0,0.0,0.0,0.0,0.0,0.20856630158807252,0.0,0.0,1.5749999999999998e-09
6528.0,1.199215402824708,0.048674047,0.224215115,0.010583877376142737,1.188631525448565,0.0,0.0,0.0,0.0,0.0,0.0,0.0,0.0,0.0,0.42273507806137306,0.0,0.0,1.5749999999999998e-09
6529.0,1.1870798654106298,0.005786895,0.275359663,0.0012583253467420435,1.1858215400638878,0.0,0.0,0.0,0.0,0.0,0.0,0.0,0.0,0.0,0.7931055492715086,0.0,0.0,1.5749999999999998e-09
6530.0,1.1452507543842319,3e-06,0.297065242,6.52331870584507e-07,1.1452501020523613,0.0,0.0,0.0,0.0,0.0,0.0,0.0,0.0,0.0,0.9896684560582187,0.0,0.0,1.5749999999999998e-09
6531.0,1.0812777353925838,0.0,0.298094395,0.0,1.0812777353925838,0.0,0.0,0.0,0.0,0.0,0.0,0.0,0.0,0.0,1.0610370358328083,0.0,0.0,1.5749999999999998e-09
6532.0,1.0076634842109014,0.0,0.292459091,0.0,1.0076634842109014,0.0,0.0,0.0,0.0,0.0,0.0,0.0,0.0,0.0,1.0941520518660217,0.0,0.0,1.5749999999999998e-09
6533.0,0.9384281733744115,0.0,0.282459003,0.0,0.9384281733744115,0.0,0.0,0.0,0.0,0.0,0.0,0.0,0.0,0.0,1.091519737563321,0.0,0.0,1.5749999999999998e-09
6534.0,0.8855604843527818,0.0,0.269860309,0.0,0.8855604843527818,0.0,0.0,0.0,0.0,0.0,0.0,0.0,0.0,0.0,1.053844401600034,0.0,0.0,1.5749999999999998e-09
6535.0,0.8468531483133324,0.0,0.255764385,0.0,0.8468531483133324,0.0,0.0,0.0,0.0,0.0,0.0,0.0,0.0,0.0,0.9912485709050985,0.0,0.0,1.5749999999999998e-09
6536.0,0.8212982071370328,0.0,0.242451732,0.0,0.8212982071370328,0.0,0.0,0.0,0.0,0.0,0.0,0.0,0.0,0.0,0.921129478471682,0.0,0.0,1.5749999999999998e-09
6537.0,0.8131588968795108,0.0,0.227024047,0.0,0.8131588968795108,0.0,0.0,0.0,0.0,0.0,0.0,0.0,0.0,0.0,0.8183946561870191,0.0,0.0,1.5749999999999998e-09
6538.0,0.8335338730132533,2.62e-06,0.216255655,5.69703166977136e-07,0.8335333033100863,0.0,0.0,0.0,0.0,0.0,0.0,0.0,0.0,0.0,0.7206310548205731,0.0,0.0,1.5749999999999998e-09
6539.0,0.8912967175184356,0.001316701,0.212276986,0.00028630867544349696,0.8910104088429922,0.0,0.0,0.0,0.0,0.0,0.0,0.0,0.0,0.0,0.6345604516859543,0.0,0.0,1.5749999999999998e-09
6540.0,0.9469857961405868,0.023211524,0.204189083,0.005047205623345726,0.941938590517241,0.0,0.0,0.0,0.0,0.0,0.0,0.0,0.0,0.0,0.5255069434179659,0.0,0.0,1.5749999999999998e-09
6541.0,0.9765925922856765,0.103532497,0.192468036,0.022512515811431617,0.9540800764742449,0.0,0.0,0.0,0.0,0.0,0.0,0.0,0.0,0.0,0.42912981753111035,0.0,0.0,1.5749999999999998e-09
6542.0,1.0092455101130369,0.237818724,0.199845867,0.05171224436231353,0.9575332657507234,0.0,0.0,0.0,0.0,0.0,0.0,0.0,0.0,0.0,0.47869888092363844,0.0,0.0,1.5749999999999998e-09
6543.0,1.0754369240997665,0.38675866,0.216321596,0.08409833338085243,0.9913385907189142,0.0,0.0,0.0,0.0,0.0,0.0,0.0,0.0,0.0,0.5632996655483722,0.0,0.0,1.5749999999999998e-09
6544.0,1.092796929206159,0.511271505,0.21678377,0.11117289907773535,0.9816240301284237,0.0,0.0,0.0,0.0,0.0,0.0,0.0,0.0,0.0,0.5763357316877216,0.0,0.0,1.5749999999999998e-09
6545.0,1.1109579590099161,0.592969598,0.215624645,0.12893765568769439,0.9820203033222217,0.0,0.0,0.0,0.0,0.0,0.0,0.0,0.0,0.0,0.5676091757014659,0.0,0.0,1.5749999999999998e-09
6546.0,1.1384776382770625,0.622280605,0.215462871,0.13531115702936958,1.0031664812476928,0.0,0.0,0.0,0.0,0.0,0.0,0.0,0.0,0.0,0.5453003766881336,0.0,0.0,1.5749999999999998e-09
6547.0,1.1729951657331275,0.597164414,0.218723293,0.1298497930770403,1.043145372656087,0.0,0.0,0.0,0.0,0.0,0.0,0.0,0.0,0.0,0.5287531576901792,0.0,0.0,1.5749999999999998e-09
6548.0,1.1742167297715052,0.521012207,0.223930275,0.1132909558632241,1.060925773908281,0.0,0.0,0.0,0.0,0.0,0.0,0.0,0.0,0.0,0.5483937701813156,0.0,0.0,1.5749999999999998e-09
6549.0,1.1844275800796231,0.404135465,0.228010721,0.0878768146176632,1.0965507654619597,0.0,0.0,0.0,0.0,0.0,0.0,0.0,0.0,0.0,0.5420937169210507,0.0,0.0,1.5749999999999998e-09
6550.0,1.1867772551916922,0.266810416,0.227963418,0.05801631258690349,1.1287609426047887,0.0,0.0,0.0,0.0,0.0,0.0,0.0,0.0,0.0,0.5095435873426074,0.0,0.0,1.5749999999999998e-09
6551.0,1.1753782163326274,0.130632776,0.234308399,0.028405307709242298,1.1469729086233853,0.0,0.0,0.0,0.0,0.0,0.0,0.0,0.0,0.0,0.5369310916510005,0.0,0.0,1.5749999999999998e-09
6552.0,1.1693015477955844,0.03967264,0.284552699,0.008626575820741911,1.1606749719748426,0.0,0.0,0.0,0.0,0.0,0.0,0.0,0.0,0.0,0.8843197024797136,0.0,0.0,1.5749999999999998e-09
6553.0,1.1567855230253052,0.004676566,0.334332793,0.0010168910155639683,1.1557686320097411,0.0,0.0,0.0,0.0,0.0,0.0,0.0,0.0,0.0,1.246980607703207,0.0,0.0,1.5749999999999998e-09
6554.0,1.1123642041451558,1.63e-06,0.345895368,3.5443364968424876e-07,1.112363849711506,0.0,0.0,0.0,0.0,0.0,0.0,0.0,0.0,0.0,1.3734821393244256,0.0,0.0,1.5749999999999998e-09
6555.0,1.049530421389676,0.0,0.338468946,0.0,1.049530421389676,0.0,0.0,0.0,0.0,0.0,0.0,0.0,0.0,0.0,1.3829441060729741,0.0,0.0,1.5749999999999998e-09
6556.0,0.9760474493250568,0.0,0.323663626,0.0,0.9760474493250569,0.0,0.0,0.0,0.0,0.0,0.0,0.0,0.0,0.0,1.3500256956871823,0.0,0.0,1.5749999999999998e-09
6557.0,0.9091796142605691,0.0,0.30914765,0.0,0.9091796142605691,0.0,0.0,0.0,0.0,0.0,0.0,0.0,0.0,0.0,1.3125715766151185,0.0,0.0,1.5749999999999998e-09
6558.0,0.8611403297476299,0.0,0.291669744,0.0,0.8611403297476299,0.0,0.0,0.0,0.0,0.0,0.0,0.0,0.0,0.0,1.2350024068198544,0.0,0.0,1.5749999999999998e-09
6559.0,0.8208109168211579,0.0,0.275799944,0.0,0.8208109168211579,0.0,0.0,0.0,0.0,0.0,0.0,0.0,0.0,0.0,1.1612803396559588,0.0,0.0,1.5749999999999998e-09
6560.0,0.7957788672805997,0.0,0.26398328,0.0,0.7957788672805997,0.0,0.0,0.0,0.0,0.0,0.0,0.0,0.0,0.0,1.101389578642473,0.0,0.0,1.5749999999999998e-09
6561.0,0.7860619817858878,0.0,0.249888482,0.0,0.7860619817858878,0.0,0.0,0.0,0.0,0.0,0.0,0.0,0.0,0.0,1.0098113896261793,0.0,0.0,1.5749999999999998e-09
6562.0,0.8029302459114597,1.07e-05,0.238380437,2.3266503384180744e-06,0.8029279192611214,0.0,0.0,0.0,0.0,0.0,0.0,0.0,0.0,0.0,0.910240593539208,0.0,0.0,1.5749999999999998e-09
6563.0,0.8570217228040529,0.002096585,0.231019279,0.0004558897382964729,0.8565658330657564,0.0,0.0,0.0,0.0,0.0,0.0,0.0,0.0,0.0,0.8037002509025115,0.0,0.0,1.5749999999999998e-09
6564.0,0.9110976248691481,0.025900283,0.222580204,0.005631860019352702,0.9054657648497956,0.0,0.0,0.0,0.0,0.0,0.0,0.0,0.0,0.0,0.6941512249683495,0.0,0.0,1.5749999999999998e-09
6565.0,0.9332993844792186,0.103608172,0.225409303,0.02252897088286711,0.9107704135963515,0.0,0.0,0.0,0.0,0.0,0.0,0.0,0.0,0.0,0.7091784599425827,0.0,0.0,1.5749999999999998e-09
6566.0,0.9580199244707976,0.229155322,0.246961397,0.04982843995155167,0.9081914845192459,0.0,0.0,0.0,0.0,0.0,0.0,0.0,0.0,0.0,0.8666458072572673,0.0,0.0,1.5749999999999998e-09
6567.0,0.9863628797601874,0.369033325,0.267638984,0.08024406640175677,0.9061188133584307,0.0,0.0,0.0,0.0,0.0,0.0,0.0,0.0,0.0,1.017322077836308,0.0,0.0,1.5749999999999998e-09
6568.0,1.0057410229373767,0.488238328,0.291477711,0.10616447393176402,0.8995765490056127,0.0,0.0,0.0,0.0,0.0,0.0,0.0,0.0,0.0,1.19518610414077,0.0,0.0,1.5749999999999998e-09
6569.0,1.027435465739204,0.569458455,0.318008962,0.12382529972343775,0.9036101660157663,0.0,0.0,0.0,0.0,0.0,0.0,0.0,0.0,0.0,1.3818246093501187,0.0,0.0,1.5749999999999998e-09
6570.0,1.0469359887034142,0.601176509,0.344551351,0.13072219888914458,0.9162137898142697,0.0,0.0,0.0,0.0,0.0,0.0,0.0,0.0,0.0,1.559973153227597,0.0,0.0,1.5749999999999998e-09
6571.0,1.0617060107885659,0.578788168,0.370402522,0.12585398943453996,0.935852021354026,0.0,0.0,0.0,0.0,0.0,0.0,0.0,0.0,0.0,1.7261195134671445,0.0,0.0,1.5749999999999998e-09
6572.0,1.0735923399635054,0.505574529,0.396050171,0.10993412607415035,0.9636582138893551,0.0,0.0,0.0,0.0,0.0,0.0,0.0,0.0,0.0,1.8826352613020938,0.0,0.0,1.5749999999999998e-09
6573.0,1.0839611713785107,0.392985853,0.421893026,0.0854523988669127,0.9985087725115979,0.0,0.0,0.0,0.0,0.0,0.0,0.0,0.0,0.0,2.033509529868017,0.0,0.0,1.5749999999999998e-09
6574.0,1.090683111338316,0.259908876,0.440867767,0.056515614420865556,1.0341674969174504,0.0,0.0,0.0,0.0,0.0,0.0,0.0,0.0,0.0,2.134216562773623,0.0,0.0,1.5749999999999998e-09
6575.0,1.089345844010298,0.127687038,0.45241967,0.027764774782645007,1.061581069227653,0.0,0.0,0.0,0.0,0.0,0.0,0.0,0.0,0.0,2.189823043331784,0.0,0.0,1.5749999999999998e-09
6576.0,1.093818236320252,0.039620768,0.48837183,0.008615296567811593,1.0852029397524403,0.0,0.0,0.0,0.0,0.0,0.0,0.0,0.0,0.0,2.42457853486863,0.0,0.0,1.5749999999999998e-09
6577.0,1.0897485816914534,0.00452559,0.520193297,0.0009840621967328463,1.0887645194947206,0.0,0.0,0.0,0.0,0.0,0.0,0.0,0.0,0.0,2.649708268816302,0.0,0.0,1.5749999999999998e-09
6578.0,1.0551798770880996,7.3e-07,0.5341276,1.587340885088967e-07,1.055179718354011,0.0,0.0,0.0,0.0,0.0,0.0,0.0,0.0,0.0,2.7834347151685233,0.0,0.0,1.5749999999999998e-09
6579.0,1.000124943726309,0.0,0.530334314,0.0,1.000124943726309,0.0,0.0,0.0,0.0,0.0,0.0,0.0,0.0,0.0,2.811228284065462,0.0,0.0,1.5749999999999998e-09
6580.0,0.9391179454470817,0.0,0.515548575,0.0,0.9391179454470817,0.0,0.0,0.0,0.0,0.0,0.0,0.0,0.0,0.0,2.7659746226527036,0.0,0.0,1.5749999999999998e-09
6581.0,0.8790966529620814,0.0,0.496804184,0.0,0.8790966529620814,0.0,0.0,0.0,0.0,0.0,0.0,0.0,0.0,0.0,2.691285614003312,0.0,0.0,1.5749999999999998e-09
6582.0,0.8288879247689143,0.0,0.472904839,0.0,0.8288879247689143,0.0,0.0,0.0,0.0,0.0,0.0,0.0,0.0,0.0,2.5697369369084275,0.0,0.0,1.5749999999999998e-09
6583.0,0.7923010810948391,0.0,0.455110151,0.0,0.7923010810948391,0.0,0.0,0.0,0.0,0.0,0.0,0.0,0.0,0.0,2.478438709305845,0.0,0.0,1.5749999999999998e-09
6584.0,0.7685617982323907,0.0,0.438114475,0.0,0.7685617982323907,0.0,0.0,0.0,0.0,0.0,0.0,0.0,0.0,0.0,2.3800351798495276,0.0,0.0,1.5749999999999998e-09
6585.0,0.7604669896247013,0.0,0.416116952,0.0,0.7604669896247013,0.0,0.0,0.0,0.0,0.0,0.0,0.0,0.0,0.0,2.2300404059500707,0.0,0.0,1.5749999999999998e-09
6586.0,0.7778826205434787,7.48e-06,0.400400819,1.6264807973240375e-06,0.7778809940626813,0.0,0.0,0.0,0.0,0.0,0.0,0.0,0.0,0.0,2.0996792799385946,0.0,0.0,1.5749999999999998e-09
6587.0,0.8328596767680058,0.00153827,0.390736446,0.0003344875155213432,0.8325251892524844,0.0,0.0,0.0,0.0,0.0,0.0,0.0,0.0,0.0,1.975580142355353,0.0,0.0,1.5749999999999998e-09
6588.0,0.8879991627645163,0.021385366,0.380406056,0.004650118601971439,0.8833490441625448,0.0,0.0,0.0,0.0,0.0,0.0,0.0,0.0,0.0,1.8505148811635035,0.0,0.0,1.5749999999999998e-09
6589.0,0.9127197017561706,0.09426881,0.392039214,0.020498183055025158,0.8922215187011454,0.0,0.0,0.0,0.0,0.0,0.0,0.0,0.0,0.0,1.9252464147425292,0.0,0.0,1.5749999999999998e-09
6590.0,0.9362008770494389,0.216799832,0.455651854,0.047141813316988954,0.8890590637324499,0.0,0.0,0.0,0.0,0.0,0.0,0.0,0.0,0.0,2.385573783223413,0.0,0.0,1.5749999999999998e-09
6591.0,0.9610793971479804,0.354716765,0.497491225,0.07713101694671165,0.8839483802012686,0.0,0.0,0.0,0.0,0.0,0.0,0.0,0.0,0.0,2.6913714438179484,0.0,0.0,1.5749999999999998e-09
6592.0,0.977400293480422,0.472270738,0.541141438,0.10269241798062187,0.8747078754998002,0.0,0.0,0.0,0.0,0.0,0.0,0.0,0.0,0.0,3.0143129024640043,0.0,0.0,1.5749999999999998e-09
6593.0,0.9896648851790525,0.552993222,0.581146006,0.12024503430927118,0.8694198508697812,0.0,0.0,0.0,0.0,0.0,0.0,0.0,0.0,0.0,3.3071017267749117,0.0,0.0,1.5749999999999998e-09
6594.0,1.002692675422671,0.585457081,0.621281721,0.1273041042652251,0.875388571157446,0.0,0.0,0.0,0.0,0.0,0.0,0.0,0.0,0.0,3.589576320217425,0.0,0.0,1.5749999999999998e-09
6595.0,1.0127277459638182,0.566577904,0.6642343,0.1231989413160564,0.8895288046477619,0.0,0.0,0.0,0.0,0.0,0.0,0.0,0.0,0.0,3.884123354912496,0.0,0.0,1.5749999999999998e-09
6596.0,1.016966506861981,0.499712359,0.703348507,0.10865943263355556,0.9083070742284255,0.0,0.0,0.0,0.0,0.0,0.0,0.0,0.0,0.0,4.146447128263123,0.0,0.0,1.5749999999999998e-09
6597.0,1.023425887587736,0.391812978,0.730714452,0.08519736428600876,0.9382285233017271,0.0,0.0,0.0,0.0,0.0,0.0,0.0,0.0,0.0,4.313196496170603,0.0,0.0,1.5749999999999998e-09
6598.0,1.0270060270681494,0.260860206,0.733064453,0.0567224753803466,0.9702835516878029,0.0,0.0,0.0,0.0,0.0,0.0,0.0,0.0,0.0,4.298030218257996,0.0,0.0,1.5749999999999998e-09
6599.0,1.0247119787683898,0.130283171,0.700303136,0.02832928821470373,0.996382690553686,0.0,0.0,0.0,0.0,0.0,0.0,0.0,0.0,0.0,4.036485346392344,0.0,0.0,1.5749999999999998e-09
6600.0,1.0233257601255183,0.042130815,0.675093291,0.009161091119399934,1.0141646690061183,0.0,0.0,0.0,0.0,0.0,0.0,0.0,0.0,0.0,3.8375277932572596,0.0,0.0,1.5749999999999998e-09
6601.0,1.0143698483432841,0.00492616,0.658450423,0.0010711637225328582,1.0132986846207512,0.0,0.0,0.0,0.0,0.0,0.0,0.0,0.0,0.0,3.7187864903202517,0.0,0.0,1.5749999999999998e-09
6602.0,0.9862538509680786,3e-07,0.630635105,6.523318705845069e-08,0.9862537857348916,0.0,0.0,0.0,0.0,0.0,0.0,0.0,0.0,0.0,3.545931063613839,0.0,0.0,1.5749999999999998e-09
6603.0,0.9433188791929432,0.0,0.606558947,0.0,0.9433188791929432,0.0,0.0,0.0,0.0,0.0,0.0,0.0,0.0,0.0,3.4158378630095383,0.0,0.0,1.5749999999999998e-09
6604.0,0.8928253414407716,0.0,0.582542337,0.0,0.8928253414407716,0.0,0.0,0.0,0.0,0.0,0.0,0.0,0.0,0.0,3.293731247183648,0.0,0.0,1.5749999999999998e-09
6605.0,0.8415819551385995,0.0,0.557016774,0.0,0.8415819551385995,0.0,0.0,0.0,0.0,0.0,0.0,0.0,0.0,0.0,3.1615300884827366,0.0,0.0,1.5749999999999998e-09
6606.0,0.7997706447721347,0.0,0.534955775,0.0,0.7997706447721347,0.0,0.0,0.0,0.0,0.0,0.0,0.0,0.0,0.0,3.044795633419132,0.0,0.0,1.5749999999999998e-09
6607.0,0.7679343274695616,0.0,0.514153821,0.0,0.7679343274695615,0.0,0.0,0.0,0.0,0.0,0.0,0.0,0.0,0.0,2.927134563075247,0.0,0.0,1.5749999999999998e-09
6608.0,0.7457192178645037,0.0,0.489929817,0.0,0.7457192178645037,0.0,0.0,0.0,0.0,0.0,0.0,0.0,0.0,0.0,2.7752590407936406,0.0,0.0,1.5749999999999998e-09
6609.0,0.7339686174716479,0.0,0.457525765,0.0,0.7339686174716479,0.0,0.0,0.0,0.0,0.0,0.0,0.0,0.0,0.0,2.5541314643017694,0.0,0.0,1.5749999999999998e-09
6610.0,0.7341866750558657,5.56e-06,0.428286273,1.2089884001499528e-06,0.7341854660674655,0.0,0.0,0.0,0.0,0.0,0.0,0.0,0.0,0.0,2.3437791798661514,0.0,0.0,1.5749999999999998e-09
6611.0,0.7499735535901646,0.001719587,0.404766449,0.0003739138014476002,0.7495996397887169,0.0,0.0,0.0,0.0,0.0,0.0,0.0,0.0,0.0,2.159335104150864,0.0,0.0,1.5749999999999998e-09
6612.0,0.7768457376019632,0.019851238,0.386560533,0.004316531739319416,0.7725292058626437,0.0,0.0,0.0,0.0,0.0,0.0,0.0,0.0,0.0,2.0055650948324786,0.0,0.0,1.5749999999999998e-09
6613.0,0.8064881340669944,0.084209991,0.374895268,0.018310953650311497,0.7881771804166828,0.0,0.0,0.0,0.0,0.0,0.0,0.0,0.0,0.0,1.9060823688073205,0.0,0.0,1.5749999999999998e-09
6614.0,0.8441808384898069,0.195228977,0.420336782,0.042451361252903226,0.8017294772369037,0.0,0.0,0.0,0.0,0.0,0.0,0.0,0.0,0.0,2.219104567522467,0.0,0.0,1.5749999999999998e-09
6615.0,0.8762685878641039,0.325310432,0.436275291,0.07073678754240467,0.8055318003216992,0.0,0.0,0.0,0.0,0.0,0.0,0.0,0.0,0.0,2.3298475154482476,0.0,0.0,1.5749999999999998e-09
6616.0,0.8967192163025994,0.438392156,0.432176212,0.095325725057685,0.8013934912449145,0.0,0.0,0.0,0.0,0.0,0.0,0.0,0.0,0.0,2.3045269764641025,0.0,0.0,1.5749999999999998e-09
6617.0,0.9092152155804352,0.516474254,0.436533363,0.1123042054068526,0.7969110101735826,0.0,0.0,0.0,0.0,0.0,0.0,0.0,0.0,0.0,2.340322991450621,0.0,0.0,1.5749999999999998e-09
6618.0,0.9161997137743663,0.547973774,0.451494788,0.11915358567489062,0.7970461280994756,0.0,0.0,0.0,0.0,0.0,0.0,0.0,0.0,0.0,2.4477111356648322,0.0,0.0,1.5749999999999998e-09
6619.0,0.9215621340813501,0.525738469,0.471181328,0.11431865297366828,0.8072434811076818,0.0,0.0,0.0,0.0,0.0,0.0,0.0,0.0,0.0,2.578995025322459,0.0,0.0,1.5749999999999998e-09
6620.0,0.9266108210067691,0.459928023,0.489681994,0.10000856919260805,0.826602251814161,0.0,0.0,0.0,0.0,0.0,0.0,0.0,0.0,0.0,2.6925949774705553,0.0,0.0,1.5749999999999998e-09
6621.0,0.9335908685357545,0.361123819,0.498961098,0.07852419212029699,0.8550666764154575,0.0,0.0,0.0,0.0,0.0,0.0,0.0,0.0,0.0,2.7308166828212714,0.0,0.0,1.5749999999999998e-09
6622.0,0.941245113309912,0.24177211,0.500036949,0.052571884257154394,0.8886732290527576,0.0,0.0,0.0,0.0,0.0,0.0,0.0,0.0,0.0,2.704941947781339,0.0,0.0,1.5749999999999998e-09
6623.0,0.9470436487853315,0.123556007,0.486153097,0.02686650705608748,0.920177141729244,0.0,0.0,0.0,0.0,0.0,0.0,0.0,0.0,0.0,2.5736589660582596,0.0,0.0,1.5749999999999998e-09
6624.0,0.956504650543449,0.041630115,0.480093206,0.009052216930199381,0.9474524336132496,0.0,0.0,0.0,0.0,0.0,0.0,0.0,0.0,0.0,2.502833059942424,0.0,0.0,1.5749999999999998e-09
6625.0,0.9537566874152456,0.004638797,0.477551434,0.0010086783747572665,0.9527480090404883,0.0,0.0,0.0,0.0,0.0,0.0,0.0,0.0,0.0,2.4792705335358245,0.0,0.0,1.5749999999999998e-09
6626.0,0.9313146208959282,1.02e-07,0.470297261,2.2179283599873237e-08,0.9313145987166447,0.0,0.0,0.0,0.0,0.0,0.0,0.0,0.0,0.0,2.4485703840491113,0.0,0.0,1.5749999999999998e-09
6627.0,0.895355247984682,0.0,0.456677763,0.0,0.895355247984682,0.0,0.0,0.0,0.0,0.0,0.0,0.0,0.0,0.0,2.386650498433558,0.0,0.0,1.5749999999999998e-09
6628.0,0.8517149283094538,0.0,0.432457283,0.0,0.8517149283094538,0.0,0.0,0.0,0.0,0.0,0.0,0.0,0.0,0.0,2.2562255121503525,0.0,0.0,1.5749999999999998e-09
6629.0,0.806216675502902,0.0,0.402221188,0.0,0.806216675502902,0.0,0.0,0.0,0.0,0.0,0.0,0.0,0.0,0.0,2.084426043063562,0.0,0.0,1.5749999999999998e-09
6630.0,0.7688399312940144,0.0,0.375015698,0.0,0.7688399312940144,0.0,0.0,0.0,0.0,0.0,0.0,0.0,0.0,0.0,1.9262851121231912,0.0,0.0,1.5749999999999998e-09
6631.0,0.7393443897734687,0.0,0.351745467,0.0,0.7393443897734687,0.0,0.0,0.0,0.0,0.0,0.0,0.0,0.0,0.0,1.7885445014808388,0.0,0.0,1.5749999999999998e-09
6632.0,0.7199729210938108,0.0,0.327217838,0.0,0.7199729210938108,0.0,0.0,0.0,0.0,0.0,0.0,0.0,0.0,0.0,1.6316432767076854,0.0,0.0,1.5749999999999998e-09
6633.0,0.708262371685842,0.0,0.295508978,0.0,0.708262371685842,0.0,0.0,0.0,0.0,0.0,0.0,0.0,0.0,0.0,1.415471785070508,0.0,0.0,1.5749999999999998e-09
6634.0,0.7071542861045942,5.36e-06,0.271895813,1.1654996087776524e-06,0.7071531206049855,0.0,0.0,0.0,0.0,0.0,0.0,0.0,0.0,0.0,1.2468803204606773,0.0,0.0,1.5749999999999998e-09
6635.0,0.7171092546759672,0.00243089,0.260937819,0.0005285823402950573,0.7165806723356721,0.0,0.0,0.0,0.0,0.0,0.0,0.0,0.0,0.0,1.158700961238947,0.0,0.0,1.5749999999999998e-09
6636.0,0.7333211222163,0.024409435,0.253426293,0.005307684131153644,0.7280134380851463,0.0,0.0,0.0,0.0,0.0,0.0,0.0,0.0,0.0,1.0932851170614348,0.0,0.0,1.5749999999999998e-09
6637.0,0.7593322030535539,0.090094602,0.248898675,0.01959052675074222,0.7397416763028116,0.0,0.0,0.0,0.0,0.0,0.0,0.0,0.0,0.0,1.049018249863959,0.0,0.0,1.5749999999999998e-09
6638.0,0.7942635933532509,0.20253638,0.244113001,0.04404031187560484,0.7502232814776462,0.0,0.0,0.0,0.0,0.0,0.0,0.0,0.0,0.0,1.0041434448422462,0.0,0.0,1.5749999999999998e-09
6639.0,0.8222683381037618,0.337737792,0.255087965,0.07343904187414703,0.7488292962296147,0.0,0.0,0.0,0.0,0.0,0.0,0.0,0.0,0.0,1.0844111958679499,0.0,0.0,1.5749999999999998e-09
6640.0,0.839786322317192,0.453858529,0.272085609,0.09868879440110091,0.7410975279160911,0.0,0.0,0.0,0.0,0.0,0.0,0.0,0.0,0.0,1.214299919924404,0.0,0.0,1.5749999999999998e-09
6641.0,0.8562496239290982,0.533246814,0.275194944,0.11595129721994954,0.7402983267091485,0.0,0.0,0.0,0.0,0.0,0.0,0.0,0.0,0.0,1.2374449767090336,0.0,0.0,1.5749999999999998e-09
6642.0,0.8675262840010667,0.56573211,0.274204315,0.12301502852200669,0.7445112554790599,0.0,0.0,0.0,0.0,0.0,0.0,0.0,0.0,0.0,1.226112695227025,0.0,0.0,1.5749999999999998e-09
6643.0,0.8785047845190432,0.546507358,0.272063439,0.11883472237744562,0.7596700621415976,0.0,0.0,0.0,0.0,0.0,0.0,0.0,0.0,0.0,1.1955680565760602,0.0,0.0,1.5749999999999998e-09
6644.0,0.8862302309330083,0.477668747,0.266913195,0.10386618241675585,0.7823640485162524,0.0,0.0,0.0,0.0,0.0,0.0,0.0,0.0,0.0,1.135860815401311,0.0,0.0,1.5749999999999998e-09
6645.0,0.8985014981290949,0.369996042,0.259632723,0.0804534033955746,0.8180480947335202,0.0,0.0,0.0,0.0,0.0,0.0,0.0,0.0,0.0,1.0478542063693588,0.0,0.0,1.5749999999999998e-09
6646.0,0.9144797332577119,0.244025914,0.249403012,0.05306196031690468,0.8614177729408072,0.0,0.0,0.0,0.0,0.0,0.0,0.0,0.0,0.0,0.9309666715761844,0.0,0.0,1.5749999999999998e-09
6647.0,0.9287068382146788,0.121735498,0.246050936,0.0264706483756255,0.9022361898390533,0.0,0.0,0.0,0.0,0.0,0.0,0.0,0.0,0.0,0.8660578925325174,0.0,0.0,1.5749999999999998e-09
6648.0,0.9512245570387495,0.039826557,0.252740714,0.008660044142250162,0.9425645128964993,0.0,0.0,0.0,0.0,0.0,0.0,0.0,0.0,0.0,0.8738069921505919,0.0,0.0,1.5749999999999998e-09
6649.0,0.9596041742055187,0.00418837,0.253889823,0.0009107357456000105,0.9586934384599187,0.0,0.0,0.0,0.0,0.0,0.0,0.0,0.0,0.0,0.8659363673997329,0.0,0.0,1.5749999999999998e-09
6650.0,0.9353419997073292,2.28e-08,0.251702537,4.9577222164422524e-09,0.9353419947496071,0.0,0.0,0.0,0.0,0.0,0.0,0.0,0.0,0.0,0.8735684444084513,0.0,0.0,1.5749999999999998e-09
6651.0,0.8933259827515588,0.0,0.245585438,0.0,0.8933259827515588,0.0,0.0,0.0,0.0,0.0,0.0,0.0,0.0,0.0,0.8716227054827759,0.0,0.0,1.5749999999999998e-09
6652.0,0.8430616277460821,0.0,0.235830564,0.0,0.8430616277460821,0.0,0.0,0.0,0.0,0.0,0.0,0.0,0.0,0.0,0.8517817146240928,0.0,0.0,1.5749999999999998e-09
6653.0,0.7950379180606408,0.0,0.223360661,0.0,0.7950379180606408,0.0,0.0,0.0,0.0,0.0,0.0,0.0,0.0,0.0,0.8101879815104238,0.0,0.0,1.5749999999999998e-09
6654.0,0.7589739660223066,0.0,0.213058308,0.0,0.7589739660223066,0.0,0.0,0.0,0.0,0.0,0.0,0.0,0.0,0.0,0.7722120207544292,0.0,0.0,1.5749999999999998e-09
6655.0,0.7334168000134967,0.0,0.203434841,0.0,0.9975629606356892,0.0,0.0,0.2641461606221925,0.0,0.0,0.0,0.0,0.0,0.0,0.4644620628679866,0.0,0.0,1.5749999999999998e-09
6656.0,0.7190673172693582,0.0,0.194358043,0.0,1.3609093267531625,0.0,0.0,0.6418420094838041,0.0,0.23773154455997328,0.0,0.0,0.0,0.0,0.035883479181212645,0.0,0.0,1.5749999999999998e-09
6657.0,0.7189516129797933,0.0,0.179855668,0.0,1.292568598094607,0.0,0.0,0.5736169851148137,0.0,0.8153861147876165,0.0,0.0,0.0,0.0,0.0,0.0,0.0,1.5750429092317427e-09
6658.0,0.7446890104204442,1.58e-06,0.167367613,3.4356145184117366e-07,1.2028207023303303,0.0,0.0,0.4581320354713379,0.0,1.3316302944459089,0.0,0.0,0.0,0.0,0.0,0.0,0.0,1.5750643642859937e-09
6659.0,0.8056047805674955,0.001935074,0.157198386,0.00042077014737981473,1.129737526063148,0.0,0.0,0.32455351564303225,0.0,1.7439309873017312,0.0,0.0,0.0,0.0,0.0,0.0,0.0,1.5750858196325029e-09
6660.0,0.8648650983400935,0.026088216,0.145286306,0.005672724914497555,1.0441289894114656,0.0,0.0,0.18493661598586975,0.0,2.0360053960757303,0.0,0.0,0.0,0.0,0.0,0.0,0.0,1.5751072752712744e-09
6661.0,0.8948790818313593,0.095843283,0.134987138,0.02084054269411676,0.970111966254315,0.0,0.0,0.09607342711707227,0.0,2.20242061660831,0.0,0.0,0.0,0.0,0.0,0.0,0.0,1.575128731202312e-09
6662.0,0.9193481887512895,0.21232536,0.132368243,0.04616886642044295,0.9512907554670798,0.0,0.0,0.07811143313623316,0.0,2.288856700300762,0.0,0.0,0.0,0.0,0.0,0.0,0.0,1.57515018742562e-09
6663.0,0.9451278620093382,0.353909826,0.142635581,0.0769555529376058,1.025079025986436,0.0,0.0,0.15690671691470362,0.0,2.359125812004057,0.0,0.0,0.0,0.0,0.0,0.0,0.0,1.5751716439412022e-09
6664.0,0.9639808897182006,0.476953024,0.153804858,0.10371055277561908,1.1053492608595472,0.0,0.0,0.24507892391696556,0.0,2.5003097219232173,0.0,0.0,0.0,0.0,0.0,0.0,0.0,1.5751931007490627e-09
6665.0,0.9786596836711763,0.558558025,0.15774468,0.12145506709274592,1.133663576754681,0.0,0.0,0.2764589601762506,0.0,2.7208466949795476,0.0,0.0,0.0,0.0,0.0,0.0,0.0,1.5752145578492055e-09
6666.0,0.9934208044264365,0.591888163,0.155677219,0.12870250418220586,1.1188053562932314,0.0,0.0,0.2540870560490007,0.0,2.969622696580748,0.0,0.0,0.0,0.0,0.0,0.0,0.0,1.575236015241634e-09
6667.0,1.0047197158232837,0.57213576,0.150259121,0.12440746351636284,1.0798671153466117,0.0,0.0,0.19955486303969092,0.0,3.1982605957153627,0.0,0.0,0.0,0.0,0.0,0.0,0.0,1.575257472926353e-09
6668.0,1.0042101741825302,0.501542289,0.143202812,0.10905733985353512,1.0291555446006049,0.0,0.0,0.13400271027160973,0.0,3.377816406704728,0.0,0.0,0.0,0.0,0.0,0.0,0.0,1.5752789309033658e-09
6669.0,1.022531409925685,0.389937335,0.132883039,0.08478951705042918,0.9549904395049758,0.0,0.0,0.01724854662971985,0.0,3.4983728343474296,0.0,0.0,0.0,0.0,0.0,0.0,0.0,1.575300389172677e-09
6670.0,1.0290797939511052,0.256080733,0.122684873,0.055683207859513896,0.8816992873475908,0.0,0.0,0.0,0.09169729874400037,3.5138488725289405,0.0,0.0,0.0,0.0,0.0,0.0,0.0,1.750357608593656e-09
6671.0,1.031542947520304,0.125789109,0.122659203,0.027352081591042816,0.8815148047773051,0.0,0.0,0.0,0.12267606115195594,3.422103709189753,0.0,0.0,0.0,0.0,0.0,0.0,0.0,1.7503814517646773e-09
6672.0,1.0459970093915307,0.037684378,0.139103488,0.008194240264184546,0.9996949357983536,0.0,0.0,0.0,0.038107833328992674,3.299381033167702,0.0,0.0,0.0,0.0,0.0,0.0,0.0,1.7504052952604874e-09
6673.0,1.0438542657012775,0.003716504,0.157852786,0.0008081313354516008,1.134440502066068,0.0,0.0,0.09139436770024206,0.0,3.261228256660089,0.0,0.0,0.0,0.0,0.0,0.0,0.0,1.5753862251729822e-09
6674.0,1.0120557745510812,2.4e-09,0.158416489,5.218654964676055e-10,1.1384916660052087,0.0,0.0,0.12643589197599303,0.0,3.343438764117363,0.0,0.0,0.0,0.0,0.0,0.0,0.0,1.5754076849038435e-09
6675.0,0.9590034054325141,0.0,0.148978171,0.0,1.0706613129154687,0.0,0.0,0.1116579074829546,0.0,3.457185523575944,0.0,0.0,0.0,0.0,0.0,0.0,0.0,1.575429144927027e-09
6676.0,0.8972599085982736,0.0,0.138336445,0.0,0.9941824284294545,0.0,0.0,0.09692251983118079,0.0,3.5576305475665566,0.0,0.0,0.0,0.0,0.0,0.0,0.0,1.5754506052425363e-09
6677.0,0.8379417391808556,0.0,0.127404555,0.0,0.9156182225361796,0.0,0.0,0.0776764833553241,0.0,3.6448123544385895,0.0,0.0,0.0,0.0,0.0,0.0,0.0,1.575472065850376e-09
6678.0,0.7941056132462885,0.0,0.119484405,0.0,0.8586984863052426,0.0,0.0,0.0645928730589541,0.0,3.7146715409179327,0.0,0.0,0.0,0.0,0.0,0.0,0.0,1.575493526750549e-09
6679.0,0.7623160234259833,0.0,0.113823265,0.0,0.8180135755944091,0.0,0.0,0.0556975521684259,0.0,3.7727545265296625,0.0,0.0,0.0,0.0,0.0,0.0,0.0,1.5755149879430603e-09
6680.0,0.7433250421025267,0.0,0.107801882,0.0,0.7747397067781053,0.0,0.0,0.031414664675578616,0.0,3.822830932150912,0.0,0.0,0.0,0.0,0.0,0.0,0.0,1.575536449427913e-09
6681.0,0.7390373298895102,0.0,0.099219958,0.0,0.7130639998238242,0.0,0.0,0.0,0.025973330065686036,3.851052056902825,0.0,0.0,0.0,0.0,0.0,0.0,0.0,0.005861489915345596
6682.0,0.7616396013483007,1.75e-06,0.091726809,3.8052692450762906e-07,0.6592129913682887,0.0,0.0,0.0,0.10242622945308741,3.8250262689613352,0.0,0.0,0.0,0.0,0.0,0.0,0.0,0.005861569759890394
6683.0,0.8197540073872742,0.002504788,0.086921783,0.0005446510138192086,0.6246807145171185,0.0,0.0,0.0,0.19452864185633642,3.7225479361479206,0.0,0.0,0.0,0.0,0.0,0.0,0.0,0.005861649605522826
6684.0,0.8776147555220885,0.027899336,0.077331789,0.006066542013648558,0.5557603116287553,0.0,0.0,0.0,0.3157879018796847,3.5279685868603625,0.0,0.0,0.0,0.0,0.0,0.0,0.0,0.005861729452242905
6685.0,0.9025600275954166,0.106307039,0.065233747,0.023115823202390046,0.4688153220072457,0.0,0.0,0.0,0.41062888238578094,3.212132628050978,0.0,0.0,0.0,0.0,0.0,0.0,0.0,0.0058618093000506475
6686.0,0.9253914818009018,0.241403876,0.050749194,0.052491813999143454,0.36471919552188503,0.0,0.0,0.0,0.5081804722798734,2.8014599909581777,0.0,0.0,0.0,0.0,0.0,0.0,0.0,0.005861889148946068
6687.0,0.9529445365554793,0.397511406,0.054015365,0.08643645301821913,0.3881921842664336,0.0,0.0,0.0,0.4783158992708265,2.2932413580307456,0.0,0.0,0.0,0.0,0.0,0.0,0.0,0.00586196899892918
6688.0,0.9739225072946616,0.526417826,0.056241886,0.11446637504786983,0.40419352111392287,0.0,0.051500112188105775,0.0,0.4037624989447632,1.8148942209141123,0.0,0.0,0.0,0.0,0.0,0.0,0.0,0.005862048849999999
6689.0,0.9955946987716101,0.607332198,0.059311833,0.1320607162625134,0.42625630698072553,0.0,0.21310107291852828,0.0,0.22417660260984285,1.4111070000247403,0.0,0.0,0.0,0.0,0.0,0.0,0.0,0.005862128702158541
6690.0,1.0187309880285433,0.633194788,0.065544652,0.1376843801668001,0.4710497027440852,0.0,0.21310107291852828,0.0,0.19689583219912965,1.1869111757386752,0.0,0.0,0.0,0.0,0.0,0.0,0.0,0.005862208555404819
6691.0,1.0381002318756907,0.600312688,0.073123086,0.1305343662328845,0.5255136288469451,0.0,0.21310107291852828,0.0,0.1689511638773327,0.9899991757915831,0.0,0.0,0.0,0.0,0.0,0.0,0.0,0.005862288409738851
6692.0,1.053964988547178,0.514675147,0.079526938,0.11191300046195539,0.571536187346716,0.0,0.21310107291852828,0.0,0.1574147278199784,0.8210345264424775,0.0,0.0,0.0,0.0,0.0,0.0,0.0,0.005862368265160648
6693.0,1.065399628726109,0.390442246,0.081203288,0.08489930689613208,0.5835836106695989,0.0,0.21310107291852828,0.0,0.1838156382418496,0.6636086147364904,0.0,0.0,0.0,0.0,0.0,0.0,0.0,0.005862448121670227
6694.0,1.0705195172913353,0.248369143,0.079537076,0.0540063692162203,0.5716090461039249,0.0,0.21310107291852828,0.0,0.23180302905266173,0.4797839370171735,0.0,0.0,0.0,0.0,0.0,0.0,0.0,0.005862527979267602
6695.0,1.0684991523881786,0.115349924,0.085119336,0.025082143898233576,0.6117270699762647,0.0,0.21310107291852828,0.0,0.2185888655951521,0.24797437249165685,0.0,0.0,0.0,0.0,0.0,0.0,0.0,0.0058626078379527885
6696.0,1.0756905820039258,0.032911431,0.114941694,0.007156391782614309,0.8260513884733357,0.0,0.21310107291852828,0.0,0.02938172882944751,0.02938212906399498,0.0,0.0,0.0,0.0,0.0,0.0,0.0,0.005862687697725801
6697.0,1.0713583691410014,0.002945417,0.151760109,0.0006404631270871356,1.0707179060139143,0.0,0.0,0.0,0.0,0.0,0.0,0.0,0.0,0.0,0.019936358698025635,0.0,0.0,1.5749999999999998e-09
6698.0,1.0358195335709188,0.0,0.170150657,0.0,1.0358195335709188,0.0,0.0,0.0,0.0,0.0,0.0,0.0,0.0,0.0,0.1870020690452765,0.0,0.0,1.5749999999999998e-09
6699.0,0.9778853589637865,0.0,0.175084712,0.0,0.9778853589637865,0.0,0.0,0.0,0.0,0.0,0.0,0.0,0.0,0.0,0.2803958131238121,0.0,0.0,1.5749999999999998e-09
6700.0,0.9102854740093818,0.0,0.174972302,0.0,0.9102854740093818,0.0,0.0,0.0,0.0,0.0,0.0,0.0,0.0,0.0,0.34718784121316787,0.0,0.0,1.5749999999999998e-09
6701.0,0.8477609769702955,0.0,0.172406369,0.0,0.8477609769702955,0.0,0.0,0.0,0.0,0.0,0.0,0.0,0.0,0.0,0.39127174943180776,0.0,0.0,1.5749999999999998e-09
6702.0,0.8024985814079698,0.0,0.167619553,0.0,0.8024985814079698,0.0,0.0,0.0,0.0,0.0,0.0,0.0,0.0,0.0,0.40213273793668763,0.0,0.0,1.5749999999999998e-09
6703.0,0.7683771171355287,0.0,0.165650349,0.0,0.7683771171355287,0.0,0.0,0.0,0.0,0.0,0.0,0.0,0.0,0.0,0.42210212525794644,0.0,0.0,1.5749999999999998e-09
6704.0,0.7471254629997436,0.0,0.164916724,0.0,0.7471254629997436,0.0,0.0,0.0,0.0,0.0,0.0,0.0,0.0,0.0,0.43808143714106945,0.0,0.0,1.5749999999999998e-09
6705.0,0.7440748906525274,0.0,0.159798429,0.0,0.7440748906525275,0.0,0.0,0.0,0.0,0.0,0.0,0.0,0.0,0.0,0.40434836254319934,0.0,0.0,1.5749999999999998e-09
6706.0,0.7640738290950895,6.66e-07,0.157967985,1.4481767526976054e-07,0.7640736842774142,0.0,0.0,0.0,0.0,0.0,0.0,0.0,0.0,0.0,0.3711947183579696,0.0,0.0,1.5749999999999998e-09
6707.0,0.8222282871188747,0.001958387,0.156307495,0.0004258394183461269,1.0838467532640634,0.0,0.0,0.2620443055635348,0.0,0.0,0.0,0.0,0.0,0.0,0.03948820709887475,0.0,0.0,1.5749999999999998e-09
6708.0,0.8776370068469671,0.029268888,0.148365692,0.006364342819656144,1.066259610532687,0.0,0.0,0.19498694650537585,0.0,0.23583987500718132,0.0,0.0,0.0,0.0,0.0,0.0,0.0,1.575021454469746e-09
6709.0,0.9052746142362642,0.11181935,0.127585497,0.02431444191768123,0.9169185982756668,0.0,0.0,0.035958425957083866,0.0,0.4113249143219942,0.0,0.0,0.0,0.0,0.0,0.0,0.0,1.5750429092317427e-09
6710.0,0.9321401227506068,0.24285657,0.104961124,0.05280769353061242,0.754324033330516,0.0,0.0,0.0,0.1250083958894784,0.4436818947387843,0.0,0.0,0.0,0.0,0.0,0.0,0.0,1.7500715158733263e-09
6711.0,0.9630953113861914,0.389147622,0.092877226,0.0846177987309242,0.6674806923834948,0.0,0.0,0.0,0.21099682027177233,0.3186674551476404,0.0,0.0,0.0,0.0,0.0,0.0,0.0,1.7500953551472252e-09
6712.0,0.992670955876436,0.506563263,0.107818204,0.11014912030739385,0.7748570080836059,0.0,0.0,0.0,0.10766482748543615,0.10766629408339427,0.0,0.0,0.0,0.0,0.0,0.0,0.0,1.7501191947458603e-09
6713.0,1.0212809190649723,0.578681701,0.12630109,0.1258308388287848,0.8954500802361876,0.0,0.0,0.0,0.0,0.0,0.0,0.0,0.0,0.0,0.0122378711889563,0.0,0.0,1.5749999999999998e-09
6714.0,1.050173466980003,0.596844253,0.141950915,0.12978017600236758,0.9203932909776353,0.0,0.0,0.0,0.0,0.0,0.0,0.0,0.0,0.0,0.0997652463657456,0.0,0.0,1.5749999999999998e-09
6715.0,1.0747983291743852,0.561246642,0.154985761,0.12203969061171104,0.9527586385626742,0.0,0.0,0.0,0.0,0.0,0.0,0.0,0.0,0.0,0.16107741702605383,0.0,0.0,1.5749999999999998e-09
6716.0,1.0917934217520744,0.477331642,0.16529201,0.10379288097167808,0.9880005407803962,0.0,0.0,0.0,0.0,0.0,0.0,0.0,0.0,0.0,0.19990342698302027,0.0,0.0,1.5749999999999998e-09
6717.0,1.1048278884930738,0.355869201,0.172198263,0.0773816071905813,1.0274462813024925,0.0,0.0,0.0,0.0,0.0,0.0,0.0,0.0,0.0,0.2100908498611272,0.0,0.0,1.5749999999999998e-09
6718.0,1.1103060130896225,0.222171474,0.172737947,0.04830984440831239,1.0619961686813102,0.0,0.0,0.0,0.0,0.0,0.0,0.0,0.0,0.0,0.17941950909166127,0.0,0.0,1.5749999999999998e-09
6719.0,1.1026139421630885,0.102888229,0.179045067,0.02237242362823237,1.080241518534856,0.0,0.0,0.0,0.0,0.0,0.0,0.0,0.0,0.0,0.20650153394400733,0.0,0.0,1.5749999999999998e-09
6720.0,1.1067436742691423,0.029007019,0.210420599,0.006307400988116777,1.1004362732810256,0.0,0.0,0.0,0.0,0.0,0.0,0.0,0.0,0.0,0.41179329214839133,0.0,0.0,1.5749999999999998e-09
6721.0,1.0981504501831012,0.00216789,0.239415441,0.00047139457964048224,1.0976790556034608,0.0,0.0,0.0,0.0,0.0,0.0,0.0,0.0,0.0,0.622927719689115,0.0,0.0,1.5749999999999998e-09
6722.0,1.059383036666396,0.0,0.245821158,0.0,1.059383036666396,0.0,0.0,0.0,0.0,0.0,0.0,0.0,0.0,0.0,0.7072597003200907,0.0,0.0,1.5749999999999998e-09
6723.0,0.9994596478110278,0.0,0.242864079,0.0,0.9994596478110278,0.0,0.0,0.0,0.0,0.0,0.0,0.0,0.0,0.0,0.7459314516819717,0.0,0.0,1.5749999999999998e-09
6724.0,0.933410638103838,0.0,0.23431685,0.0,0.9334106381038381,0.0,0.0,0.0,0.0,0.0,0.0,0.0,0.0,0.0,0.7505540969660865,0.0,0.0,1.5749999999999998e-09
6725.0,0.8678956451948662,0.0,0.224322203,0.0,0.8678956451948662,0.0,0.0,0.0,0.0,0.0,0.0,0.0,0.0,0.0,0.7442405675666013,0.0,0.0,1.5749999999999998e-09
6726.0,0.8198875123367723,0.0,0.213430022,0.0,0.8198875123367723,0.0,0.0,0.0,0.0,0.0,0.0,0.0,0.0,0.0,0.7139698711727712,0.0,0.0,1.5749999999999998e-09
6727.0,0.7838814119432582,0.0,0.203474744,0.0,0.7838814119432582,0.0,0.0,0.0,0.0,0.0,0.0,0.0,0.0,0.0,0.6784303824214268,0.0,0.0,1.5749999999999998e-09
6728.0,0.7615305735561165,0.0,0.197990543,0.0,0.7615305735561165,0.0,0.0,0.0,0.0,0.0,0.0,0.0,0.0,0.0,0.6613679174800402,0.0,0.0,1.5749999999999998e-09
6729.0,0.7556185596235672,0.0,0.188295762,0.0,0.7556185596235672,0.0,0.0,0.0,0.0,0.0,0.0,0.0,0.0,0.0,0.59760645586772,0.0,0.0,1.5749999999999998e-09
6730.0,0.7752503617048403,4.86e-07,0.181521105,1.0567776303469013e-07,0.7752502560270773,0.0,0.0,0.0,0.0,0.0,0.0,0.0,0.0,0.0,0.5292873369412687,0.0,0.0,1.5749999999999998e-09
6731.0,0.8315713607548415,0.002162849,0.181006985,0.00047029844465394346,0.8311010623101877,0.0,0.0,0.0,0.0,0.0,0.0,0.0,0.0,0.0,0.4697417048289696,0.0,0.0,1.5749999999999998e-09
6732.0,0.8879146101297964,0.026802354,0.175039716,0.0058280099069627144,0.8820866002228336,0.0,0.0,0.0,0.0,0.0,0.0,0.0,0.0,0.0,0.3758711991443688,0.0,0.0,1.5749999999999998e-09
6733.0,0.9142950521608498,0.093645948,0.152716501,0.020362745477166492,0.8939323066836834,0.0,0.0,0.0,0.0,0.0,0.0,0.0,0.0,0.0,0.20359525971741368,0.0,0.0,1.5749999999999998e-09
6734.0,0.9437994950112868,0.207175972,0.133561628,0.04504916311830782,0.8987503318929789,0.0,0.0,0.0,0.0,0.0,0.0,0.0,0.0,0.0,0.06111692268358191,0.0,0.0,1.5749999999999998e-09
6735.0,0.9799168480294954,0.340429135,0.145949075,0.07402425814533854,0.9058925898841569,0.0,0.0,0.0,0.0,0.0,0.0,0.0,0.0,0.0,0.1429995210164275,0.0,0.0,1.5749999999999998e-09
6736.0,1.0120980513684033,0.453655993,0.169642867,0.09864475417185399,0.9134532971965492,0.0,0.0,0.0,0.0,0.0,0.0,0.0,0.0,0.0,0.3057189713968424,0.0,0.0,1.5749999999999998e-09
6737.0,1.0428930350645151,0.529502958,0.177350589,0.11513721835738988,0.9277558167071253,0.0,0.0,0.0,0.0,0.0,0.0,0.0,0.0,0.0,0.34680953196447095,0.0,0.0,1.5749999999999998e-09
6738.0,1.0741374829241253,0.555786398,0.179849018,0.12085239355092176,0.9532850893732034,0.0,0.0,0.0,0.0,0.0,0.0,0.0,0.0,0.0,0.33923571717125156,0.0,0.0,1.5749999999999998e-09
6739.0,1.099109454987428,0.530486099,0.183236801,0.11535099642658264,0.9837584585608454,0.0,0.0,0.0,0.0,0.0,0.0,0.0,0.0,0.0,0.3331093255998989,0.0,0.0,1.5749999999999998e-09
6740.0,1.113979605534722,0.457503525,0.187047512,0.09948137675408525,1.0144982287806368,0.0,0.0,0.0,0.0,0.0,0.0,0.0,0.0,0.0,0.32975598934566774,0.0,0.0,1.5749999999999998e-09
6741.0,1.1274145841244414,0.348815648,0.189546288,0.07584785471632897,1.0515667294081124,0.0,0.0,0.0,0.0,0.0,0.0,0.0,0.0,0.0,0.31064544037569813,0.0,0.0,1.5749999999999998e-09
6742.0,1.1317734989771904,0.226909459,0.188924986,0.04934009061426283,1.0824334083629277,0.0,0.0,0.0,0.0,0.0,0.0,0.0,0.0,0.0,0.27531365079043324,0.0,0.0,1.5749999999999998e-09
6743.0,1.127681593023513,0.110847906,0.194841467,0.024103207290451862,1.103578385733061,0.0,0.0,0.0,0.0,0.0,0.0,0.0,0.0,0.0,0.2966886431096809,0.0,0.0,1.5749999999999998e-09
6744.0,1.1327681051013836,0.033303576,0.213140804,0.007241661343077765,1.1255264437583057,0.0,0.0,0.0,0.0,0.0,0.0,0.0,0.0,0.0,0.4062524169614878,0.0,0.0,1.5749999999999998e-09
6745.0,1.1221589667771315,0.002504596,0.230864632,0.0005446092645794913,1.1216143575125517,0.0,0.0,0.0,0.0,0.0,0.0,0.0,0.0,0.0,0.5375403249735589,0.0,0.0,1.5749999999999998e-09
6746.0,1.0853473910213072,0.0,0.231630869,0.0,1.0853473910213072,0.0,0.0,0.0,0.0,0.0,0.0,0.0,0.0,0.0,0.5793140063540904,0.0,0.0,1.5749999999999998e-09
6747.0,1.0271595575100907,0.0,0.229032943,0.0,1.0271595575100907,0.0,0.0,0.0,0.0,0.0,0.0,0.0,0.0,0.0,0.6188313269750846,0.0,0.0,1.5749999999999998e-09
6748.0,0.9531603683072618,0.0,0.224386503,0.0,0.9531603683072618,0.0,0.0,0.0,0.0,0.0,0.0,0.0,0.0,0.0,0.6594379492173285,0.0,0.0,1.5749999999999998e-09
6749.0,0.8905157183135144,0.0,0.220105399,0.0,0.8905157183135144,0.0,0.0,0.0,0.0,0.0,0.0,0.0,0.0,0.0,0.6913155922153489,0.0,0.0,1.5749999999999998e-09
6750.0,0.840436043404975,0.0,0.218593743,0.0,0.840436043404975,0.0,0.0,0.0,0.0,0.0,0.0,0.0,0.0,0.0,0.7305314500507377,0.0,0.0,1.5749999999999998e-09
6751.0,0.8031772283181629,0.0,0.218207664,0.0,0.8031772283181629,0.0,0.0,0.0,0.0,0.0,0.0,0.0,0.0,0.0,0.7650156314697146,0.0,0.0,1.5749999999999998e-09
6752.0,0.7784633638240398,0.0,0.21761671,0.0,0.7784633638240398,0.0,0.0,0.0,0.0,0.0,0.0,0.0,0.0,0.0,0.7854824872828635,0.0,0.0,1.5749999999999998e-09
6753.0,0.7698990655604087,0.0,0.215323337,0.0,0.7698990655604087,0.0,0.0,0.0,0.0,0.0,0.0,0.0,0.0,0.0,0.7775650034793428,0.0,0.0,1.5749999999999998e-09
6754.0,0.7875550043883578,2.08e-07,0.215816041,4.522834302719249e-08,0.7875549591600147,0.0,0.0,0.0,0.0,0.0,0.0,0.0,0.0,0.0,0.7634500253573385,0.0,0.0,1.5749999999999998e-09
6755.0,0.8408009549337536,0.001384918,0.220642238,0.00030114204984871805,0.840499812883905,0.0,0.0,0.0,0.0,0.0,0.0,0.0,0.0,0.0,0.7451895980948842,0.0,0.0,1.5749999999999998e-09
6756.0,0.8959359912652431,0.018979722,0.221885775,0.004127025851811307,0.8918089654134319,0.0,0.0,0.0,0.0,0.0,0.0,0.0,0.0,0.0,0.7028173720166758,0.0,0.0,1.5749999999999998e-09
6757.0,0.926283735630367,0.077385279,0.219761766,0.01682696126859132,0.9094567743617757,0.0,0.0,0.0,0.0,0.0,0.0,0.0,0.0,0.0,0.6699049491365077,0.0,0.0,1.5749999999999998e-09
6758.0,0.956486849883516,0.187191213,0.226411355,0.04070359804442429,0.9157832518390917,0.0,0.0,0.0,0.0,0.0,0.0,0.0,0.0,0.0,0.7113670680777118,0.0,0.0,1.5749999999999998e-09
6759.0,0.9918699301791464,0.322316563,0.220237801,0.0700857888207197,0.9217841413584267,0.0,0.0,0.0,0.0,0.0,0.0,0.0,0.0,0.0,0.660998702527311,0.0,0.0,1.5749999999999998e-09
6760.0,1.0213276455473155,0.441789844,0.221855869,0.09606453178058583,0.9252631137667297,0.0,0.0,0.0,0.0,0.0,0.0,0.0,0.0,0.0,0.6691482982349806,0.0,0.0,1.5749999999999998e-09
6761.0,1.046831410576251,0.522442981,0.239012687,0.11360206902315867,0.9332293415530925,0.0,0.0,0.0,0.0,0.0,0.0,0.0,0.0,0.0,0.7844829618613048,0.0,0.0,1.5749999999999998e-09
6762.0,1.0733275568968694,0.550551514,0.246686217,0.11971409966025079,0.9536134572366186,0.0,0.0,0.0,0.0,0.0,0.0,0.0,0.0,0.0,0.8192461986345105,0.0,0.0,1.5749999999999998e-09
6763.0,1.0890944109386493,0.530100051,0.244072052,0.11526705262192417,0.9738273583167251,0.0,0.0,0.0,0.0,0.0,0.0,0.0,0.0,0.0,0.7802450798547205,0.0,0.0,1.5749999999999998e-09
6764.0,1.0993008115817464,0.463172646,0.240521814,0.1007140928562519,0.9985867187254946,0.0,0.0,0.0,0.0,0.0,0.0,0.0,0.0,0.0,0.7299712265995969,0.0,0.0,1.5749999999999998e-09
6765.0,1.1041425660854245,0.361150434,0.238488425,0.07852997939120884,1.0256125866942156,0.0,0.0,0.0,0.0,0.0,0.0,0.0,0.0,0.0,0.6883320033869867,0.0,0.0,1.5749999999999998e-09
6766.0,1.102633967655532,0.239898084,0.226535171,0.052164388628453066,1.0504695790270788,0.0,0.0,0.0,0.0,0.0,0.0,0.0,0.0,0.0,0.5775705692466584,0.0,0.0,1.5749999999999998e-09
6767.0,1.0916665923000324,0.119869975,0.212455257,0.026065001672889363,1.065601590627143,0.0,0.0,0.0,0.0,0.0,0.0,0.0,0.0,0.0,0.46125044996753795,0.0,0.0,1.5749999999999998e-09
6768.0,1.0875235101989909,0.035453022,0.230067312,0.007709045386377893,1.079814464812613,0.0,0.0,0.0,0.0,0.0,0.0,0.0,0.0,0.0,0.5736101186107716,0.0,0.0,1.5749999999999998e-09
6769.0,1.0731473264649527,0.002819545,0.258358155,0.0006130930213490645,1.0725342334436037,0.0,0.0,0.0,0.0,0.0,0.0,0.0,0.0,0.0,0.7842081307428793,0.0,0.0,1.5749999999999998e-09
6770.0,1.0388923572430135,0.0,0.277848739,0.0,1.0388923572430135,0.0,0.0,0.0,0.0,0.0,0.0,0.0,0.0,0.0,0.9579229727669608,0.0,0.0,1.5749999999999998e-09
6771.0,0.9892777223253951,0.0,0.29640881,0.0,0.9892777223253951,0.0,0.0,0.0,0.0,0.0,0.0,0.0,0.0,0.0,1.1409232564093468,0.0,0.0,1.5749999999999998e-09
6772.0,0.9329856490978041,0.0,0.309973877,0.0,0.9329856490978041,0.0,0.0,0.0,0.0,0.0,0.0,0.0,0.0,0.0,1.294703386756435,0.0,0.0,1.5749999999999998e-09
6773.0,0.8733025681516075,0.0,0.316635884,0.0,0.8733025681516075,0.0,0.0,0.0,0.0,0.0,0.0,0.0,0.0,0.0,1.4022643085526987,0.0,0.0,1.5749999999999998e-09
6774.0,0.8266294777890211,0.0,0.320698629,0.0,0.8266294777890211,0.0,0.0,0.0,0.0,0.0,0.0,0.0,0.0,0.0,1.4781351254449038,0.0,0.0,1.5749999999999998e-09
6775.0,0.7961304278144661,0.0,0.324477182,0.0,0.7961304278144661,0.0,0.0,0.0,0.0,0.0,0.0,0.0,0.0,0.0,1.535789499509863,0.0,0.0,1.5749999999999998e-09
6776.0,0.7628856415440675,0.0,0.329559368,0.0,0.7628856415440675,0.0,0.0,0.0,0.0,0.0,0.0,0.0,0.0,0.0,1.6055584282013726,0.0,0.0,1.5749999999999998e-09
6777.0,0.7486985885719123,0.0,0.32423094,0.0,0.7486985885719124,0.0,0.0,0.0,0.0,0.0,0.0,0.0,0.0,0.0,1.5814516715505358,0.0,0.0,1.5749999999999998e-09
6778.0,0.7473412947515262,7.12e-08,0.322003602,1.5482009728538966e-08,0.7473412792695164,0.0,0.0,0.0,0.0,0.0,0.0,0.0,0.0,0.0,1.5668017724721377,0.0,0.0,1.5749999999999998e-09
6779.0,0.7610566332352291,0.001514341,0.323513827,0.0003292842990776043,0.7607273489361515,0.0,0.0,0.0,0.0,0.0,0.0,0.0,0.0,0.0,1.5642692357119965,0.0,0.0,1.5749999999999998e-09
6780.0,0.7849027200572759,0.020579334,0.32399844,0.004474851814534449,0.7804278682427415,0.0,0.0,0.0,0.0,0.0,0.0,0.0,0.0,0.0,1.5480514842992072,0.0,0.0,1.5749999999999998e-09
6781.0,0.8120797381205977,0.09360319,0.307439849,0.020353448008459007,0.7917262901121388,0.0,0.0,0.0,0.0,0.0,0.0,0.0,0.0,0.0,1.4177514485618945,0.0,0.0,1.5749999999999998e-09
6782.0,0.8461433507482187,0.229211994,0.264695438,0.04984076293547493,0.7963025878127437,0.0,0.0,0.0,0.0,0.0,0.0,0.0,0.0,0.0,1.1059839234897413,0.0,0.0,1.5749999999999998e-09
6783.0,0.8774278495927159,0.391071715,0.267660281,0.08503618112621374,0.7923916684665022,0.0,0.0,0.0,0.0,0.0,0.0,0.0,0.0,0.0,1.1312022778626099,0.0,0.0,1.5749999999999998e-09
6784.0,0.9006687169768123,0.52604347,0.293564631,0.11438497359795499,0.7862837433788573,0.0,0.0,0.0,0.0,0.0,0.0,0.0,0.0,0.0,1.3234769762100893,0.0,0.0,1.5749999999999998e-09
6785.0,0.918322430972251,0.616918647,0.350283808,0.13414523166532438,0.7841771993069266,0.0,0.0,0.0,0.0,0.0,0.0,0.0,0.0,0.0,1.7332071882776807,0.0,0.0,1.5749999999999998e-09
6786.0,0.9338979284197129,0.653257062,0.392684851,0.14204680040899975,0.7918511280107131,0.0,0.0,0.0,0.0,0.0,0.0,0.0,0.0,0.0,2.0302568043901696,0.0,0.0,1.5749999999999998e-09
6787.0,0.9486345740175087,0.631408866,0.431473212,0.13729604222047412,0.8113385317970345,0.0,0.0,0.0,0.0,0.0,0.0,0.0,0.0,0.0,2.2895296863244936,0.0,0.0,1.5749999999999998e-09
6788.0,0.962461166125831,0.552831755,0.457946998,0.12020992428588863,0.8422512418399423,0.0,0.0,0.0,0.0,0.0,0.0,0.0,0.0,0.0,2.4488761148274816,0.0,0.0,1.5749999999999998e-09
6789.0,0.9780032870859372,0.426564881,0.462247363,0.09275395558279587,0.8852493315031413,0.0,0.0,0.0,0.0,0.0,0.0,0.0,0.0,0.0,2.436783455174668,0.0,0.0,1.5749999999999998e-09
6790.0,0.9881763122416034,0.274467949,0.44133628,0.059681396862221014,0.9284949153793823,0.0,0.0,0.0,0.0,0.0,0.0,0.0,0.0,0.0,2.243256206347229,0.0,0.0,1.5749999999999998e-09
6791.0,0.992884562795708,0.128207457,0.425904979,0.027877936749230912,0.965006626046477,0.0,0.0,0.0,0.0,0.0,0.0,0.0,0.0,0.0,2.095844376033386,0.0,0.0,1.5749999999999998e-09
6792.0,1.000694561844393,0.033819548,0.431142112,0.007353856336387506,0.9933407055080055,0.0,0.0,0.0,0.0,0.0,0.0,0.0,0.0,0.0,2.1051479964849062,0.0,0.0,1.5749999999999998e-09
6793.0,0.9952342379077772,0.002132222,0.456435733,0.0004636387885871462,0.9947705991191901,0.0,0.0,0.0,0.0,0.0,0.0,0.0,0.0,0.0,2.2854957504744986,0.0,0.0,1.5749999999999998e-09
6794.0,0.9660880320885875,0.0,0.480434812,0.0,0.9660880320885875,0.0,0.0,0.0,0.0,0.0,0.0,0.0,0.0,0.0,2.4866524810582438,0.0,0.0,1.5749999999999998e-09
6795.0,0.9266197213367355,0.0,0.504174074,0.0,0.9266197213367356,0.0,0.0,0.0,0.0,0.0,0.0,0.0,0.0,0.0,2.696727728718754,0.0,0.0,1.5749999999999998e-09
6796.0,0.8781710236451852,0.0,0.522890412,0.0,0.8781710236451852,0.0,0.0,0.0,0.0,0.0,0.0,0.0,0.0,0.0,2.8796851190700474,0.0,0.0,1.5749999999999998e-09
6797.0,0.8278999931422523,0.0,0.525355698,0.0,0.8278999931422523,0.0,0.0,0.0,0.0,0.0,0.0,0.0,0.0,0.0,2.947673418671902,0.0,0.0,1.5749999999999998e-09
6798.0,0.7866872267162817,0.0,0.519957873,0.0,0.7866872267162817,0.0,0.0,0.0,0.0,0.0,0.0,0.0,0.0,0.0,2.950093640105573,0.0,0.0,1.5749999999999998e-09
6799.0,0.753733924502419,0.0,0.513126814,0.0,0.753733924502419,0.0,0.0,0.0,0.0,0.0,0.0,0.0,0.0,0.0,2.933954175584214,0.0,0.0,1.5749999999999998e-09
6800.0,0.7302749995341048,0.0,0.505886004,0.0,0.7302749995341047,0.0,0.0,0.0,0.0,0.0,0.0,0.0,0.0,0.0,2.905375576604328,0.0,0.0,1.5749999999999998e-09
6801.0,0.7162503773338577,0.0,0.484857449,0.0,0.7162503773338577,0.0,0.0,0.0,0.0,0.0,0.0,0.0,0.0,0.0,2.768274297916618,0.0,0.0,1.5749999999999998e-09
6802.0,0.7132799069564156,4e-09,0.47213117,8.697758274460093e-10,0.7132799060866398,0.0,0.0,0.0,0.0,0.0,0.0,0.0,0.0,0.0,2.679784829152433,0.0,0.0,1.5749999999999998e-09
6803.0,0.7227030825621564,0.001045566,0.473249966,0.0002273520081998535,0.7224757305539565,0.0,0.0,0.0,0.0,0.0,0.0,0.0,0.0,0.0,2.678629455082676,0.0,0.0,1.5749999999999998e-09
6804.0,0.7409508908330684,0.023238557,0.466588255,0.005053083785831563,0.735897807047237,0.0,0.0,0.0,0.0,0.0,0.0,0.0,0.0,0.0,2.6173316650023124,0.0,0.0,1.5749999999999998e-09
6805.0,0.7663256015774514,0.103749386,0.437245857,0.02255967701379135,0.7437659245636601,0.0,0.0,0.0,0.0,0.0,0.0,0.0,0.0,0.0,2.3985885571709105,0.0,0.0,1.5749999999999998e-09
6806.0,0.7991810011616068,0.243897431,0.382925437,0.05303402246499524,0.7461469786966116,0.0,0.0,0.0,0.0,0.0,0.0,0.0,0.0,0.0,2.005822980225421,0.0,0.0,1.5749999999999998e-09
6807.0,0.8276863862229802,0.403355455,0.440459514,0.08770720615687162,0.7399791800661086,0.0,0.0,0.0,0.0,0.0,0.0,0.0,0.0,0.0,2.4254708880874953,0.0,0.0,1.5749999999999998e-09
6808.0,0.8534171081661751,0.541738761,0.537689094,0.11779781977708771,0.7356192883890874,0.0,0.0,0.0,0.0,0.0,0.0,0.0,0.0,0.0,3.128590531466795,0.0,0.0,1.5749999999999998e-09
6809.0,0.8821539008067536,0.634181262,0.598831944,0.1378988829767011,0.7442550178300525,0.0,0.0,0.0,0.0,0.0,0.0,0.0,0.0,0.0,3.55937007754558,0.0,0.0,1.5749999999999998e-09
6810.0,0.9104256534564112,0.67074868,0.6549307,0.14585024703882962,0.7645754064175817,0.0,0.0,0.0,0.0,0.0,0.0,0.0,0.0,0.0,3.942214577805321,0.0,0.0,1.5749999999999998e-09
6811.0,0.9375314698799254,0.646177767,0.706568924,0.14050745049240987,0.7970240193875155,0.0,0.0,0.0,0.0,0.0,0.0,0.0,0.0,0.0,4.280874351610139,0.0,0.0,1.5749999999999998e-09
6812.0,0.963856285098669,0.563537154,0.740826068,0.1225377486042298,0.8413185364944392,0.0,0.0,0.0,0.0,0.0,0.0,0.0,0.0,0.0,4.482775626313373,0.0,0.0,1.5749999999999998e-09
6813.0,0.9908641978925514,0.43399316,0.75341296,0.09436918996122706,0.8964950079313243,0.0,0.0,0.0,0.0,0.0,0.0,0.0,0.0,0.0,4.51805736243661,0.0,0.0,1.5749999999999998e-09
6814.0,1.0137245779204467,0.276038985,0.759626316,0.06002300914643289,0.9537015687740138,0.0,0.0,0.0,0.0,0.0,0.0,0.0,0.0,0.0,4.505504322629369,0.0,0.0,1.5749999999999998e-09
6815.0,1.0237462984666064,0.127728699,0.780096929,0.027773833715331812,0.9959724647512745,0.0,0.0,0.0,0.0,0.0,0.0,0.0,0.0,0.0,4.610349566175426,0.0,0.0,1.5749999999999998e-09
6816.0,1.038916832400478,0.034660847,0.801529427,0.007536791719851132,1.031380040680627,0.0,0.0,0.0,0.0,0.0,0.0,0.0,0.0,0.0,4.728970907997641,0.0,0.0,1.5749999999999998e-09
6817.0,1.0362445225769528,0.002371863,0.812433729,0.0005157472758533935,1.0357287753010993,0.0,0.0,0.0,0.0,0.0,0.0,0.0,0.0,0.0,4.802988112610956,0.0,0.0,1.5749999999999998e-09
6818.0,1.0010728243680838,0.0,0.803933451,0.0,1.0010728243680838,0.0,0.0,0.0,0.0,0.0,0.0,0.0,0.0,0.0,4.776555121838368,0.0,0.0,1.5749999999999998e-09
6819.0,0.9521056847058132,0.0,0.792543742,0.0,0.9521056847058132,0.0,0.0,0.0,0.0,0.0,0.0,0.0,0.0,0.0,4.743667848133829,0.0,0.0,1.5749999999999998e-09
6820.0,0.8976337204570188,0.0,0.782510108,0.0,0.8976337204570188,0.0,0.0,0.0,0.0,0.0,0.0,0.0,0.0,0.0,4.72603110222969,0.0,0.0,1.5749999999999998e-09
6821.0,0.8423340285211106,0.0,0.771525041,0.0,0.8423340285211106,0.0,0.0,0.0,0.0,0.0,0.0,0.0,0.0,0.0,4.702384421165191,0.0,0.0,1.5749999999999998e-09
6822.0,0.7983109976570956,0.0,0.759493907,0.0,0.7983109976570956,0.0,0.0,0.0,0.0,0.0,0.0,0.0,0.0,0.0,4.659943310082519,0.0,0.0,1.5749999999999998e-09
6823.0,0.7667550402485063,0.0,0.749604355,0.0,0.7667550402485063,0.0,0.0,0.0,0.0,0.0,0.0,0.0,0.0,0.0,4.620426031342533,0.0,0.0,1.5749999999999998e-09
6824.0,0.7461419820380272,0.0,0.743312553,0.0,0.7461419820380272,0.0,0.0,0.0,0.0,0.0,0.0,0.0,0.0,0.0,4.5958218007065526,0.0,0.0,1.5749999999999998e-09
6825.0,0.7416606883981821,0.0,0.723276828,0.0,0.7416606883981821,0.0,0.0,0.0,0.0,0.0,0.0,0.0,0.0,0.0,4.456312364095633,0.0,0.0,1.5749999999999998e-09
6826.0,0.7609654051030532,5.84e-09,0.695767327,1.2698727080711736e-09,0.7609654038331806,0.0,0.0,0.0,0.0,0.0,0.0,0.0,0.0,0.0,4.2393051378793105,0.0,0.0,1.5749999999999998e-09
6827.0,0.8151191843054121,0.001475774,0.686287847,0.00032089813799332674,0.8147982861674188,0.0,0.0,0.0,0.0,0.0,0.0,0.0,0.0,0.0,4.117346083539942,0.0,0.0,1.5749999999999998e-09
6828.0,0.870169668002182,0.024944112,0.664952385,0.005423946413676483,0.8647457215885055,0.0,0.0,0.0,0.0,0.0,0.0,0.0,0.0,0.0,3.9140670989177426,0.0,0.0,1.5749999999999998e-09
6829.0,0.901362939714428,0.100004426,0.616513373,0.0217453580931033,0.8796175816213249,0.0,0.0,0.0,0.0,0.0,0.0,0.0,0.0,0.0,3.551078626658236,0.0,0.0,1.5749999999999998e-09
6830.0,0.934282865440935,0.234093565,0.627073884,0.05090223104941529,0.8833806343915197,0.0,0.0,0.0,0.0,0.0,0.0,0.0,0.0,0.0,3.6232107905927635,0.0,0.0,1.5749999999999998e-09
6831.0,0.9706472018657715,0.392902517,0.778936232,0.08543427795732368,0.8852129239084477,0.0,0.0,0.0,0.0,0.0,0.0,0.0,0.0,0.0,4.712767526734539,0.0,0.0,1.5749999999999998e-09
6832.0,1.0027816787223363,0.526283597,0.851447925,0.11443718776298428,0.8883444909593521,0.0,0.0,0.0,0.0,0.0,0.0,0.0,0.0,0.0,5.230755690903207,0.0,0.0,1.5749999999999998e-09
6833.0,1.0290975946110381,0.612827666,0.853704683,0.13325567256923918,0.8958419220417989,0.0,0.0,0.0,0.0,0.0,0.0,0.0,0.0,0.0,5.239476900894107,0.0,0.0,1.5749999999999998e-09
6834.0,1.0604955719126652,0.645569451,0.83846491,0.14037517585434772,0.9201203960583174,0.0,0.0,0.0,0.0,0.0,0.0,0.0,0.0,0.0,5.1056747613688085,0.0,0.0,1.5749999999999998e-09
6835.0,1.084595316638871,0.62123419,0.823840464,0.13508362041125033,0.9495116962276208,0.0,0.0,0.0,0.0,0.0,0.0,0.0,0.0,0.0,4.97118196579303,0.0,0.0,1.5749999999999998e-09
6836.0,1.104798961670739,0.543155776,0.804556658,0.11810594112561981,0.9866930205451191,0.0,0.0,0.0,0.0,0.0,0.0,0.0,0.0,0.0,4.7954137269538935,0.0,0.0,1.5749999999999998e-09
6837.0,1.1219364595278927,0.419926871,0.770197342,0.09131056042270964,1.0306258991051829,0.0,0.0,0.0,0.0,0.0,0.0,0.0,0.0,0.0,4.504550777145758,0.0,0.0,1.5749999999999998e-09
6838.0,1.136038959865328,0.271022853,0.698519272,0.05893228155621329,1.0771066783091146,0.0,0.0,0.0,0.0,0.0,0.0,0.0,0.0,0.0,3.942941264528614,0.0,0.0,1.5749999999999998e-09
6839.0,1.132523347527191,0.129099309,0.586094123,0.028071864577045757,1.1044514829501453,0.0,0.0,0.0,0.0,0.0,0.0,0.0,0.0,0.0,3.1076307235311,0.0,0.0,1.5749999999999998e-09
6840.0,1.1394989453911555,0.03516805,0.531134463,0.0076470799471031565,1.1318518654440521,0.0,0.0,0.0,0.0,0.0,0.0,0.0,0.0,0.0,2.6852517925826827,0.0,0.0,1.5749999999999998e-09
6841.0,1.1246221203463302,0.002196697,0.497814336,0.0004776584877057916,1.1241444618586245,0.0,0.0,0.0,0.0,0.0,0.0,0.0,0.0,0.0,2.4534974637487332,0.0,0.0,1.5749999999999998e-09
6842.0,1.0814223655045587,0.0,0.453583221,0.0,1.0814223655045587,0.0,0.0,0.0,0.0,0.0,0.0,0.0,0.0,0.0,2.17834383817831,0.0,0.0,1.5749999999999998e-09
6843.0,1.0203174635956995,0.0,0.423791105,0.0,1.0203174635956995,0.0,0.0,0.0,0.0,0.0,0.0,0.0,0.0,0.0,2.02534176174945,0.0,0.0,1.5749999999999998e-09
6844.0,0.9489460845664128,0.0,0.409150314,0.0,0.9489460845664128,0.0,0.0,0.0,0.0,0.0,0.0,0.0,0.0,0.0,1.991494178772679,0.0,0.0,1.5749999999999998e-09
6845.0,0.883500068464738,0.0,0.391633038,0.0,0.883500068464738,0.0,0.0,0.0,0.0,0.0,0.0,0.0,0.0,0.0,1.9310488002158528,0.0,0.0,1.5749999999999998e-09
6846.0,0.8327105969910099,0.0,0.375790513,0.0,0.8327105969910099,0.0,0.0,0.0,0.0,0.0,0.0,0.0,0.0,0.0,1.867982808821829,0.0,0.0,1.5749999999999998e-09
6847.0,0.7948287618063142,0.0,0.362624466,0.0,0.7948287618063142,0.0,0.0,0.0,0.0,0.0,0.0,0.0,0.0,0.0,1.8112442236301272,0.0,0.0,1.5749999999999998e-09
6848.0,0.7697744619408018,0.0,0.354755483,0.0,0.7697744619408018,0.0,0.0,0.0,0.0,0.0,0.0,0.0,0.0,0.0,1.7797465091063003,0.0,0.0,1.5749999999999998e-09
6849.0,0.7632794788952562,0.0,0.34199974,0.0,0.7632794788952562,0.0,0.0,0.0,0.0,0.0,0.0,0.0,0.0,0.0,1.6945698032331233,0.0,0.0,1.5749999999999998e-09
6850.0,0.7840282668877437,4.48e-10,0.329818688,9.741489267395304e-11,0.7840282667903289,0.0,0.0,0.0,0.0,0.0,0.0,0.0,0.0,0.0,1.5862794578100579,0.0,0.0,1.5749999999999998e-09
6851.0,0.840068907043686,0.000838957,0.318111806,0.0001824261297166554,0.8398864809139693,0.0,0.0,0.0,0.0,0.0,0.0,0.0,0.0,0.0,1.4462874033517388,0.0,0.0,1.5749999999999998e-09
6852.0,0.8963253789514108,0.018488172,0.301803253,0.004020141274816035,0.8923052376765949,0.0,0.0,0.0,0.0,0.0,0.0,0.0,0.0,0.0,1.2766639806335112,0.0,0.0,1.5749999999999998e-09
6853.0,0.9216978638633587,0.089866062,0.278942793,0.01954083210884109,0.9021570317545177,0.0,0.0,0.0,0.0,0.0,0.0,0.0,0.0,0.0,1.102520935339654,0.0,0.0,1.5749999999999998e-09
6854.0,0.9474641871264199,0.228619267,0.2643089,0.049711878031256276,0.8977523090951637,0.0,0.0,0.0,0.0,0.0,0.0,0.0,0.0,0.0,1.0017562698445208,0.0,0.0,1.5749999999999998e-09
6855.0,0.9789645177226995,0.393204643,0.255710081,0.08549997343023442,0.8934645442924652,0.0,0.0,0.0,0.0,0.0,0.0,0.0,0.0,0.0,0.944246908408755,0.0,0.0,1.5749999999999998e-09
6856.0,1.005307134601301,0.53072354,0.271667849,0.1154026265371438,0.8899045080641571,0.0,0.0,0.0,0.0,0.0,0.0,0.0,0.0,0.0,1.0624906242888996,0.0,0.0,1.5749999999999998e-09
6857.0,1.0307018708381275,0.620692335,0.292076212,0.13496579731600514,0.8957360735221224,0.0,0.0,0.0,0.0,0.0,0.0,0.0,0.0,0.0,1.2033278263246328,0.0,0.0,1.5749999999999998e-09
6858.0,1.0561811597096737,0.655327798,0.310863026,0.1424970694384553,0.9136840902712183,0.0,0.0,0.0,0.0,0.0,0.0,0.0,0.0,0.0,1.3203949920531006,0.0,0.0,1.5749999999999998e-09
6859.0,1.0784007189797524,0.633311174,0.329956364,0.13770968759916338,0.9406910313805891,0.0,0.0,0.0,0.0,0.0,0.0,0.0,0.0,0.0,1.4306061292286272,0.0,0.0,1.5749999999999998e-09
6860.0,1.0982617028077957,0.556662009,0.340596855,0.12104278987143322,0.9772189129363624,0.0,0.0,0.0,0.0,0.0,0.0,0.0,0.0,0.0,1.4705482565852686,0.0,0.0,1.5749999999999998e-09
6861.0,1.1140597075044962,0.432976398,0.334436806,0.09414810120876065,1.0199116062957356,0.0,0.0,0.0,0.0,0.0,0.0,0.0,0.0,0.0,1.3835851435684834,0.0,0.0,1.5749999999999998e-09
6862.0,1.1238411201414844,0.278961434,0.300949744,0.060658478020718824,1.0631826421207655,0.0,0.0,0.0,0.0,0.0,0.0,0.0,0.0,0.0,1.0996526636812782,0.0,0.0,1.5749999999999998e-09
6863.0,1.12387449662884,0.129239774,0.265049471,0.028102407842446307,1.0957720887863938,0.0,0.0,0.0,0.0,0.0,0.0,0.0,0.0,0.0,0.8090587512190887,0.0,0.0,1.5749999999999998e-09
6864.0,1.1309635729499343,0.033111809,0.264910439,0.007199962767802304,1.123763610182132,0.0,0.0,0.0,0.0,0.0,0.0,0.0,0.0,0.0,0.7800680486503095,0.0,0.0,1.5749999999999998e-09
6865.0,1.1166051888759045,0.001876394,0.271873268,0.00040801053599118177,1.1161971783399134,0.0,0.0,0.0,0.0,0.0,0.0,0.0,0.0,0.0,0.8376742385906856,0.0,0.0,1.5749999999999998e-09
6866.0,1.0659892723366367,0.0,0.267124217,0.0,1.0659892723366367,0.0,0.0,0.0,0.0,0.0,0.0,0.0,0.0,0.0,0.8537521432344845,0.0,0.0,1.5749999999999998e-09
6867.0,1.005858952059452,0.0,0.258918096,0.0,1.005858952059452,0.0,0.0,0.0,0.0,0.0,0.0,0.0,0.0,0.0,0.8549075397035145,0.0,0.0,1.5749999999999998e-09
6868.0,0.9317485102319285,0.0,0.247644854,0.0,0.9317485102319285,0.0,0.0,0.0,0.0,0.0,0.0,0.0,0.0,0.0,0.848000581468221,0.0,0.0,1.5749999999999998e-09
6869.0,0.870325423276634,0.0,0.234750944,0.0,0.870325423276634,0.0,0.0,0.0,0.0,0.0,0.0,0.0,0.0,0.0,0.816759014826621,0.0,0.0,1.5749999999999998e-09
6870.0,0.820034366281333,0.0,0.222408998,0.0,0.820034366281333,0.0,0.0,0.0,0.0,0.0,0.0,0.0,0.0,0.0,0.778352217501427,0.0,0.0,1.5749999999999998e-09
6871.0,0.7835409765718688,0.0,0.21307503,0.0,0.7835409765718687,0.0,0.0,0.0,0.0,0.0,0.0,0.0,0.0,0.0,0.7477651861900763,0.0,0.0,1.5749999999999998e-09
6872.0,0.7611701116923589,0.0,0.207646575,0.0,0.7611701116923589,0.0,0.0,0.0,0.0,0.0,0.0,0.0,0.0,0.0,0.7311233774786172,0.0,0.0,1.5749999999999998e-09
6873.0,0.755416077866772,0.0,0.197466731,0.0,0.755416077866772,0.0,0.0,0.0,0.0,0.0,0.0,0.0,0.0,0.0,0.6637179338508621,0.0,0.0,1.5749999999999998e-09
6874.0,0.7774064553900807,0.0,0.187661591,0.0,0.7774064553900807,0.0,0.0,0.0,0.0,0.0,0.0,0.0,0.0,0.0,0.5712609638378388,0.0,0.0,1.5749999999999998e-09
6875.0,0.8340189384966177,0.001046991,0.181951201,0.00022766186583838118,0.8337912766307793,0.0,0.0,0.0,0.0,0.0,0.0,0.0,0.0,0.0,0.4738372869472119,0.0,0.0,1.5749999999999998e-09
6876.0,0.8902576097444095,0.022054707,0.171663534,0.004795662757501073,1.1247466310852952,0.0,0.0,0.23928468409838685,0.0,0.0,0.0,0.0,0.0,0.0,0.1089475635638606,0.0,0.0,1.5749999999999998e-09
6877.0,0.9155433171891272,0.101171414,0.149825177,0.021999112581433194,1.076748490318172,0.0,0.0,0.18320428571047803,0.0,0.21535621568854815,0.0,0.0,0.0,0.0,0.0,0.0,0.0,1.575021454469746e-09
6878.0,0.9390066918224623,0.243599167,0.106762073,0.0529691667606459,0.767266912195862,0.0,0.0,0.0,0.11877061286595447,0.38023713931021513,0.0,0.0,0.0,0.0,0.0,0.0,0.0,1.7500476769241584e-09
6879.0,0.9651757527666787,0.404035549,0.085694817,0.0878550884872694,0.6158628788594191,0.0,0.0,0.0,0.2614577854199901,0.2614613469680201,0.0,0.0,0.0,0.0,0.0,0.0,0.0,1.7500715158733263e-09
6880.0,0.9878826023526324,0.539044174,0.127921232,0.11721189811770016,0.8706707042349321,0.0,0.0,0.0,0.0,0.0,0.0,0.0,0.0,0.0,0.04866072052047217,0.0,0.0,1.5749999999999998e-09
6881.0,1.0109143134824023,0.627735808,0.168865148,0.1364973579551723,0.8744169555272301,0.0,0.0,0.0,0.0,0.0,0.0,0.0,0.0,0.0,0.33916608049584557,0.0,0.0,1.5749999999999998e-09
6882.0,1.0369765704670202,0.662158829,0.194408278,0.14398243584853887,0.8929941346184812,0.0,0.0,0.0,0.0,0.0,0.0,0.0,0.0,0.0,0.5041596951537705,0.0,0.0,1.5749999999999998e-09
6883.0,1.0619018170479049,0.637683157,0.215023893,0.13866034888201462,0.9232414681658903,0.0,0.0,0.0,0.0,0.0,0.0,0.0,0.0,0.0,0.6220705868973664,0.0,0.0,1.5749999999999998e-09
6884.0,1.0830978443713801,0.556690345,0.22789992,0.12104895136339486,0.9620488930079852,0.0,0.0,0.0,0.0,0.0,0.0,0.0,0.0,0.0,0.6757992959091029,0.0,0.0,1.5749999999999998e-09
6885.0,1.1012099228602836,0.427419648,0.223548913,0.09293981950147051,1.0082701033588133,0.0,0.0,0.0,0.0,0.0,0.0,0.0,0.0,0.0,0.5983087067234092,0.0,0.0,1.5749999999999998e-09
6886.0,1.109464936407446,0.268255537,0.199278996,0.05833054541528714,1.0511343909921589,0.0,0.0,0.0,0.0,0.0,0.0,0.0,0.0,0.0,0.3810238242797712,0.0,0.0,1.5749999999999998e-09
6887.0,1.109226853330785,0.118643869,0.197812952,0.02579839233271773,1.083428460998067,0.0,0.0,0.0,0.0,0.0,0.0,0.0,0.0,0.0,0.33819373692785965,0.0,0.0,1.5749999999999998e-09
6888.0,1.1132920582945625,0.028052533,0.241294476,0.00609985377550787,1.1071922045190548,0.0,0.0,0.0,0.0,0.0,0.0,0.0,0.0,0.0,0.6269186302381397,0.0,0.0,1.5749999999999998e-09
6889.0,1.0985175865443901,0.001366178,0.285671984,0.00029706715009713354,1.0982205193942929,0.0,0.0,0.0,0.0,0.0,0.0,0.0,0.0,0.0,0.9548181197537654,0.0,0.0,1.5749999999999998e-09
6890.0,1.0545457318277391,0.0,0.305903886,0.0,1.0545457318277391,0.0,0.0,0.0,0.0,0.0,0.0,0.0,0.0,0.0,1.1438935026739643,0.0,0.0,1.5749999999999998e-09
6891.0,0.9960330377726314,0.0,0.31611494,0.0,0.9960330377726315,0.0,0.0,0.0,0.0,0.0,0.0,0.0,0.0,0.0,1.2757899710666611,0.0,0.0,1.5749999999999998e-09
6892.0,0.9290494984185788,0.0,0.319102123,0.0,0.9290494984185788,0.0,0.0,0.0,0.0,0.0,0.0,0.0,0.0,0.0,1.3642414963090541,0.0,0.0,1.5749999999999998e-09
6893.0,0.8693753178023487,0.0,0.314044857,0.0,0.8693753178023487,0.0,0.0,0.0,0.0,0.0,0.0,0.0,0.0,0.0,1.387570627050006,0.0,0.0,1.5749999999999998e-09
6894.0,0.8230804889635283,0.0,0.306178714,0.0,0.8230804889635281,0.0,0.0,0.0,0.0,0.0,0.0,0.0,0.0,0.0,1.3773338517254161,0.0,0.0,1.5749999999999998e-09
6895.0,0.800249034758043,0.0,0.297057367,0.0,0.800249034758043,0.0,0.0,0.0,0.0,0.0,0.0,0.0,0.0,0.0,1.3346129280957784,0.0,0.0,1.5749999999999998e-09
6896.0,0.7642674105219182,0.0,0.29084703,0.0,0.7642674105219183,0.0,0.0,0.0,0.0,0.0,0.0,0.0,0.0,0.0,1.325962727941553,0.0,0.0,1.5749999999999998e-09
6897.0,0.7592253990939554,0.0,0.279183918,0.0,0.7592253990939554,0.0,0.0,0.0,0.0,0.0,0.0,0.0,0.0,0.0,1.2471854608619273,0.0,0.0,1.5749999999999998e-09
6898.0,0.7808642160833977,0.0,0.272717555,0.0,0.7808642160833977,0.0,0.0,0.0,0.0,0.0,0.0,0.0,0.0,0.0,1.179074837614587,0.0,0.0,1.5749999999999998e-09
6899.0,0.838104168952839,0.001276892,0.27425999,0.00027765244896479745,0.8378265165038742,0.0,0.0,0.0,0.0,0.0,0.0,0.0,0.0,0.0,1.1331975536841221,0.0,0.0,1.5749999999999998e-09
6900.0,0.8962897776315448,0.023458058,0.270114363,0.005100812951806619,0.8911889646797382,0.0,0.0,0.0,0.0,0.0,0.0,0.0,0.0,0.0,1.0500417309696635,0.0,0.0,1.5749999999999998e-09
6901.0,0.9181399757078241,0.10167147,0.233306469,0.022107846736725528,0.8960321289710985,0.0,0.0,0.0,0.0,0.0,0.0,0.0,0.0,0.0,0.7806713017027287,0.0,0.0,1.5749999999999998e-09
6902.0,0.9387018567710144,0.23605413,0.180870671,0.05132854406069946,0.8873733127103149,0.0,0.0,0.0,0.0,0.0,0.0,0.0,0.0,0.0,0.4124898067044199,0.0,0.0,1.5749999999999998e-09
6903.0,0.9642278721249037,0.391370106,0.243453045,0.08510106444594559,0.8791268076789581,0.0,0.0,0.0,0.0,0.0,0.0,0.0,0.0,0.0,0.8704970133368649,0.0,0.0,1.5749999999999998e-09
6904.0,0.9835948911395406,0.523086983,0.348319389,0.11374210336626539,0.8698527877732751,0.0,0.0,0.0,0.0,0.0,0.0,0.0,0.0,0.0,1.6334139112161614,0.0,0.0,1.5749999999999998e-09
6905.0,1.0054517637133513,0.608656295,0.401957043,0.13234863315346182,0.8731031305598895,0.0,0.0,0.0,0.0,0.0,0.0,0.0,0.0,0.0,2.015641257327645,0.0,0.0,1.5749999999999998e-09
6906.0,1.0270082529005844,0.639879686,0.431678955,0.13913797083913565,0.8878702820614487,0.0,0.0,0.0,0.0,0.0,0.0,0.0,0.0,0.0,2.2144765491281855,0.0,0.0,1.5749999999999998e-09
6907.0,1.0537625067903826,0.611850256,0.458552049,0.13304314067136314,0.9207193661190195,0.0,0.0,0.0,0.0,0.0,0.0,0.0,0.0,0.0,2.3747563101290017,0.0,0.0,1.5749999999999998e-09
6908.0,1.0719813892388848,0.528380942,0.477323517,0.11489324275868795,0.9570881464801968,0.0,0.0,0.0,0.0,0.0,0.0,0.0,0.0,0.0,2.4732924251583754,0.0,0.0,1.5749999999999998e-09
6909.0,1.0864310004451656,0.398720178,0.47386043,0.08669929318484253,0.9997317072603231,0.0,0.0,0.0,0.0,0.0,0.0,0.0,0.0,0.0,2.4057606995600596,0.0,0.0,1.5749999999999998e-09
6910.0,1.09369140686821,0.244204379,0.446058969,0.05310076645266596,1.040590640415544,0.0,0.0,0.0,0.0,0.0,0.0,0.0,0.0,0.0,2.1651010269043636,0.0,0.0,1.5749999999999998e-09
6911.0,1.0898420346561395,0.104714702,0.416816905,0.022769579144453073,1.0670724555116864,0.0,0.0,0.0,0.0,0.0,0.0,0.0,0.0,0.0,1.928465291777896,0.0,0.0,1.5749999999999998e-09
6912.0,1.0928147288661674,0.024055656,0.426661579,0.005230757025539139,1.0875839718406282,0.0,0.0,0.0,0.0,0.0,0.0,0.0,0.0,0.0,1.9787044869076467,0.0,0.0,1.5749999999999998e-09
6913.0,1.0807704195842653,0.001200258,0.449091585,0.0002609888487746731,1.0805094307354908,0.0,0.0,0.0,0.0,0.0,0.0,0.0,0.0,0.0,2.1469767357807354,0.0,0.0,1.5749999999999998e-09
6914.0,1.0422166129868324,0.0,0.464603311,0.0,1.0422166129868324,0.0,0.0,0.0,0.0,0.0,0.0,0.0,0.0,0.0,2.29674766346501,0.0,0.0,1.5749999999999998e-09
6915.0,0.9887704065170767,0.0,0.46627586,0.0,0.9887704065170767,0.0,0.0,0.0,0.0,0.0,0.0,0.0,0.0,0.0,2.3622139766137193,0.0,0.0,1.5749999999999998e-09
6916.0,0.9252446268564163,0.0,0.457996154,0.0,0.9252446268564163,0.0,0.0,0.0,0.0,0.0,0.0,0.0,0.0,0.0,2.366235999200371,0.0,0.0,1.5749999999999998e-09
6917.0,0.8631161930009539,0.0,0.447409541,0.0,0.8631161930009539,0.0,0.0,0.0,0.0,0.0,0.0,0.0,0.0,0.0,2.35228162912674,0.0,0.0,1.5749999999999998e-09
6918.0,0.8172975293155313,0.0,0.428054346,0.0,0.8172975293155313,0.0,0.0,0.0,0.0,0.0,0.0,0.0,0.0,0.0,2.259000327016268,0.0,0.0,1.5749999999999998e-09
6919.0,0.7831226630632909,0.0,0.410415487,0.0,0.7831226630632909,0.0,0.0,0.0,0.0,0.0,0.0,0.0,0.0,0.0,2.1664100181525465,0.0,0.0,1.5749999999999998e-09
6920.0,0.7623315982534812,0.0,0.392566052,0.0,0.7623315982534812,0.0,0.0,0.0,0.0,0.0,0.0,0.0,0.0,0.0,2.0589225614607103,0.0,0.0,1.5749999999999998e-09
6921.0,0.7574787185873262,0.0,0.356395214,0.0,0.7574787185873262,0.0,0.0,0.0,0.0,0.0,0.0,0.0,0.0,0.0,1.8038265060420557,0.0,0.0,1.5749999999999998e-09
6922.0,0.7786435942559563,0.0,0.322768053,0.0,0.7786435942559563,0.0,0.0,0.0,0.0,0.0,0.0,0.0,0.0,0.0,1.5409933369300868,0.0,0.0,1.5749999999999998e-09
6923.0,0.8332646392816715,0.000598178,0.306832344,0.00013007019122749974,0.8331345690904439,0.0,0.0,0.0,0.0,0.0,0.0,0.0,0.0,0.0,1.3719772138429815,0.0,0.0,1.5749999999999998e-09
6924.0,0.8893319804275133,0.017186334,0.294631153,0.003737064468903371,0.88559491595861,0.0,0.0,0.0,0.0,0.0,0.0,0.0,0.0,0.0,1.2318305765102047,0.0,0.0,1.5749999999999998e-09
6925.0,0.9137699356925983,0.085011225,0.265935846,0.018485177141643466,0.8952847585509549,0.0,0.0,0.0,0.0,0.0,0.0,0.0,0.0,0.0,1.0159161920208295,0.0,0.0,1.5749999999999998e-09
6926.0,0.9363499568264348,0.209427832,0.287461305,0.04553881646700596,0.8908111403594289,0.0,0.0,0.0,0.0,0.0,0.0,0.0,0.0,0.0,1.175086810714853,0.0,0.0,1.5749999999999998e-09
6927.0,0.9617535933932277,0.356088984,0.320701082,0.07742939767575219,0.8843241957174756,0.0,0.0,0.0,0.0,0.0,0.0,0.0,0.0,0.0,1.4204580364897612,0.0,0.0,1.5749999999999998e-09
6928.0,0.9789778687176117,0.484103443,0.329404488,0.10526536817619675,0.8737125005414149,0.0,0.0,0.0,0.0,0.0,0.0,0.0,0.0,0.0,1.493618493220938,0.0,0.0,1.5749999999999998e-09
6929.0,0.9908196962427188,0.568855918,0.320055196,0.1236942816940023,0.8671254145487165,0.0,0.0,0.0,0.0,0.0,0.0,0.0,0.0,0.0,1.4330150292131931,0.0,0.0,1.5749999999999998e-09
6930.0,1.0027416277374492,0.599970534,0.311102887,0.1304599669132685,0.8722816608241807,0.0,0.0,0.0,0.0,0.0,0.0,0.0,0.0,0.0,1.3635212303739712,0.0,0.0,1.5749999999999998e-09
6931.0,1.0120891510384369,0.571167058,0.303567062,0.12419682512046319,0.8878923259179736,0.0,0.0,0.0,0.0,0.0,0.0,0.0,0.0,0.0,1.2937528572465549,0.0,0.0,1.5749999999999998e-09
6932.0,1.018989096597648,0.485423357,0.293660331,0.10555237549907363,0.9134367210985744,0.0,0.0,0.0,0.0,0.0,0.0,0.0,0.0,0.0,1.1970117656106032,0.0,0.0,1.5749999999999998e-09
6933.0,1.0238976030761129,0.3575001,0.278126373,0.07773623632238277,0.9461613667537301,0.0,0.0,0.0,0.0,0.0,0.0,0.0,0.0,0.0,1.0526492353216392,0.0,0.0,1.5749999999999998e-09
6934.0,1.0227450158450324,0.214148069,0.256921329,0.04656520347761002,0.9761798123674225,0.0,0.0,0.0,0.0,0.0,0.0,0.0,0.0,0.0,0.870236515452356,0.0,0.0,1.5749999999999998e-09
6935.0,1.016608269830734,0.08747423,0.250689829,0.01902074269461313,0.9975875271361208,0.0,0.0,0.0,0.0,0.0,0.0,0.0,0.0,0.0,0.8040448841766366,0.0,0.0,1.5749999999999998e-09
6936.0,1.0169108800496716,0.019808063,0.284092342,0.0043071435964819205,1.0126037364531897,0.0,0.0,0.0,0.0,0.0,0.0,0.0,0.0,0.0,1.0290824906850824,0.0,0.0,1.5749999999999998e-09
6937.0,1.0080372960696466,0.001025713,0.308191736,0.00022303509332428212,1.0078142609763223,0.0,0.0,0.0,0.0,0.0,0.0,0.0,0.0,0.0,1.2070670634524594,0.0,0.0,1.5749999999999998e-09
6938.0,0.9784727777418037,0.0,0.304217093,0.0,0.9784727777418037,0.0,0.0,0.0,0.0,0.0,0.0,0.0,0.0,0.0,1.2078439827365297,0.0,0.0,1.5749999999999998e-09
6939.0,0.9389021136952991,0.0,0.293805835,0.0,0.9389021136952991,0.0,0.0,0.0,0.0,0.0,0.0,0.0,0.0,0.0,1.1725920665046012,0.0,0.0,1.5749999999999998e-09
6940.0,0.8892986039401576,0.0,0.281788233,0.0,0.8892986039401576,0.0,0.0,0.0,0.0,0.0,0.0,0.0,0.0,0.0,1.1358286847275894,0.0,0.0,1.5749999999999998e-09
6941.0,0.8399954795714433,0.0,0.271533799,0.0,0.8399954795714433,0.0,0.0,0.0,0.0,0.0,0.0,0.0,0.0,0.0,1.1114362757443403,0.0,0.0,1.5749999999999998e-09
6942.0,0.8017264815330903,0.0,0.260836445,0.0,0.8017264815330903,0.0,0.0,0.0,0.0,0.0,0.0,0.0,0.0,0.0,1.0728266075896336,0.0,0.0,1.5749999999999998e-09
6943.0,0.7716501967319835,0.0,0.252704044,0.0,0.7716501967319835,0.0,0.0,0.0,0.0,0.0,0.0,0.0,0.0,0.0,1.0444577720528418,0.0,0.0,1.5749999999999998e-09
6944.0,0.7521607989302502,0.0,0.247554152,0.0,0.7521607989302502,0.0,0.0,0.0,0.0,0.0,0.0,0.0,0.0,0.0,1.026936444772624,0.0,0.0,1.5749999999999998e-09
6945.0,0.7433361672650037,0.0,0.237104347,0.0,0.7433361672650037,0.0,0.0,0.0,0.0,0.0,0.0,0.0,0.0,0.0,0.9606614704626393,0.0,0.0,1.5749999999999998e-09
6946.0,0.7483359018756442,0.0,0.230141976,0.0,0.7483359018756442,0.0,0.0,0.0,0.0,0.0,0.0,0.0,0.0,0.0,0.9056252692621076,0.0,0.0,1.5749999999999998e-09
6947.0,0.767191154417017,0.000668819,0.228025858,0.0001454306497841531,0.7670457237672328,0.0,0.0,0.0,0.0,0.0,0.0,0.0,0.0,0.0,0.8717075436826422,0.0,0.0,1.5749999999999998e-09
6948.0,0.7946863575267743,0.019169437,0.219755911,0.004168278232087286,0.790518079294687,0.0,0.0,0.0,0.0,0.0,0.0,0.0,0.0,0.0,0.788801566079365,0.0,0.0,1.5749999999999998e-09
6949.0,0.8246335890432536,0.088463784,0.196689273,0.01923591523190126,0.8053976738113523,0.0,0.0,0.0,0.0,0.0,0.0,0.0,0.0,0.0,0.6081489810644753,0.0,0.0,1.5749999999999998e-09
6950.0,0.8517928064466423,0.208648655,0.198930258,0.04536938913703048,0.8064234173096119,0.0,0.0,0.0,0.0,0.0,0.0,0.0,0.0,0.0,0.6232285228319604,0.0,0.0,1.5749999999999998e-09
6951.0,0.8727017993786027,0.349960381,0.22702622,0.0760967699893989,0.7966050293892037,0.0,0.0,0.0,0.0,0.0,0.0,0.0,0.0,0.0,0.8349641403748419,0.0,0.0,1.5749999999999998e-09
6952.0,0.883816028678663,0.471445746,0.252601441,0.10251302845576278,0.7813030002229002,0.0,0.0,0.0,0.0,0.0,0.0,0.0,0.0,0.0,1.0340675916566262,0.0,0.0,1.5749999999999998e-09
6953.0,0.8929276947354245,0.551256719,0.259441849,0.11986744222584929,0.7730602525095753,0.0,0.0,0.0,0.0,0.0,0.0,0.0,0.0,0.0,1.0914702945566574,0.0,0.0,1.5749999999999998e-09
6954.0,0.8977138224267929,0.578204867,0.258439504,0.12572715415705868,0.7719866682697342,0.0,0.0,0.0,0.0,0.0,0.0,0.0,0.0,0.0,1.0853403267157427,0.0,0.0,1.5749999999999998e-09
6955.0,0.9032787254904967,0.547885631,0.256505351,0.11913441951220097,0.7841443059782958,0.0,0.0,0.0,0.0,0.0,0.0,0.0,0.0,0.0,1.0592825130521455,0.0,0.0,1.5749999999999998e-09
6956.0,0.9086344712999493,0.465641668,0.253455144,0.10125096676950998,0.8073835045304393,0.0,0.0,0.0,0.0,0.0,0.0,0.0,0.0,0.0,1.0141223940768083,0.0,0.0,1.5749999999999998e-09
6957.0,0.9147267166643398,0.34265938,0.251174727,0.07450921144290913,0.8402175052214307,0.0,0.0,0.0,0.0,0.0,0.0,0.0,0.0,0.0,0.9648997221944194,0.0,0.0,1.5749999999999998e-09
6958.0,0.9215332082589401,0.202592244,0.248905494,0.04405245916481095,0.8774807490941293,0.0,0.0,0.0,0.0,0.0,0.0,0.0,0.0,0.0,0.9113281831749701,0.0,0.0,1.5749999999999998e-09
6959.0,0.9301642594972827,0.080881224,0.267539606,0.01758713338236151,0.9125771261149211,0.0,0.0,0.0,0.0,0.0,0.0,0.0,0.0,0.0,1.010149565279667,0.0,0.0,1.5749999999999998e-09
6960.0,0.9519477045988506,0.01704671,0.341598266,0.0037067040738705402,0.9482410005249801,0.0,0.0,0.0,0.0,0.0,0.0,0.0,0.0,0.0,1.5067230087002876,0.0,0.0,1.5749999999999998e-09
6961.0,0.9460846429810796,0.00080772,0.386639986,0.00017563383283617268,0.9459090091482434,0.0,0.0,0.0,0.0,0.0,0.0,0.0,0.0,0.0,1.832756296364055,0.0,0.0,1.5749999999999998e-09
6962.0,0.9306738001381116,0.0,0.389706961,0.0,0.9306738001381115,0.0,0.0,0.0,0.0,0.0,0.0,0.0,0.0,0.0,1.870032932370756,0.0,0.0,1.5749999999999998e-09
6963.0,0.8995272559081334,0.0,0.384959048,0.0,0.8995272559081334,0.0,0.0,0.0,0.0,0.0,0.0,0.0,0.0,0.0,1.867057653705027,0.0,0.0,1.5749999999999998e-09
6964.0,0.8615964694085843,0.0,0.370964577,0.0,0.8615964694085843,0.0,0.0,0.0,0.0,0.0,0.0,0.0,0.0,0.0,1.8044143856713288,0.0,0.0,1.5749999999999998e-09
6965.0,0.8178960732560255,0.0,0.357951577,0.0,0.8178960732560255,0.0,0.0,0.0,0.0,0.0,0.0,0.0,0.0,0.0,1.7545942642108139,0.0,0.0,1.5749999999999998e-09
6966.0,0.7864068678222229,0.0,0.345834829,0.0,0.7864068678222229,0.0,0.0,0.0,0.0,0.0,0.0,0.0,0.0,0.0,1.6990040456265443,0.0,0.0,1.5749999999999998e-09
6967.0,0.7603690859950694,0.0,0.338731976,0.0,0.7603690859950694,0.0,0.0,0.0,0.0,0.0,0.0,0.0,0.0,0.0,1.6739957589768228,0.0,0.0,1.5749999999999998e-09
6968.0,0.744272921744377,0.0,0.335543678,0.0,0.744272921744377,0.0,0.0,0.0,0.0,0.0,0.0,0.0,0.0,0.0,1.6671785843152944,0.0,0.0,1.5749999999999998e-09
6969.0,0.7371415696058851,0.0,0.323922859,0.0,0.7371415696058851,0.0,0.0,0.0,0.0,0.0,0.0,0.0,0.0,0.0,1.5907946050184647,0.0,0.0,1.5749999999999998e-09
6970.0,0.7404569250197375,0.0,0.314277775,0.0,0.7404569250197375,0.0,0.0,0.0,0.0,0.0,0.0,0.0,0.0,0.0,1.5181629314534115,0.0,0.0,1.5749999999999998e-09
6971.0,0.7553960523743285,0.000867311,0.309333341,0.00018859153566950644,0.755207460838659,0.0,0.0,0.0,0.0,0.0,0.0,0.0,0.0,0.0,1.4678782354113533,0.0,0.0,1.5749999999999998e-09
6972.0,0.7792332388664088,0.019829601,0.301696866,0.004311826904424803,0.774921411961984,0.0,0.0,0.0,0.0,0.0,0.0,0.0,0.0,0.0,1.3932832349727822,0.0,0.0,1.5749999999999998e-09
6973.0,0.8082014390861926,0.088603937,0.289906536,0.01926639065478727,0.7889350484314054,0.0,0.0,0.0,0.0,0.0,0.0,0.0,0.0,0.0,1.2945360424879184,0.0,0.0,1.5749999999999998e-09
6974.0,0.8315624604248749,0.20833686,0.269312324,0.04530159119850086,0.7862608692263741,0.0,0.0,0.0,0.0,0.0,0.0,0.0,0.0,0.0,1.1492058133264413,0.0,0.0,1.5749999999999998e-09
6975.0,0.8448661598975313,0.347324013,0.325055662,0.07552350769973587,0.7693426521977955,0.0,0.0,0.0,0.0,0.0,0.0,0.0,0.0,0.0,1.5667346369208017,0.0,0.0,1.5749999999999998e-09
6976.0,0.8526027324738983,0.467732462,0.390284263,0.10170559728985228,0.750897135184046,0.0,0.0,0.0,0.0,0.0,0.0,0.0,0.0,0.0,2.0539584931873485,0.0,0.0,1.5749999999999998e-09
6977.0,0.8634966803571551,0.54673636,0.423979171,0.1188845174784548,0.7446121628787004,0.0,0.0,0.0,0.0,0.0,0.0,0.0,0.0,0.0,2.3023986362515423,0.0,0.0,1.5749999999999998e-09
6978.0,0.8722523342151797,0.572139198,0.44818135,0.12440821108868653,0.7478441231264932,0.0,0.0,0.0,0.0,0.0,0.0,0.0,0.0,0.0,2.473100458178825,0.0,0.0,1.5749999999999998e-09
6979.0,0.8767202768601127,0.540817092,0.468995386,0.11759740842281115,0.7591228684373015,0.0,0.0,0.0,0.0,0.0,0.0,0.0,0.0,0.0,2.6114059302150663,0.0,0.0,1.5749999999999998e-09
6980.0,0.881748938293088,0.459108695,0.482593267,0.09983041127032063,0.7819185270227673,0.0,0.0,0.0,0.0,0.0,0.0,0.0,0.0,0.0,2.6863341530989757,0.0,0.0,1.5749999999999998e-09
6981.0,0.8915370254276074,0.337513657,0.486284144,0.0733903050728759,0.8181467203547316,0.0,0.0,0.0,0.0,0.0,0.0,0.0,0.0,0.0,2.6766311828121343,0.0,0.0,1.5749999999999998e-09
6982.0,0.9074485085814378,0.197357776,0.467058976,0.042914255730826044,0.8645342528506117,0.0,0.0,0.0,0.0,0.0,0.0,0.0,0.0,0.0,2.4920781494664657,0.0,0.0,1.5749999999999998e-09
6983.0,0.9282061969038918,0.077189855,0.484995687,0.01678446750076562,0.9114217294031263,0.0,0.0,0.0,0.0,0.0,0.0,0.0,0.0,0.0,2.57409642078117,0.0,0.0,1.5749999999999998e-09
6984.0,0.9585383654415931,0.017114647,0.535950201,0.0037214765639678403,0.9548168888776253,0.0,0.0,0.0,0.0,0.0,0.0,0.0,0.0,0.0,2.8968960299228703,0.0,0.0,1.5749999999999998e-09
6985.0,0.9692965845427661,0.00089049,0.554339758,0.0001936316691455992,0.9691029528736205,0.0,0.0,0.0,0.0,0.0,0.0,0.0,0.0,0.0,3.014770181812153,0.0,0.0,1.5749999999999998e-09
6986.0,0.9476065914059597,0.0,0.560477162,0.0,0.9476065914059597,0.0,0.0,0.0,0.0,0.0,0.0,0.0,0.0,0.0,3.080374220132234,0.0,0.0,1.5749999999999998e-09
6987.0,0.9104345537863777,0.0,0.558891711,0.0,0.9104345537863777,0.0,0.0,0.0,0.0,0.0,0.0,0.0,0.0,0.0,3.106152098205965,0.0,0.0,1.5749999999999998e-09
6988.0,0.8639995465004526,0.0,0.542997885,0.0,0.8639995465004526,0.0,0.0,0.0,0.0,0.0,0.0,0.0,0.0,0.0,3.038362957764838,0.0,0.0,1.5749999999999998e-09
6989.0,0.8202546486980612,0.0,0.533875732,0.0,0.8202546486980612,0.0,0.0,0.0,0.0,0.0,0.0,0.0,0.0,0.0,3.0165496852524942,0.0,0.0,1.5749999999999998e-09
6990.0,0.7885852118324173,0.0,0.520202993,0.0,0.7885852118324173,0.0,0.0,0.0,0.0,0.0,0.0,0.0,0.0,0.0,2.9499572587147362,0.0,0.0,1.5749999999999998e-09
6991.0,0.7682035612011434,0.0,0.510300857,0.0,0.7682035612011434,0.0,0.0,0.0,0.0,0.0,0.0,0.0,0.0,0.0,2.8991752357738094,0.0,0.0,1.5749999999999998e-09
6992.0,0.7587803855954027,0.0,0.499211239,0.0,0.7587803855954027,0.0,0.0,0.0,0.0,0.0,0.0,0.0,0.0,0.0,2.8289006617836647,0.0,0.0,1.5749999999999998e-09
6993.0,0.7647880773251488,0.0,0.473525659,0.0,0.7647880773251488,0.0,0.0,0.0,0.0,0.0,0.0,0.0,0.0,0.0,2.638298430993593,0.0,0.0,1.5749999999999998e-09
6994.0,0.7976390262443586,0.0,0.449122827,0.0,0.7976390262443586,0.0,0.0,0.0,0.0,0.0,0.0,0.0,0.0,0.0,2.430071667130491,0.0,0.0,1.5749999999999998e-09
6995.0,0.8686922212271346,0.000853053,0.431621593,0.00018549121973257516,0.8685067300074021,0.0,0.0,0.0,0.0,0.0,0.0,0.0,0.0,0.0,2.2334278577386515,0.0,0.0,1.5749999999999998e-09
6996.0,0.933944654902056,0.020655453,0.409422787,0.004491403431086789,0.9294532514709692,0.0,0.0,0.0,0.0,0.0,0.0,0.0,0.0,0.0,2.0129451933785805,0.0,0.0,1.5749999999999998e-09
6997.0,0.9566003283406458,0.08947247,0.359298131,0.019455247906972062,0.9371450804336737,0.0,0.0,0.0,0.0,0.0,0.0,0.0,0.0,0.0,1.6450225356832813,0.0,0.0,1.5749999999999998e-09
6998.0,0.9651401514468124,0.204898132,0.363923354,0.044553860575610414,0.9205862908712019,0.0,0.0,0.0,0.0,0.0,0.0,0.0,0.0,0.0,1.6948214120079055,0.0,0.0,1.5749999999999998e-09
6999.0,0.9698372768384402,0.339769053,0.502490342,0.07388072730340549,0.8959565495350347,0.0,0.0,0.0,0.0,0.0,0.0,0.0,0.0,0.0,2.715290424983553,0.0,0.0,1.5749999999999998e-09
7000.0,0.9737222503703767,0.457003518,0.537320447,0.0993726532535468,0.8743495971168299,0.0,0.0,0.0,0.0,0.0,0.0,0.0,0.0,0.0,2.9872108676129088,0.0,0.0,1.5749999999999998e-09
7001.0,0.9740293102543353,0.5344897,0.537137905,0.1162215552697173,0.8578077549846179,0.0,0.0,0.0,0.0,0.0,0.0,0.0,0.0,0.0,3.0024408352868006,0.0,0.0,1.5749999999999998e-09
7002.0,0.9766571194279526,0.561856376,0.533931869,0.12217227358530403,0.8544848458426486,0.0,0.0,0.0,0.0,0.0,0.0,0.0,0.0,0.0,2.982722927844881,0.0,0.0,1.5749999999999998e-09
7003.0,0.9806244207620987,0.533126907,0.531478017,0.11592522416741416,0.8646991965946844,0.0,0.0,0.0,0.0,0.0,0.0,0.0,0.0,0.0,2.9548734807133874,0.0,0.0,1.5749999999999998e-09
7004.0,0.9824000280910626,0.451581838,0.523478773,0.09819374170150993,0.8842062863895528,0.0,0.0,0.0,0.0,0.0,0.0,0.0,0.0,0.0,2.8778782298954444,0.0,0.0,1.5749999999999998e-09
7005.0,0.9877223974131594,0.331978385,0.511673097,0.0721866936268912,0.9155357037862681,0.0,0.0,0.0,0.0,0.0,0.0,0.0,0.0,0.0,2.7617049693962743,0.0,0.0,1.5749999999999998e-09
7006.0,0.9976195133397877,0.196166196,0.49837884,0.042655153860709005,0.9549643594790788,0.0,0.0,0.0,0.0,0.0,0.0,0.0,0.0,0.0,2.626734486613536,0.0,0.0,1.5749999999999998e-09
7007.0,1.0106406300857997,0.079576692,0.506765097,0.017303470782429057,0.9933371593033706,0.0,0.0,0.0,0.0,0.0,0.0,0.0,0.0,0.0,2.6486311938572737,0.0,0.0,1.5749999999999998e-09
7008.0,1.0330804717726065,0.018233272,0.525680042,0.0039647148102120375,1.0291157569623945,0.0,0.0,0.0,0.0,0.0,0.0,0.0,0.0,0.0,2.748788617640101,0.0,0.0,1.5749999999999998e-09
7009.0,1.0334832094537618,0.000788476,0.528347223,0.0001714493413303299,1.0333117601124315,0.0,0.0,0.0,0.0,0.0,0.0,0.0,0.0,0.0,2.7637608422382973,0.0,0.0,1.5749999999999998e-09
7010.0,1.005158054824305,0.0,0.513115056,0.0,1.005158054824305,0.0,0.0,0.0,0.0,0.0,0.0,0.0,0.0,0.0,2.682445544052299,0.0,0.0,1.5749999999999998e-09
7011.0,0.9561486393446369,0.0,0.504123049,0.0,0.9561486393446368,0.0,0.0,0.0,0.0,0.0,0.0,0.0,0.0,0.0,2.6668321093805516,0.0,0.0,1.5749999999999998e-09
7012.0,0.89804313363563,0.0,0.488388334,0.0,0.89804313363563,0.0,0.0,0.0,0.0,0.0,0.0,0.0,0.0,0.0,2.611856950270209,0.0,0.0,1.5749999999999998e-09
7013.0,0.8458385156967708,0.0,0.468315176,0.0,0.8458385156967708,0.0,0.0,0.0,0.0,0.0,0.0,0.0,0.0,0.0,2.5198018182444932,0.0,0.0,1.5749999999999998e-09
7014.0,0.8079989573293973,0.0,0.44533148,0.0,0.8079989573293973,0.0,0.0,0.0,0.0,0.0,0.0,0.0,0.0,0.0,2.392464465324575,0.0,0.0,1.5749999999999998e-09
7015.0,0.7810399958503687,0.0,0.422780717,0.0,0.7810399958503687,0.0,0.0,0.0,0.0,0.0,0.0,0.0,0.0,0.0,2.2573578747917886,0.0,0.0,1.5749999999999998e-09
7016.0,0.7659250887288067,0.0,0.405162565,0.0,0.7659250887288067,0.0,0.0,0.0,0.0,0.0,0.0,0.0,0.0,0.0,2.145856421779192,0.0,0.0,1.5749999999999998e-09
7017.0,0.7683860174654952,0.0,0.379282479,0.0,0.7683860174654951,0.0,0.0,0.0,0.0,0.0,0.0,0.0,0.0,0.0,1.9574030978537797,0.0,0.0,1.5749999999999998e-09
7018.0,0.7949489157609001,0.0,0.358336365,0.0,0.7949489157609001,0.0,0.0,0.0,0.0,0.0,0.0,0.0,0.0,0.0,1.7803067773450154,0.0,0.0,1.5749999999999998e-09
7019.0,0.8592846204488918,0.000441934,0.343701832,9.609587763163117e-05,0.8591885245712602,0.0,0.0,0.0,0.0,0.0,0.0,0.0,0.0,0.0,1.6108931808926348,0.0,0.0,1.5749999999999998e-09
7020.0,0.9199267071993403,0.016030332,0.328952392,0.0034856988198835605,0.9164410083794567,0.0,0.0,0.0,0.0,0.0,0.0,0.0,0.0,0.0,1.4476409073892893,0.0,0.0,1.5749999999999998e-09
7021.0,0.9402527320182291,0.078140915,0.287827219,0.016991269750378322,0.9232614622678509,0.0,0.0,0.0,0.0,0.0,0.0,0.0,0.0,0.0,1.145266202683467,0.0,0.0,1.5749999999999998e-09
7022.0,0.9496024801517272,0.187450809,0.272881539,0.04076004562584971,0.9088424345258774,0.0,0.0,0.0,0.0,0.0,0.0,0.0,0.0,0.0,1.052275122865357,0.0,0.0,1.5749999999999998e-09
7023.0,0.9607100349542561,0.320298875,0.332113053,0.06964705475828772,0.8910629801959684,0.0,0.0,0.0,0.0,0.0,0.0,0.0,0.0,0.0,1.4957336556772471,0.0,0.0,1.5749999999999998e-09
7024.0,0.9671004388727139,0.438098035,0.353059025,0.09526177022364893,0.8718386686490649,0.0,0.0,0.0,0.0,0.0,0.0,0.0,0.0,0.0,1.665490368926214,0.0,0.0,1.5749999999999998e-09
7025.0,0.9724762111745346,0.515704316,0.344027127,0.11213678704159456,0.8603394241329401,0.0,0.0,0.0,0.0,0.0,0.0,0.0,0.0,0.0,1.6120800786703042,0.0,0.0,1.5749999999999998e-09
7026.0,0.980880304498693,0.542249303,0.338884584,0.11790883404971168,0.8629714704489814,0.0,0.0,0.0,0.0,0.0,0.0,0.0,0.0,0.0,1.5724901223252539,0.0,0.0,1.5749999999999998e-09
7027.0,0.9894312527673368,0.511913897,0.342689993,0.11131258333607155,0.8781186694312653,0.0,0.0,0.0,0.0,0.0,0.0,0.0,0.0,0.0,1.584691253428996,0.0,0.0,1.5749999999999998e-09
7028.0,0.9965403545808746,0.433838334,0.350481605,0.09433552398316203,0.9022048305977126,0.0,0.0,0.0,0.0,0.0,0.0,0.0,0.0,0.0,1.616601064542594,0.0,0.0,1.5749999999999998e-09
7029.0,1.0031198892612152,0.32106215,0.358268089,0.06981302429446118,0.9333068649667541,0.0,0.0,0.0,0.0,0.0,0.0,0.0,0.0,0.0,1.6414581490597373,0.0,0.0,1.5749999999999998e-09
7030.0,1.0090185531987772,0.195989072,0.360206217,0.04261663931729387,0.9664019138814834,0.0,0.0,0.0,0.0,0.0,0.0,0.0,0.0,0.0,1.6222918432296456,0.0,0.0,1.5749999999999998e-09
7031.0,1.0159986007277626,0.085727341,0.36715922,0.0186408922382553,0.9973577084895073,0.0,0.0,0.0,0.0,0.0,0.0,0.0,0.0,0.0,1.6413051902127422,0.0,0.0,1.5749999999999998e-09
7032.0,1.0362667729019066,0.022099944,0.389831982,0.004805499269777617,1.0314612736321291,0.0,0.0,0.0,0.0,0.0,0.0,0.0,0.0,0.0,1.7701439472062945,0.0,0.0,1.5749999999999998e-09
7033.0,1.033282952529477,0.000983161,0.400114924,0.0002137824180719115,1.0330691701114052,0.0,0.0,0.0,0.0,0.0,0.0,0.0,0.0,0.0,1.842436462501798,0.0,0.0,1.5749999999999998e-09
7034.0,1.00400991825817,0.0,0.401266431,0.0,1.00400991825817,0.0,0.0,0.0,0.0,0.0,0.0,0.0,0.0,0.0,1.8797712488724447,0.0,0.0,1.5749999999999998e-09
7035.0,0.954517662127648,0.0,0.395015997,0.0,0.954517662127648,0.0,0.0,0.0,0.0,0.0,0.0,0.0,0.0,0.0,1.8843435155319492,0.0,0.0,1.5749999999999998e-09
7036.0,0.8966569139928338,0.0,0.385867107,0.0,0.8966569139928338,0.0,0.0,0.0,0.0,0.0,0.0,0.0,0.0,0.0,1.87645394257362,0.0,0.0,1.5749999999999998e-09
7037.0,0.8425276099479393,0.0,0.378283094,0.0,0.8425276099479393,0.0,0.0,0.0,0.0,0.0,0.0,0.0,0.0,0.0,1.8760792259204213,0.0,0.0,1.5749999999999998e-09
7038.0,0.8040895076400716,0.0,0.370813142,0.0,0.8040895076400716,0.0,0.0,0.0,0.0,0.0,0.0,0.0,0.0,0.0,1.8608330296357425,0.0,0.0,1.5749999999999998e-09
7039.0,0.7769013644142727,0.0,0.365437673,0.0,0.7769013644142727,0.0,0.0,0.0,0.0,0.0,0.0,0.0,0.0,0.0,1.8493892937181442,0.0,0.0,1.5749999999999998e-09
7040.0,0.7606472200566179,0.0,0.358590264,0.0,0.7606472200566179,0.0,0.0,0.0,0.0,0.0,0.0,0.0,0.0,0.0,1.8164331688074964,0.0,0.0,1.5749999999999998e-09
7041.0,0.7610966842201161,0.0,0.33916351,0.0,0.7610966842201161,0.0,0.0,0.0,0.0,0.0,0.0,0.0,0.0,0.0,1.6763694658349726,0.0,0.0,1.5749999999999998e-09
7042.0,0.7877841871350526,0.0,0.318751259,0.0,0.7877841871350526,0.0,0.0,0.0,0.0,0.0,0.0,0.0,0.0,0.0,1.5029852535395718,0.0,0.0,1.5749999999999998e-09
7043.0,0.8510629823891604,0.000523337,0.304371906,0.00011379646805202805,0.8509491859211084,0.0,0.0,0.0,0.0,0.0,0.0,0.0,0.0,0.0,1.3364801690314614,0.0,0.0,1.5749999999999998e-09
7044.0,0.9118964257339272,0.015728318,0.288551096,0.0034200277006959908,0.9084763980332311,0.0,0.0,0.0,0.0,0.0,0.0,0.0,0.0,0.0,1.1652535532262553,0.0,0.0,1.5749999999999998e-09
7045.0,0.9355734072865346,0.071054039,0.252627704,0.015450271391151503,0.9201231358953831,0.0,0.0,0.0,0.0,0.0,0.0,0.0,0.0,0.0,0.8954362002670967,0.0,0.0,1.5749999999999998e-09
7046.0,0.9506237882657449,0.171626813,0.245252232,0.03731921332224912,0.9133045749434957,0.0,0.0,0.0,0.0,0.0,0.0,0.0,0.0,0.0,0.8492494619735578,0.0,0.0,1.5749999999999998e-09
7047.0,0.9684911081805311,0.306236299,0.292005435,0.06658923258918212,0.901901875591349,0.0,0.0,0.0,0.0,0.0,0.0,0.0,0.0,0.0,1.196653371241105,0.0,0.0,1.5749999999999998e-09
7048.0,0.9792804779366245,0.426761698,0.31191986,0.09279675225005349,0.8864837256865711,0.0,0.0,0.0,0.0,0.0,0.0,0.0,0.0,0.0,1.3551905047750794,0.0,0.0,1.5749999999999998e-09
7049.0,0.9897828133012031,0.506560199,0.30445243,0.11014845405911004,0.879634359242093,0.0,0.0,0.0,0.0,0.0,0.0,0.0,0.0,0.0,1.3083736974825717,0.0,0.0,1.5749999999999998e-09
7050.0,1.0043525784620702,0.536515824,0.300450646,0.11666212368936937,0.8876904547727008,0.0,0.0,0.0,0.0,0.0,0.0,0.0,0.0,0.0,1.2715579837966025,0.0,0.0,1.5749999999999998e-09
7051.0,1.0159073725955867,0.510720904,0.304662704,0.11105317421764348,0.9048541983779432,0.0,0.0,0.0,0.0,0.0,0.0,0.0,0.0,0.0,1.2846650343492245,0.0,0.0,1.5749999999999998e-09
7052.0,1.024260289772381,0.435768875,0.309485795,0.09475530845708541,0.9295049813152956,0.0,0.0,0.0,0.0,0.0,0.0,0.0,0.0,0.0,1.2946763559853725,0.0,0.0,1.5749999999999998e-09
7053.0,1.0311758101590904,0.321549281,0.311126902,0.0699189479866111,0.9612568621724794,0.0,0.0,0.0,0.0,0.0,0.0,0.0,0.0,0.0,1.2747186176086645,0.0,0.0,1.5749999999999998e-09
7054.0,1.0360442656526678,0.1924605,0.30340878,0.041849372659543166,0.9941948929931246,0.0,0.0,0.0,0.0,0.0,0.0,0.0,0.0,0.0,1.186312765037397,0.0,0.0,1.5749999999999998e-09
7055.0,1.0406145615922535,0.082723176,0.305585667,0.017987654713590463,1.022626906878663,0.0,0.0,0.0,0.0,0.0,0.0,0.0,0.0,0.0,1.1735253833677328,0.0,0.0,1.5749999999999998e-09
7056.0,1.0553067065401416,0.020598367,0.323407131,0.004478990425365393,1.0508277161147763,0.0,0.0,0.0,0.0,0.0,0.0,0.0,0.0,0.0,1.273402076467957,0.0,0.0,1.5749999999999998e-09
7057.0,1.0496884014966383,0.000771346,0.335849692,0.00016772452634929237,1.0495206769702892,0.0,0.0,0.0,0.0,0.0,0.0,0.0,0.0,0.0,1.3641300596800874,0.0,0.0,1.5749999999999998e-09
7058.0,1.0181235437580824,0.0,0.339361204,0.0,1.0181235437580824,0.0,0.0,0.0,0.0,0.0,0.0,0.0,0.0,0.0,1.4207633736226806,0.0,0.0,1.5749999999999998e-09
7059.0,0.9668890567859522,0.0,0.338586725,0.0,0.9668890567859522,0.0,0.0,0.0,0.0,0.0,0.0,0.0,0.0,0.0,1.4664319129301329,0.0,0.0,1.5749999999999998e-09
7060.0,0.9064717021172527,0.0,0.336472752,0.0,0.9064717021172527,0.0,0.0,0.0,0.0,0.0,0.0,0.0,0.0,0.0,1.5116567793808913,0.0,0.0,1.5749999999999998e-09
7061.0,0.8500238746151344,0.0,0.334502446,0.0,0.8500238746151344,0.0,0.0,0.0,0.0,0.0,0.0,0.0,0.0,0.0,1.5539446101892314,0.0,0.0,1.5749999999999998e-09
7062.0,0.6713706939602436,0.0,0.329938766,0.0,0.6713706939602436,0.0,0.0,0.0,0.0,0.0,0.0,0.0,0.0,0.0,1.699799995115202,0.0,0.0,1.5749999999999998e-09
7063.0,0.6517989683563011,0.0,0.317119525,0.0,0.6517989683563011,0.0,0.0,0.0,0.0,0.0,0.0,0.0,0.0,0.0,1.6272436907701138,0.0,0.0,1.5749999999999998e-09
7064.0,0.6283222437279784,0.0,0.305638505,0.0,0.6283222437279784,0.0,0.0,0.0,0.0,0.0,0.0,0.0,0.0,0.0,1.5682097773344965,0.0,0.0,1.5749999999999998e-09
7065.0,0.6258034633464697,0.0,0.280042505,0.0,0.6258034633464697,0.0,0.0,0.0,0.0,0.0,0.0,0.0,0.0,0.0,1.3867778031763733,0.0,0.0,1.5749999999999998e-09
7066.0,0.6475468574631507,0.0,0.25718726,0.0,0.6475468574631507,0.0,0.0,0.0,0.0,0.0,0.0,0.0,0.0,0.0,1.2007806364804552,0.0,0.0,1.5749999999999998e-09
7067.0,0.6975620052294139,0.000321652,0.243519665,6.994128361241596e-05,0.6974920639458015,0.0,0.0,0.0,0.0,0.0,0.0,0.0,0.0,0.0,1.052610534975453,0.0,0.0,1.5749999999999998e-09
7068.0,0.7444331266838499,0.014017488,0.228447289,0.0030480180559786262,0.7413851086278712,0.0,0.0,0.0,0.0,0.0,0.0,0.0,0.0,0.0,0.9003968566824662,0.0,0.0,1.5749999999999998e-09
7069.0,0.7644565412838011,0.069073304,0.193965997,0.015019572535257437,0.7494369687485437,0.0,0.0,0.0,0.0,0.0,0.0,0.0,0.0,0.0,0.6445383204834463,0.0,0.0,1.5749999999999998e-09
7070.0,0.7824440161530979,0.170446832,0.184290719,0.03706263358458773,0.7453813825685102,0.0,0.0,0.0,0.0,0.0,0.0,0.0,0.0,0.0,0.5790605933144916,0.0,0.0,1.5749999999999998e-09
7071.0,0.8014238723140775,0.298865193,0.205834749,0.06498643013409655,0.736437442179981,0.0,0.0,0.0,0.0,0.0,0.0,0.0,0.0,0.0,0.742834998397679,0.0,0.0,1.5749999999999998e-09
7072.0,0.814854401238776,0.411043632,0.225007967,0.08937895378480323,0.7254754474539727,0.0,0.0,0.0,0.0,0.0,0.0,0.0,0.0,0.0,0.891589144946349,0.0,0.0,1.5749999999999998e-09
7073.0,0.8249139479373123,0.48477415,0.251416737,0.10541120936017147,0.7195027385771409,0.0,0.0,0.0,0.0,0.0,0.0,0.0,0.0,0.0,1.0873537419292756,0.0,0.0,1.5749999999999998e-09
7074.0,0.8363908639336407,0.511165828,0.265702571,0.11114992025270612,0.7252409436809346,0.0,0.0,0.0,0.0,0.0,0.0,0.0,0.0,0.0,1.1842835296184155,0.0,0.0,1.5749999999999998e-09
7075.0,0.8458162653718168,0.485867561,0.272574288,0.10564896497448735,0.7401673003973295,0.0,0.0,0.0,0.0,0.0,0.0,0.0,0.0,0.0,1.2187421364562017,0.0,0.0,1.5749999999999998e-09
7076.0,0.8513900687654871,0.414896196,0.272582379,0.09021667054502541,0.7611733982204617,0.0,0.0,0.0,0.0,0.0,0.0,0.0,0.0,0.0,1.1977941862168708,0.0,0.0,1.5749999999999998e-09
7077.0,0.8563519772237511,0.307335051,0.259874493,0.06682814957167163,0.7895238276520795,0.0,0.0,0.0,0.0,0.0,0.0,0.0,0.0,0.0,1.0781160017335407,0.0,0.0,1.5749999999999998e-09
7078.0,0.857500113789886,0.183351353,0.241361985,0.03986864369223008,0.8176314700976559,0.0,0.0,0.0,0.0,0.0,0.0,0.0,0.0,0.0,0.916964531540622,0.0,0.0,1.5749999999999998e-09
7079.0,0.860176874278357,0.081456855,0.251691976,0.01771230086469365,0.8424645734136633,0.0,0.0,0.0,0.0,0.0,0.0,0.0,0.0,0.0,0.9663699670133943,0.0,0.0,1.5749999999999998e-09
7080.0,0.8726061205814813,0.0204197,0.284413836,0.004440140365924819,0.8681659802155565,0.0,0.0,0.0,0.0,0.0,0.0,0.0,0.0,0.0,1.1758307276181352,0.0,0.0,1.5749999999999998e-09
7081.0,0.8660043345762619,0.000705143,0.306420187,0.00015332908407319034,0.8658510054921887,0.0,0.0,0.0,0.0,0.0,0.0,0.0,0.0,0.0,1.3362987290298132,0.0,0.0,1.5749999999999998e-09
7082.0,0.8414106240367248,0.0,0.309764982,0.0,0.8414106240367248,0.0,0.0,0.0,0.0,0.0,0.0,0.0,0.0,0.0,1.3847771462733065,0.0,0.0,1.5749999999999998e-09
7083.0,0.8006562231041437,0.0,0.312418788,0.0,0.8006562231041437,0.0,0.0,0.0,0.0,0.0,0.0,0.0,0.0,0.0,1.4446036528513708,0.0,0.0,1.5749999999999998e-09
7084.0,0.7507501041299895,0.0,0.310612754,0.0,0.7507501041299895,0.0,0.0,0.0,0.0,0.0,0.0,0.0,0.0,0.0,1.4815303485943865,0.0,0.0,1.5749999999999998e-09
7085.0,0.7050582698966089,0.0,0.30381622,0.0,0.7050582698966089,0.0,0.0,0.0,0.0,0.0,0.0,0.0,0.0,0.0,1.4783775368848753,0.0,0.0,1.5749999999999998e-09
7086.0,0.805751635511981,0.0,0.295743619,0.0,0.805751635511981,0.0,0.0,0.0,0.0,0.0,0.0,0.0,0.0,0.0,1.3196688155480079,0.0,0.0,1.5749999999999998e-09
7087.0,0.7743870336977852,0.0,0.291070501,0.0,0.7743870336977852,0.0,0.0,0.0,0.0,0.0,0.0,0.0,0.0,0.0,1.3174491236384678,0.0,0.0,1.5749999999999998e-09
7088.0,0.7562215532290824,0.0,0.295692701,0.0,0.7562215532290824,0.0,0.0,0.0,0.0,0.0,0.0,0.0,0.0,0.0,1.3688329654774272,0.0,0.0,1.5749999999999998e-09
7089.0,0.7530508269272803,0.0,0.289776086,0.0,0.7530508269272803,0.0,0.0,0.0,0.0,0.0,0.0,0.0,0.0,0.0,1.329482759072146,0.0,0.0,1.5749999999999998e-09
7090.0,0.7737929394223118,0.0,0.288513596,0.0,0.7737929394223118,0.0,0.0,0.0,0.0,0.0,0.0,0.0,0.0,0.0,1.2996675106145135,0.0,0.0,1.5749999999999998e-09
7091.0,0.8301028133098358,0.0004738,0.292063517,0.0001030249467609798,0.8299997883630749,0.0,0.0,0.0,0.0,0.0,0.0,0.0,0.0,0.0,1.2689728763364356,0.0,0.0,1.5749999999999998e-09
7092.0,0.8882750709936296,0.015659191,0.295219586,0.0034049964522900253,0.8848700745413395,0.0,0.0,0.0,0.0,0.0,0.0,0.0,0.0,0.0,1.2367843089395874,0.0,0.0,1.5749999999999998e-09
7093.0,0.9186472915161426,0.064774139,0.286054888,0.014084745086456954,0.9045625464296857,0.0,0.0,0.0,0.0,0.0,0.0,0.0,0.0,0.0,1.1512279086160224,0.0,0.0,1.5749999999999998e-09
7094.0,0.9415477225289248,0.15642217,0.279582527,0.03401305558566258,0.9075346669432622,0.0,0.0,0.0,0.0,0.0,0.0,0.0,0.0,0.0,1.1017408760223208,0.0,0.0,1.5749999999999998e-09
7095.0,0.9645060061864521,0.282821061,0.319923123,0.06149773058760832,0.9030082755988439,0.0,0.0,0.0,0.0,0.0,0.0,0.0,0.0,0.0,1.3961829992302515,0.0,0.0,1.5749999999999998e-09
7096.0,0.9778831331313513,0.394234909,0.380372614,0.0857239985458943,0.892159134585457,0.0,0.0,0.0,0.0,0.0,0.0,0.0,0.0,0.0,1.8414644531435718,0.0,0.0,1.5749999999999998e-09
7097.0,0.9857487599922706,0.468038978,0.405101492,0.10177224734173362,0.883976512650537,0.0,0.0,0.0,0.0,0.0,0.0,0.0,0.0,0.0,2.027366084572886,0.0,0.0,1.5749999999999998e-09
7098.0,0.9958884086605811,0.494091884,0.410994591,0.10743729431011441,0.8884511143504668,0.0,0.0,0.0,0.0,0.0,0.0,0.0,0.0,0.0,2.0652434131599833,0.0,0.0,1.5749999999999998e-09
7099.0,1.0012775309573894,0.472706207,0.414798861,0.10278710808307238,0.898490422874317,0.0,0.0,0.0,0.0,0.0,0.0,0.0,0.0,0.0,2.0825442490716894,0.0,0.0,1.5749999999999998e-09
7100.0,1.0055229663530838,0.403683794,0.415478506,0.08777860148822358,0.9177443648648602,0.0,0.0,0.0,0.0,0.0,0.0,0.0,0.0,0.0,2.068174711307161,0.0,0.0,1.5749999999999998e-09
7101.0,1.0074209514692192,0.298017853,0.408515447,0.06480218117168954,0.9426187702975295,0.0,0.0,0.0,0.0,0.0,0.0,0.0,0.0,0.0,1.9932588948355021,0.0,0.0,1.5749999999999998e-09
7102.0,1.0060747838112347,0.180258954,0.391789847,0.039196220217475534,0.9668785635937591,0.0,0.0,0.0,0.0,0.0,0.0,0.0,0.0,0.0,1.8487972442128124,0.0,0.0,1.5749999999999998e-09
7103.0,1.005249282956481,0.080224848,0.369898718,0.017444408387732584,0.9878048745687484,0.0,0.0,0.0,0.0,0.0,0.0,0.0,0.0,0.0,1.6705459724129126,0.0,0.0,1.5749999999999998e-09
7104.0,1.0108965128224692,0.016300291,0.369738165,0.0035443997730339348,1.0073521130494352,0.0,0.0,0.0,0.0,0.0,0.0,0.0,0.0,0.0,1.6498448878041743,0.0,0.0,1.5749999999999998e-09
7105.0,0.9989189555153537,0.000380808,0.372890556,8.280439832451498e-05,0.9988361511170293,0.0,0.0,0.0,0.0,0.0,0.0,0.0,0.0,0.0,1.6810161358380782,0.0,0.0,1.5749999999999998e-09
7106.0,0.9732349600545018,0.0,0.372994699,0.0,0.9732349600545018,0.0,0.0,0.0,0.0,0.0,0.0,0.0,0.0,0.0,1.7073657713227817,0.0,0.0,1.5749999999999998e-09
7107.0,0.9386640306186377,0.0,0.381850546,0.0,0.9386640306186377,0.0,0.0,0.0,0.0,0.0,0.0,0.0,0.0,0.0,1.8055810099373277,0.0,0.0,1.5749999999999998e-09
7108.0,0.8919041617888963,0.0,0.388533628,0.0,0.8919041617888963,0.0,0.0,0.0,0.0,0.0,0.0,0.0,0.0,0.0,1.9003701793042715,0.0,0.0,1.5749999999999998e-09
7109.0,0.841751060408039,0.0,0.39123484,0.0,0.841751060408039,0.0,0.0,0.0,0.0,0.0,0.0,0.0,0.0,0.0,1.969936078996252,0.0,0.0,1.5749999999999998e-09
7110.0,0.8007964025511732,0.0,0.396861143,0.0,0.8007964025511732,0.0,0.0,0.0,0.0,0.0,0.0,0.0,0.0,0.0,2.051325284521449,0.0,0.0,1.5749999999999998e-09
7111.0,0.7689289345936797,0.0,0.403994416,0.0,0.7689289345936797,0.0,0.0,0.0,0.0,0.0,0.0,0.0,0.0,0.0,2.13445744034764,0.0,0.0,1.5749999999999998e-09
7112.0,0.7468517796031409,0.0,0.409941471,0.0,0.7468517796031409,0.0,0.0,0.0,0.0,0.0,0.0,0.0,0.0,0.0,2.1992742911710703,0.0,0.0,1.5749999999999998e-09
7113.0,0.7369368630165795,0.0,0.396759184,0.0,0.7369368630165795,0.0,0.0,0.0,0.0,0.0,0.0,0.0,0.0,0.0,2.1144520753850737,0.0,0.0,1.5749999999999998e-09
7114.0,0.7410932951126082,0.0,0.382630332,0.0,0.7410932951126082,0.0,0.0,0.0,0.0,0.0,0.0,0.0,0.0,0.0,2.008755832921066,0.0,0.0,1.5749999999999998e-09
7115.0,0.7585022515338543,0.000385276,0.380667944,8.377593792377217e-05,0.7584184755959306,0.0,0.0,0.0,0.0,0.0,0.0,0.0,0.0,0.0,1.9773275600287925,0.0,0.0,1.5749999999999998e-09
7116.0,0.7847469647828239,0.011192531,0.378919612,0.0024337482279350275,0.7823132165548888,0.0,0.0,0.0,0.0,0.0,0.0,0.0,0.0,0.0,1.9408680827600289,0.0,0.0,1.5749999999999998e-09
7117.0,0.8183833635719004,0.047282968,0.367642071,0.010281395654075794,0.8081019679178246,0.0,0.0,0.0,0.0,0.0,0.0,0.0,0.0,0.0,1.8340310357141099,0.0,0.0,1.5749999999999998e-09
7118.0,0.8519685872135379,0.126700434,0.362883715,0.02755024370502962,0.8244183435085082,0.0,0.0,0.0,0.0,0.0,0.0,0.0,0.0,0.0,1.783517786527232,0.0,0.0,1.5749999999999998e-09
7119.0,0.8805451749146433,0.240922942,0.383736176,0.05238723780719423,0.8281579371074491,0.0,0.0,0.0,0.0,0.0,0.0,0.0,0.0,0.0,1.9296385591948266,0.0,0.0,1.5749999999999998e-09
7120.0,0.8986617030685679,0.345487347,0.408976156,0.07512413577726287,0.8235375672913049,0.0,0.0,0.0,0.0,0.0,0.0,0.0,0.0,0.0,2.115651074876154,0.0,0.0,1.5749999999999998e-09
7121.0,0.9082384091162502,0.415203438,0.414933792,0.09028347846121945,0.8179549306550308,0.0,0.0,0.0,0.0,0.0,0.0,0.0,0.0,0.0,2.1640494498103062,0.0,0.0,1.5749999999999998e-09
7122.0,0.9105369070810305,0.44280831,0.406868296,0.09628599105755475,0.8142509160234759,0.0,0.0,0.0,0.0,0.0,0.0,0.0,0.0,0.0,2.1097891702186864,0.0,0.0,1.5749999999999998e-09
7123.0,0.9091173119508033,0.42758924,0.396955966,0.09297669625700257,0.8161406156938007,0.0,0.0,0.0,0.0,0.0,0.0,0.0,0.0,0.0,2.036662535763792,0.0,0.0,1.5749999999999998e-09
7124.0,0.9066541583816043,0.371930552,0.383482715,0.08087405090456275,0.8257801074770417,0.0,0.0,0.0,0.0,0.0,0.0,0.0,0.0,0.0,1.9301948408413163,0.0,0.0,1.5749999999999998e-09
7125.0,0.9070680212252366,0.283437302,0.363212187,0.061631728469028604,0.845436292756208,0.0,0.0,0.0,0.0,0.0,0.0,0.0,0.0,0.0,1.7648604667624648,0.0,0.0,1.5749999999999998e-09
7126.0,0.9123236395724715,0.177066368,0.334121282,0.038502011685014895,0.8738216278874567,0.0,0.0,0.0,0.0,0.0,0.0,0.0,0.0,0.0,1.5274075458759908,0.0,0.0,1.5749999999999998e-09
7127.0,0.9225166902205811,0.077096046,0.31985103,0.0167640693006164,0.9057526209199647,0.0,0.0,0.0,0.0,0.0,0.0,0.0,0.0,0.0,1.392920543198589,0.0,0.0,1.5749999999999998e-09
7128.0,0.9368461474722762,0.015307922,0.321603772,0.003328615131007242,0.933517532341269,0.0,0.0,0.0,0.0,0.0,0.0,0.0,0.0,0.0,1.377752061430875,0.0,0.0,1.5749999999999998e-09
7129.0,0.9312923705709741,0.00038576,0.328292179,8.388118079889314e-05,0.9312084893901752,0.0,0.0,0.0,0.0,0.0,0.0,0.0,0.0,0.0,1.4281286740927897,0.0,0.0,1.5749999999999998e-09
7130.0,0.912991160320263,0.0,0.3314648,0.0,0.912991160320263,0.0,0.0,0.0,0.0,0.0,0.0,0.0,0.0,0.0,1.4691466761904515,0.0,0.0,1.5749999999999998e-09
7131.0,0.8775502283798122,0.0,0.342829203,0.0,0.8775502283798122,0.0,0.0,0.0,0.0,0.0,0.0,0.0,0.0,0.0,1.5862601548859596,0.0,0.0,1.5749999999999998e-09
7132.0,0.8422072000689934,0.0,0.352451374,0.0,0.8422072000689934,0.0,0.0,0.0,0.0,0.0,0.0,0.0,0.0,0.0,1.6907548325075838,0.0,0.0,1.5749999999999998e-09
7133.0,0.8003536128852062,0.0,0.354652512,0.0,0.8003536128852061,0.0,0.0,0.0,0.0,0.0,0.0,0.0,0.0,0.0,1.748427336551265,0.0,0.0,1.5749999999999998e-09
7134.0,0.7644498667862698,0.0,0.353219097,0.0,0.7644498667862698,0.0,0.0,0.0,0.0,0.0,0.0,0.0,0.0,0.0,1.7740295601147107,0.0,0.0,1.5749999999999998e-09
7135.0,0.7353548371144442,0.0,0.347565654,0.0,0.7353548371144442,0.0,0.0,0.0,0.0,0.0,0.0,0.0,0.0,0.0,1.7624949950999913,0.0,0.0,1.5749999999999998e-09
7136.0,0.7142433624256884,0.0,0.340890695,0.0,0.7142433624256884,0.0,0.0,0.0,0.0,0.0,0.0,0.0,0.0,0.0,1.735635546809723,0.0,0.0,1.5749999999999998e-09
7137.0,0.7034495430045741,0.0,0.327783074,0.0,0.7034495430045741,0.0,0.0,0.0,0.0,0.0,0.0,0.0,0.0,0.0,1.6522288359460453,0.0,0.0,1.5749999999999998e-09
7138.0,0.7035407711367498,0.0,0.316079763,0.0,0.7035407711367498,0.0,0.0,0.0,0.0,0.0,0.0,0.0,0.0,0.0,1.5680294311822875,0.0,0.0,1.5749999999999998e-09
7139.0,0.7153870493268025,0.000101393,0.308212617,2.2047295118058305e-05,0.7153650020316844,0.0,0.0,0.0,0.0,0.0,0.0,0.0,0.0,0.0,1.4996663878645742,0.0,0.0,1.5749999999999998e-09
7140.0,0.7380694237552917,0.006644353,0.300411854,0.0014447744071045935,0.7366246493481872,0.0,0.0,0.0,0.0,0.0,0.0,0.0,0.0,0.0,1.4223450027829971,0.0,0.0,1.5749999999999998e-09
7141.0,0.7667995418983389,0.043183755,0.282047731,0.009390046559337685,0.7574094953390013,0.0,0.0,0.0,0.0,0.0,0.0,0.0,0.0,0.0,1.269582727416163,0.0,0.0,1.5749999999999998e-09
7142.0,0.8011702144099184,0.132733908,0.262830284,0.02886218616521062,0.7723080282447079,0.0,0.0,0.0,0.0,0.0,0.0,0.0,0.0,0.0,1.1165741821657387,0.0,0.0,1.5749999999999998e-09
7143.0,0.8281291748890224,0.251274686,0.248268696,0.05463816198297155,0.7734910129060508,0.0,0.0,0.0,0.0,0.0,0.0,0.0,0.0,0.0,1.0107414436406963,0.0,0.0,1.5749999999999998e-09
7144.0,0.8465549887593404,0.361281056,0.258757625,0.078558382355742,0.7679966064035983,0.0,0.0,0.0,0.0,0.0,0.0,0.0,0.0,0.0,1.0916166285406572,0.0,0.0,1.5749999999999998e-09
7145.0,0.8603726805376961,0.436141799,0.269355364,0.094836398527254,0.7655362820104421,0.0,0.0,0.0,0.0,0.0,0.0,0.0,0.0,0.0,1.1702397160789957,0.0,0.0,1.5749999999999998e-09
7146.0,0.8691261095632103,0.464700749,0.275095178,0.10104636961906382,0.7680797399441465,0.0,0.0,0.0,0.0,0.0,0.0,0.0,0.0,0.0,1.208946575234569,0.0,0.0,1.5749999999999998e-09
7147.0,0.871640440279698,0.444264637,0.281489753,0.096602660562919,0.775037779716779,0.0,0.0,0.0,0.0,0.0,0.0,0.0,0.0,0.0,1.2479444229525702,0.0,0.0,1.5749999999999998e-09
7148.0,0.873300343319097,0.378158035,0.287662643,0.08222817944937048,0.7910721638697266,0.0,0.0,0.0,0.0,0.0,0.0,0.0,0.0,0.0,1.2762727428623728,0.0,0.0,1.5749999999999998e-09
7149.0,0.8769961860891506,0.277003826,0.289487354,0.060232807991215095,0.8167633780979355,0.0,0.0,0.0,0.0,0.0,0.0,0.0,0.0,0.0,1.2636951778475862,0.0,0.0,1.5749999999999998e-09
7150.0,0.8846081540459859,0.161416629,0.288721994,0.03509907051300513,0.8495090835329808,0.0,0.0,0.0,0.0,0.0,0.0,0.0,0.0,0.0,1.225449060258515,0.0,0.0,1.5749999999999998e-09
7151.0,0.9068788904633536,0.0635654,0.31102341,0.013821912095484138,0.8930569783678693,0.0,0.0,0.0,0.0,0.0,0.0,0.0,0.0,0.0,1.342174735532324,0.0,0.0,1.5749999999999998e-09
7152.0,0.9364100333037654,0.012625831,0.36093429,0.002745410651304619,0.9336646226524609,0.0,0.0,0.0,0.0,0.0,0.0,0.0,0.0,0.0,1.6602615761569774,0.0,0.0,1.5749999999999998e-09
7153.0,0.9402238051958944,0.000396163,0.386107177,8.614325028212335e-05,0.9401376619456123,0.0,0.0,0.0,0.0,0.0,0.0,0.0,0.0,0.0,1.8346985055148222,0.0,0.0,1.5749999999999998e-09
7154.0,0.9171008669338733,0.0,0.383007692,0.0,0.9171008669338733,0.0,0.0,0.0,0.0,0.0,0.0,0.0,0.0,0.0,1.8354602339366926,0.0,0.0,1.5749999999999998e-09
7155.0,0.8827524447472478,0.0,0.37471064,0.0,0.8827524447472478,0.0,0.0,0.0,0.0,0.0,0.0,0.0,0.0,0.0,1.8101802385637555,0.0,0.0,1.5749999999999998e-09
7156.0,0.8329820555551022,0.0,0.366794278,0.0,0.8329820555551022,0.0,0.0,0.0,0.0,0.0,0.0,0.0,0.0,0.0,1.8030581147418028,0.0,0.0,1.5749999999999998e-09
7157.0,0.793144382609526,0.0,0.357448295,0.0,0.793144382609526,0.0,0.0,0.0,0.0,0.0,0.0,0.0,0.0,0.0,1.7757290184748233,0.0,0.0,1.5749999999999998e-09
7158.0,0.7576633996841883,0.0,0.346898005,0.0,0.7576633996841883,0.0,0.0,0.0,0.0,0.0,0.0,0.0,0.0,0.0,1.7353882399486869,0.0,0.0,1.5749999999999998e-09
7159.0,0.7342089253808196,0.0,0.33673012,0.0,0.7342089253808196,0.0,0.0,0.0,0.0,0.0,0.0,0.0,0.0,0.0,1.6857691825352947,0.0,0.0,1.5749999999999998e-09
7160.0,0.7208896500807406,0.0,0.325859261,0.0,0.7208896500807406,0.0,0.0,0.0,0.0,0.0,0.0,0.0,0.0,0.0,1.6209628633853053,0.0,0.0,1.5749999999999998e-09
7161.0,0.7231770228830439,0.0,0.305240204,0.0,0.7231770228830439,0.0,0.0,0.0,0.0,0.0,0.0,0.0,0.0,0.0,1.4704925286731065,0.0,0.0,1.5749999999999998e-09
7162.0,0.7511773179685339,0.0,0.288046131,0.0,0.7511773179685339,0.0,0.0,0.0,0.0,0.0,0.0,0.0,0.0,0.0,1.3189236016935895,0.0,0.0,1.5749999999999998e-09
7163.0,0.8135638603931011,0.000321525,0.279814118,6.991366822989453e-05,0.8134939467248712,0.0,0.0,0.0,0.0,0.0,0.0,0.0,0.0,0.0,1.1974459711115737,0.0,0.0,1.5749999999999998e-09
7164.0,0.8810791917128614,0.010030519,0.273464049,0.0021810757407344796,0.878898115972127,0.0,0.0,0.0,0.0,0.0,0.0,0.0,0.0,0.0,1.0864057656114376,0.0,0.0,1.5749999999999998e-09
7165.0,0.9146021120448082,0.055907303,0.258639324,0.01215670518177494,0.9024454068630333,0.0,0.0,0.0,0.0,0.0,0.0,0.0,0.0,0.0,0.956317634370768,0.0,0.0,1.5749999999999998e-09
7166.0,0.9337555241401729,0.145241418,0.246028473,0.031581868630095426,0.9021736555100776,0.0,0.0,0.0,0.0,0.0,0.0,0.0,0.0,0.0,0.8659589920357694,0.0,0.0,1.5749999999999998e-09
7167.0,0.9533049984192369,0.261965887,0.252621209,0.05696289903201319,0.8963420993872238,0.0,0.0,0.0,0.0,0.0,0.0,0.0,0.0,0.0,0.9191705591634911,0.0,0.0,1.5749999999999998e-09
7168.0,0.9623832879886426,0.370483552,0.278924021,0.08055940949898414,0.8818238784896585,0.0,0.0,0.0,0.0,0.0,0.0,0.0,0.0,0.0,1.1227191798857983,0.0,0.0,1.5749999999999998e-09
7169.0,0.9657253453923194,0.447102058,0.302072226,0.09721964061244091,0.8685057047798784,0.0,0.0,0.0,0.0,0.0,0.0,0.0,0.0,0.0,1.3023965415932373,0.0,0.0,1.5749999999999998e-09
7170.0,0.9684354813682213,0.477548379,0.30925667,0.10384000912255636,0.8645954722456649,0.0,0.0,0.0,0.0,0.0,0.0,0.0,0.0,0.0,1.3579392125845429,0.0,0.0,1.5749999999999998e-09
7171.0,0.9683887548858782,0.456833261,0.315202583,0.09933563189778344,0.8690531229880947,0.0,0.0,0.0,0.0,0.0,0.0,0.0,0.0,0.0,1.396213050464437,0.0,0.0,1.5749999999999998e-09
7172.0,0.9674097235891828,0.390533854,0.321006169,0.08491922650213225,0.8824904970870505,0.0,0.0,0.0,0.0,0.0,0.0,0.0,0.0,0.0,1.4244843036406667,0.0,0.0,1.5749999999999998e-09
7173.0,0.9700086069403902,0.291078786,0.319891087,0.06329332298628246,0.9067152839541077,0.0,0.0,0.0,0.0,0.0,0.0,0.0,0.0,0.0,1.3922457577771432,0.0,0.0,1.5749999999999998e-09
7174.0,0.978058913898247,0.179977346,0.318712258,0.03913498625967168,0.9389239276385754,0.0,0.0,0.0,0.0,0.0,0.0,0.0,0.0,0.0,1.3515652245777827,0.0,0.0,1.5749999999999998e-09
7175.0,0.9976417646646664,0.081137268,0.336597481,0.017642808602852153,0.9799989560618142,0.0,0.0,0.0,0.0,0.0,0.0,0.0,0.0,0.0,1.439025915249698,0.0,0.0,1.5749999999999998e-09
7176.0,1.0239243040660124,0.018328185,0.356723149,0.003985353068489634,1.0199389509975227,0.0,0.0,0.0,0.0,0.0,0.0,0.0,0.0,0.0,1.5437230438572827,0.0,0.0,1.5749999999999998e-09
7177.0,1.0202573871183689,0.000435317,0.359835883,9.46570509690786e-05,1.0201627300673999,0.0,0.0,0.0,0.0,0.0,0.0,0.0,0.0,0.0,1.565869547955915,0.0,0.0,1.5749999999999998e-09
7178.0,0.9929735650954488,0.0,0.346328755,0.0,0.9929735650954488,0.0,0.0,0.0,0.0,0.0,0.0,0.0,0.0,0.0,1.4959870459774287,0.0,0.0,1.5749999999999998e-09
7179.0,0.9477133943656334,0.0,0.336610401,0.0,0.9477133943656334,0.0,0.0,0.0,0.0,0.0,0.0,0.0,0.0,0.0,1.47140432910046,0.0,0.0,1.5749999999999998e-09
7180.0,0.8895389118493294,0.0,0.325742943,0.0,0.8895389118493294,0.0,0.0,0.0,0.0,0.0,0.0,0.0,0.0,0.0,1.451477659130916,0.0,0.0,1.5749999999999998e-09
7181.0,0.8381419951052157,0.0,0.309708212,0.0,0.8381419951052157,0.0,0.0,0.0,0.0,0.0,0.0,0.0,0.0,0.0,1.3876377862872022,0.0,0.0,1.5749999999999998e-09
7182.0,0.8006317469467545,0.0,0.296842454,0.0,0.8006317469467545,0.0,0.0,0.0,0.0,0.0,0.0,0.0,0.0,0.0,1.3326857008066455,0.0,0.0,1.5749999999999998e-09
7183.0,0.7742490790832662,0.0,0.288888964,0.0,0.7742490790832662,0.0,0.0,0.0,0.0,0.0,0.0,0.0,0.0,0.0,1.301909027885503,0.0,0.0,1.5749999999999998e-09
7184.0,0.7586580068083063,0.0,0.285150966,0.0,0.7586580068083063,0.0,0.0,0.0,0.0,0.0,0.0,0.0,0.0,0.0,1.2906362326589922,0.0,0.0,1.5749999999999998e-09
7185.0,0.7572895878254432,0.0,0.275766541,0.0,0.7572895878254432,0.0,0.0,0.0,0.0,0.0,0.0,0.0,0.0,0.0,1.2245616113359252,0.0,0.0,1.5749999999999998e-09
7186.0,0.7808286147635316,0.0,0.268149066,0.0,0.7808286147635316,0.0,0.0,0.0,0.0,0.0,0.0,0.0,0.0,0.0,1.1462780823687393,0.0,0.0,1.5749999999999998e-09
7187.0,0.8428635956543077,0.000273603,0.264908783,5.949331892917761e-05,0.8428041023353785,0.0,0.0,0.0,0.0,0.0,0.0,0.0,0.0,0.0,1.0610156553230705,0.0,0.0,1.5749999999999998e-09
7188.0,0.905646201262499,0.008114084,0.261576261,0.0017643585312666064,0.9038818427312323,0.0,0.0,0.0,0.0,0.0,0.0,0.0,0.0,0.0,0.9759880814993402,0.0,0.0,1.5749999999999998e-09
7189.0,0.9332660079918629,0.040230835,0.25183326,0.008747951950242219,0.9245180560416207,0.0,0.0,0.0,0.0,0.0,0.0,0.0,0.0,0.0,0.8853318500052362,0.0,0.0,1.5749999999999998e-09
7190.0,0.948004879422094,0.119062836,0.227903895,0.025889494174992127,0.9221153852471018,0.0,0.0,0.0,0.0,0.0,0.0,0.0,0.0,0.0,0.7157613707995883,0.0,0.0,1.5749999999999998e-09
7191.0,0.9642923992671799,0.230487012,0.237491592,0.05011800789446457,0.9141743913727153,0.0,0.0,0.0,0.0,0.0,0.0,0.0,0.0,0.0,0.7926062597141128,0.0,0.0,1.5749999999999998e-09
7192.0,0.9713391997708767,0.332392479,0.300758249,0.07227673586476382,0.8990624639061129,0.0,0.0,0.0,0.0,0.0,0.0,0.0,0.0,0.0,1.262396624919037,0.0,0.0,1.5749999999999998e-09
7193.0,0.9718086894268185,0.403764086,0.34494585,0.08779606049840791,0.8840126289284105,0.0,0.0,0.0,0.0,0.0,0.0,0.0,0.0,0.0,1.5950094597891529,0.0,0.0,1.5749999999999998e-09
7194.0,0.9763990108588478,0.434218554,0.384473423,0.09441820052443992,0.8819808103344078,0.0,0.0,0.0,0.0,0.0,0.0,0.0,0.0,0.0,1.8811140584452894,0.0,0.0,1.5749999999999998e-09
7195.0,0.977916509618707,0.422266478,0.423954868,0.09181929382629052,0.8860972157924165,0.0,0.0,0.0,0.0,0.0,0.0,0.0,0.0,0.0,2.1607389249854445,0.0,0.0,1.5749999999999998e-09
7196.0,0.9792404269517375,0.368440584,0.45585331,0.08011517845332272,0.8991252484984148,0.0,0.0,0.0,0.0,0.0,0.0,0.0,0.0,0.0,2.3769554021457804,0.0,0.0,1.5749999999999998e-09
7197.0,0.985072337914588,0.27888995,0.476590694,0.06064293425690654,0.9244294036576816,0.0,0.0,0.0,0.0,0.0,0.0,0.0,0.0,0.0,2.500684589461044,0.0,0.0,1.5749999999999998e-09
7198.0,0.9971700491762894,0.171743588,0.483995879,0.03734460534031163,0.9598254438359778,0.0,0.0,0.0,0.0,0.0,0.0,0.0,0.0,0.0,2.5185073869236123,0.0,0.0,1.5749999999999998e-09
7199.0,1.0182036467277813,0.071804903,0.463978824,0.01561354223037636,1.0025901044974048,0.0,0.0,0.0,0.0,0.0,0.0,0.0,0.0,0.0,2.33188617168681,0.0,0.0,1.5749999999999998e-09
7200.0,1.0316519753124882,0.011578024,0.445789739,0.0025175713511974384,1.0291344039612909,0.0,0.0,0.0,0.0,0.0,0.0,0.0,0.0,0.0,2.174622388313895,0.0,0.0,1.5749999999999998e-09
7201.0,1.025557506115512,0.000129972,0.453357406,2.826162596120318e-05,1.0255292444895507,0.0,0.0,0.0,0.0,0.0,0.0,0.0,0.0,0.0,2.2326140946974444,0.0,0.0,1.5749999999999998e-09
7202.0,0.9983137360774034,0.0,0.469196083,0.0,0.9983137360774034,0.0,0.0,0.0,0.0,0.0,0.0,0.0,0.0,0.0,2.373657411558549,0.0,0.0,1.5749999999999998e-09
7203.0,0.95168737219716,0.0,0.487633215,0.0,0.95168737219716,0.0,0.0,0.0,0.0,0.0,0.0,0.0,0.0,0.0,2.5527858985418868,0.0,0.0,1.5749999999999998e-09
7204.0,0.8951905923802634,0.0,0.50164662,0.0,0.8951905923802634,0.0,0.0,0.0,0.0,0.0,0.0,0.0,0.0,0.0,2.7099928058560274,0.0,0.0,1.5749999999999998e-09
7205.0,0.8423785301709433,0.0,0.51357339,0.0,0.8423785301709433,0.0,0.0,0.0,0.0,0.0,0.0,0.0,0.0,0.0,2.8485189773293205,0.0,0.0,1.5749999999999998e-09
7206.0,0.8034976381971086,0.0,0.524388187,0.0,0.8034976381971086,0.0,0.0,0.0,0.0,0.0,0.0,0.0,0.0,0.0,2.9651225630186944,0.0,0.0,1.5749999999999998e-09
7207.0,0.7741356006261364,0.0,0.53625955,0.0,0.7741356006261364,0.0,0.0,0.0,0.0,0.0,0.0,0.0,0.0,0.0,3.079800516407133,0.0,0.0,1.5749999999999998e-09
7208.0,0.7566509919001372,0.0,0.549498014,0.0,0.7566509919001372,0.0,0.0,0.0,0.0,0.0,0.0,0.0,0.0,0.0,3.1924259847106344,0.0,0.0,1.5749999999999998e-09
7209.0,0.7546195028344281,0.0,0.561443721,0.0,0.7546195028344281,0.0,0.0,0.0,0.0,0.0,0.0,0.0,0.0,0.0,3.28030767756441,0.0,0.0,1.5749999999999998e-09
7210.0,0.7764363244233519,0.0,0.56703011,0.0,0.7764363244233518,0.0,0.0,0.0,0.0,0.0,0.0,0.0,0.0,0.0,3.298638553729117,0.0,0.0,1.5749999999999998e-09
7211.0,0.835140374072853,0.000146133,0.570346077,3.1775737748041924e-05,0.835108598335105,0.0,0.0,0.0,0.0,0.0,0.0,0.0,0.0,0.0,3.2637971374388086,0.0,0.0,1.5749999999999998e-09
7212.0,0.8974223383702571,0.006323001,0.566246219,0.001374898356679236,0.8960474400135778,0.0,0.0,0.0,0.0,0.0,0.0,0.0,0.0,0.0,3.173393849260675,0.0,0.0,1.5749999999999998e-09
7213.0,0.928259598883691,0.043354855,0.544776368,0.009427251220356687,0.9188323476633343,0.0,0.0,0.0,0.0,0.0,0.0,0.0,0.0,0.0,2.99631157908148,0.0,0.0,1.5749999999999998e-09
7214.0,0.9467899898812476,0.132592831,0.543486409,0.028831509824108467,0.9179584800571392,0.0,0.0,0.0,0.0,0.0,0.0,0.0,0.0,0.0,2.9879148992828,0.0,0.0,1.5749999999999998e-09
7215.0,0.9667822538262785,0.251597443,0.673568162,0.05470834354215628,0.9120739102841222,0.0,0.0,0.0,0.0,0.0,0.0,0.0,0.0,0.0,3.928657908506827,0.0,0.0,1.5749999999999998e-09
7216.0,0.9795096606833193,0.358425101,0.74566289,0.07793737219992361,0.9015722884833958,0.0,0.0,0.0,0.0,0.0,0.0,0.0,0.0,0.0,4.457282659465608,0.0,0.0,1.5749999999999998e-09
7217.0,0.986100320526137,0.430787976,0.767966084,0.09367224206979789,0.8924280784563392,0.0,0.0,0.0,0.0,0.0,0.0,0.0,0.0,0.0,4.626713217552665,0.0,0.0,1.5749999999999998e-09
7218.0,0.9936722374980854,0.458398931,0.794501685,0.09967607737772277,0.8939961601203626,0.0,0.0,0.0,0.0,0.0,0.0,0.0,0.0,0.0,4.815848520249973,0.0,0.0,1.5749999999999998e-09
7219.0,0.9990925104498141,0.439262195,0.817830432,0.09551490978046882,0.9035776006693452,0.0,0.0,0.0,0.0,0.0,0.0,0.0,0.0,0.0,4.973923768758428,0.0,0.0,1.5749999999999998e-09
7220.0,1.0037985361714086,0.375827506,0.818100961,0.08172142000203,0.9220771161693785,0.0,0.0,0.0,0.0,0.0,0.0,0.0,0.0,0.0,4.9573684638254685,0.0,0.0,1.5749999999999998e-09
7221.0,1.009775077246234,0.274792453,0.77954043,0.05975195829599841,0.9500231189502355,0.0,0.0,0.0,0.0,0.0,0.0,0.0,0.0,0.0,4.652299521018871,0.0,0.0,1.5749999999999998e-09
7222.0,1.0159674500728422,0.157161799,0.690645646,0.034173883442032094,0.9817935666308101,0.0,0.0,0.0,0.0,0.0,0.0,0.0,0.0,0.0,3.9816689939728636,0.0,0.0,1.5749999999999998e-09
7223.0,1.0222421507016595,0.058431236,0.595704777,0.01270551916014826,1.009536631541511,0.0,0.0,0.0,0.0,0.0,0.0,0.0,0.0,0.0,3.2716144550350346,0.0,0.0,1.5749999999999998e-09
7224.0,1.0320235623387228,0.011349555,0.56344954,0.002467892147817248,1.0295556701909054,0.0,0.0,0.0,0.0,0.0,0.0,0.0,0.0,0.0,3.019786728152922,0.0,0.0,1.5749999999999998e-09
7225.0,1.026093748746165,0.000275755,0.55397405,5.996125832434357e-05,1.0260337874878407,0.0,0.0,0.0,0.0,0.0,0.0,0.0,0.0,0.0,2.9552111137809463,0.0,0.0,1.5749999999999998e-09
7226.0,0.9975394113700136,0.0,0.542570741,0.0,0.9975394113700136,0.0,0.0,0.0,0.0,0.0,0.0,0.0,0.0,0.0,2.9017533374218796,0.0,0.0,1.5749999999999998e-09
7227.0,0.950674964413109,0.0,0.53565738,0.0,0.9506749644131088,0.0,0.0,0.0,0.0,0.0,0.0,0.0,0.0,0.0,2.898933537920163,0.0,0.0,1.5749999999999998e-09
7228.0,0.8910007837968789,0.0,0.530024384,0.0,0.8910007837968789,0.0,0.0,0.0,0.0,0.0,0.0,0.0,0.0,0.0,2.9181250702898414,0.0,0.0,1.5749999999999998e-09
7229.0,0.8360704540546948,0.0,0.52226116,0.0,0.8360704540546948,0.0,0.0,0.0,0.0,0.0,0.0,0.0,0.0,0.0,2.917263443770884,0.0,0.0,1.5749999999999998e-09
7230.0,0.7962950834188846,0.0,0.517338927,0.0,0.7962950834188846,0.0,0.0,0.0,0.0,0.0,0.0,0.0,0.0,0.0,2.9216642060940723,0.0,0.0,1.5749999999999998e-09
7231.0,0.766156496308012,0.0,0.50747277,0.0,0.766156496308012,0.0,0.0,0.0,0.0,0.0,0.0,0.0,0.0,0.0,2.8808976898858143,0.0,0.0,1.5749999999999998e-09
7232.0,0.7488832696687745,0.0,0.495846934,0.0,0.7488832696687745,0.0,0.0,0.0,0.0,0.0,0.0,0.0,0.0,0.0,2.814619529419488,0.0,0.0,1.5749999999999998e-09
7233.0,0.7478219105698698,0.0,0.474624901,0.0,0.7478219105698698,0.0,0.0,0.0,0.0,0.0,0.0,0.0,0.0,0.0,2.663164519428887,0.0,0.0,1.5749999999999998e-09
7234.0,0.7720351337532055,0.0,0.452826644,0.0,0.7720351337532055,0.0,0.0,0.0,0.0,0.0,0.0,0.0,0.0,0.0,2.4822937785553334,0.0,0.0,1.5749999999999998e-09
7235.0,0.8310017416368325,8.1e-05,0.433792817,1.761296050578169e-05,0.8309841286763268,0.0,0.0,0.0,0.0,0.0,0.0,0.0,0.0,0.0,2.2865543930076293,0.0,0.0,1.5749999999999998e-09
7236.0,0.8963498541088754,0.009631442,0.414698953,0.002094298858762062,0.8942555552501132,0.0,0.0,0.0,0.0,0.0,0.0,0.0,0.0,0.0,2.086061107945129,0.0,0.0,1.5749999999999998e-09
7237.0,0.9258476214618562,0.056051226,0.382002933,0.012188000368378317,0.9136596210934779,0.0,0.0,0.0,0.0,0.0,0.0,0.0,0.0,0.0,1.831680579004292,0.0,0.0,1.5749999999999998e-09
7238.0,0.9441555062100988,0.154812315,0.402831435,0.03366300234448931,0.9104925038656095,0.0,0.0,0.0,0.0,0.0,0.0,0.0,0.0,0.0,1.9845358763708638,0.0,0.0,1.5749999999999998e-09
7239.0,0.964034290698075,0.279093597,0.434474354,0.06068721606638952,0.9033470746316854,0.0,0.0,0.0,0.0,0.0,0.0,0.0,0.0,0.0,2.219089448513307,0.0,0.0,1.5749999999999998e-09
7240.0,0.97445874892539,0.391659114,0.443942116,0.08516390748903022,0.8892948414363598,0.0,0.0,0.0,0.0,0.0,0.0,0.0,0.0,0.0,2.301183639971707,0.0,0.0,1.5749999999999998e-09
7241.0,0.98028843505573,0.470803755,0.442459038,0.1023734313924533,0.8779150036632769,0.0,0.0,0.0,0.0,0.0,0.0,0.0,0.0,0.0,2.3019050421634053,0.0,0.0,1.5749999999999998e-09
7242.0,0.9851390898893746,0.503003008,0.436499936,0.1093749643727579,0.8757641255166168,0.0,0.0,0.0,0.0,0.0,0.0,0.0,0.0,0.0,2.261229646311056,0.0,0.0,1.5749999999999998e-09
7243.0,0.9886636025574783,0.480677756,0.427846877,0.10452047323994774,0.8841431293175305,0.0,0.0,0.0,0.0,0.0,0.0,0.0,0.0,0.0,2.1906637097032213,0.0,0.0,1.5749999999999998e-09
7244.0,0.9906016396584257,0.406985861,0.412201509,0.08849661600252537,0.9021050236559004,0.0,0.0,0.0,0.0,0.0,0.0,0.0,0.0,0.0,2.0602632605652653,0.0,0.0,1.5749999999999998e-09
7245.0,0.990890898882451,0.295659045,0.381071575,0.06428927262669298,0.9266016262557579,0.0,0.0,0.0,0.0,0.0,0.0,0.0,0.0,0.0,1.8120451839824043,0.0,0.0,1.5749999999999998e-09
7246.0,0.9926665052114902,0.168282052,0.346000982,0.036591915255653085,0.9560745899558372,0.0,0.0,0.0,0.0,0.0,0.0,0.0,0.0,0.0,1.5305304151368986,0.0,0.0,1.5749999999999998e-09
7247.0,1.0154579084320883,0.063525979,0.334465491,0.013813340237260703,1.0016445681948276,0.0,0.0,0.0,0.0,0.0,0.0,0.0,0.0,0.0,1.4020583321379796,0.0,0.0,1.5749999999999998e-09
7248.0,1.0159986007277626,0.013397039,0.337918709,0.002913105170387864,1.0130854955573747,0.0,0.0,0.0,0.0,0.0,0.0,0.0,0.0,0.0,1.4154346440585168,0.0,0.0,1.5749999999999998e-09
7249.0,1.0142074185713008,0.000279314,0.33611563,6.073514136681366e-05,1.014146683429934,0.0,0.0,0.0,0.0,0.0,0.0,0.0,0.0,0.0,1.4014152696511646,0.0,0.0,1.5749999999999998e-09
7250.0,0.9913937650257485,0.0,0.324808626,0.0,0.9913937650257485,0.0,0.0,0.0,0.0,0.0,0.0,0.0,0.0,0.0,1.3429081506517466,0.0,0.0,1.5749999999999998e-09
7251.0,0.9449454067449112,0.0,0.312608805,0.0,0.9449454067449112,0.0,0.0,0.0,0.0,0.0,0.0,0.0,0.0,0.0,1.3016800642459747,0.0,0.0,1.5749999999999998e-09
7252.0,0.8901686064447442,0.0,0.308994655,0.0,0.8901686064447442,0.0,0.0,0.0,0.0,0.0,0.0,0.0,0.0,0.0,1.3304830553759819,0.0,0.0,1.5749999999999998e-09
7253.0,0.8390275734372248,0.0,0.311399727,0.0,0.8390275734372248,0.0,0.0,0.0,0.0,0.0,0.0,0.0,0.0,0.0,1.398908617572521,0.0,0.0,1.5749999999999998e-09
7254.0,0.8008765045209474,0.0,0.312404236,0.0,0.8008765045209474,0.0,0.0,0.0,0.0,0.0,0.0,0.0,0.0,0.0,1.4442787905867764,0.0,0.0,1.5749999999999998e-09
7255.0,0.772858409775449,0.0,0.314715785,0.0,0.772858409775449,0.0,0.0,0.0,0.0,0.0,0.0,0.0,0.0,0.0,1.4889092928453758,0.0,0.0,1.5749999999999998e-09
7256.0,0.7580728128627995,0.0,0.321435217,0.0,0.7580728128627995,0.0,0.0,0.0,0.0,0.0,0.0,0.0,0.0,0.0,1.551985426813727,0.0,0.0,1.5749999999999998e-09
7257.0,0.7563995588284884,0.0,0.322964313,0.0,0.7563995588284884,0.0,0.0,0.0,0.0,0.0,0.0,0.0,0.0,0.0,1.5646478339564747,0.0,0.0,1.5749999999999998e-09
7258.0,0.7774665318674113,0.0,0.328811535,0.0,0.7774665318674113,0.0,0.0,0.0,0.0,0.0,0.0,0.0,0.0,0.0,1.5856030870021247,0.0,0.0,1.5749999999999998e-09
7259.0,0.8380107159881527,0.000149891,0.338600882,3.2592892137927446e-05,0.8379781230960147,0.0,0.0,0.0,0.0,0.0,0.0,0.0,0.0,0.0,1.5954445887216495,0.0,0.0,1.5749999999999998e-09
7260.0,0.9005908398395487,0.011560382,0.347195042,0.0025137352049104875,0.8980771046346382,0.0,0.0,0.0,0.0,0.0,0.0,0.0,0.0,0.0,1.5971092505895865,0.0,0.0,1.5749999999999998e-09
7261.0,0.9294722625921021,0.059881383,0.349437561,0.013020844861859098,0.9164514177302431,0.0,0.0,0.0,0.0,0.0,0.0,0.0,0.0,0.0,1.5948512471564078,0.0,0.0,1.5749999999999998e-09
7262.0,0.9446872981758064,0.143904763,0.345782244,0.031291221077936714,0.9133960770978696,0.0,0.0,0.0,0.0,0.0,0.0,0.0,0.0,0.0,1.5716369237697339,0.0,0.0,1.5749999999999998e-09
7263.0,0.9594728950884558,0.256687921,0.346891707,0.05581523722079271,0.9036576578676631,0.0,0.0,0.0,0.0,0.0,0.0,0.0,0.0,0.0,1.589348719933203,0.0,0.0,1.5749999999999998e-09
7264.0,0.9644570548715985,0.357496626,0.432166745,0.07773548092207663,0.8867215739495219,0.0,0.0,0.0,0.0,0.0,0.0,0.0,0.0,0.0,2.2191308572774973,0.0,0.0,1.5749999999999998e-09
7265.0,0.9645238068463852,0.422044402,0.503110412,0.09177100474212654,0.8727528021042585,0.0,0.0,0.0,0.0,0.0,0.0,0.0,0.0,0.0,2.7429504290312763,0.0,0.0,1.5749999999999998e-09
7266.0,0.9641967214699831,0.43997685,0.545932055,0.09567030719145968,0.8685264142785234,0.0,0.0,0.0,0.0,0.0,0.0,0.0,0.0,0.0,3.0549230873866553,0.0,0.0,1.5749999999999998e-09
7267.0,0.9638295841087694,0.413624325,0.567032433,0.08994010988216801,0.8738894742266015,0.0,0.0,0.0,0.0,0.0,0.0,0.0,0.0,0.0,3.201202098628273,0.0,0.0,1.5749999999999998e-09
7268.0,0.9625835449129273,0.347343447,0.566127413,0.07552773350559353,0.8870558114073337,0.0,0.0,0.0,0.0,0.0,0.0,0.0,0.0,0.0,3.181531654873332,0.0,0.0,1.5749999999999998e-09
7269.0,0.9612796530723403,0.250035163,0.543343806,0.0543686351972307,0.9069110178751096,0.0,0.0,0.0,0.0,0.0,0.0,0.0,0.0,0.0,2.9979375165886926,0.0,0.0,1.5749999999999998e-09
7270.0,0.9603473482579881,0.144766306,0.510740269,0.031478558396863046,0.928868789861125,0.0,0.0,0.0,0.0,0.0,0.0,0.0,0.0,0.0,2.7416679290138815,0.0,0.0,1.5749999999999998e-09
7271.0,0.9671872163399441,0.062790588,0.488379377,0.013653433908380364,0.9535337824315637,0.0,0.0,0.0,0.0,0.0,0.0,0.0,0.0,0.0,2.5563019302089054,0.0,0.0,1.5749999999999998e-09
7272.0,0.9787687114633605,0.013149137,0.469907775,0.002859200378593984,0.9759095110847665,0.0,0.0,0.0,0.0,0.0,0.0,0.0,0.0,0.0,2.401176352928738,0.0,0.0,1.5749999999999998e-09
7273.0,0.9719132675539819,0.000211078,0.477788118,4.589763552641218e-05,0.9718673699184556,0.0,0.0,0.0,0.0,0.0,0.0,0.0,0.0,0.0,2.461852149388107,0.0,0.0,1.5749999999999998e-09
7274.0,0.9523749184373951,0.0,0.479618514,0.0,0.952374918437395,0.0,0.0,0.0,0.0,0.0,0.0,0.0,0.0,0.0,2.4944991064679454,0.0,0.0,1.5749999999999998e-09
7275.0,0.9197576019299007,0.0,0.487254552,0.0,0.9197576019299007,0.0,0.0,0.0,0.0,0.0,0.0,0.0,0.0,0.0,2.5819943317031044,0.0,0.0,1.5749999999999998e-09
7276.0,0.877630331349511,0.0,0.492258616,0.0,0.877630331349511,0.0,0.0,0.0,0.0,0.0,0.0,0.0,0.0,0.0,2.6600843053841583,0.0,0.0,1.5749999999999998e-09
7277.0,0.8307859098850499,0.0,0.492464181,0.0,0.8307859098850499,0.0,0.0,0.0,0.0,0.0,0.0,0.0,0.0,0.0,2.708406060684256,0.0,0.0,1.5749999999999998e-09
7278.0,0.7955363345389174,0.0,0.491512996,0.0,0.7955363345389174,0.0,0.0,0.0,0.0,0.0,0.0,0.0,0.0,0.0,2.7368197554843348,0.0,0.0,1.5749999999999998e-09
7279.0,0.7622648462786945,0.0,0.490667388,0.0,0.7622648462786945,0.0,0.0,0.0,0.0,0.0,0.0,0.0,0.0,0.0,2.7640141133474354,0.0,0.0,1.5749999999999998e-09
7280.0,0.7511061153288016,0.0,0.488308723,0.0,0.7511061153288016,0.0,0.0,0.0,0.0,0.0,0.0,0.0,0.0,0.0,2.758221828261377,0.0,0.0,1.5749999999999998e-09
7281.0,0.7088164149764283,0.0,0.486440684,0.0,0.7088164149764283,0.0,0.0,0.0,0.0,0.0,0.0,0.0,0.0,0.0,2.7870864940943147,0.0,0.0,1.5749999999999998e-09
7282.0,0.7301904468993851,0.0,0.475763539,0.0,0.7301904468993851,0.0,0.0,0.0,0.0,0.0,0.0,0.0,0.0,0.0,2.688979031983865,0.0,0.0,1.5749999999999998e-09
7283.0,0.7816185142984193,0.000167163,0.469252758,3.6348584160839314e-05,0.7815821657142584,0.0,0.0,0.0,0.0,0.0,0.0,0.0,0.0,0.0,2.5907962881028763,0.0,0.0,1.5749999999999998e-09
7284.0,0.7866894515487921,0.008491477,0.469924856,0.0018464203584784393,0.7848430311903137,0.0,0.0,0.0,0.0,0.0,0.0,0.0,0.0,0.0,2.5923655888334385,0.0,0.0,1.5749999999999998e-09
7285.0,0.8291794088254502,0.036688878,0.466317742,0.007977774805128922,0.8212016340203213,0.0,0.0,0.0,0.0,0.0,0.0,0.0,0.0,0.0,2.5300837424493414,0.0,0.0,1.5749999999999998e-09
7286.0,0.8663870477648983,0.107690337,0.443144949,0.023416612993028645,0.8429704347718696,0.0,0.0,0.0,0.0,0.0,0.0,0.0,0.0,0.0,2.3417790471384596,0.0,0.0,1.5749999999999998e-09
7287.0,0.8683673606832432,0.218622764,0.424616514,0.0475381988641584,0.8208291618190847,0.0,0.0,0.0,0.0,0.0,0.0,0.0,0.0,0.0,2.2307620297846134,0.0,0.0,1.5749999999999998e-09
7288.0,0.9068321639810104,0.319933911,0.51537955,0.06956769554201574,0.8372644684389946,0.0,0.0,0.0,0.0,0.0,0.0,0.0,0.0,0.0,2.8666133678165155,0.0,0.0,1.5749999999999998e-09
7289.0,0.8880347640843824,0.389842335,0.585135107,0.08476885987452733,0.8032659042098551,0.0,0.0,0.0,0.0,0.0,0.0,0.0,0.0,0.0,3.4019241426833458,0.0,0.0,1.5749999999999998e-09
7290.0,0.9097781582010633,0.421219614,0.625648485,0.09159165957583465,0.8181864986252287,0.0,0.0,0.0,0.0,0.0,0.0,0.0,0.0,0.0,3.678161012404921,0.0,0.0,1.5749999999999998e-09
7291.0,0.8896813161288692,0.411338,0.65699878,0.08944296232749664,0.8002383538013725,0.0,0.0,0.0,0.0,0.0,0.0,0.0,0.0,0.0,3.9214142994498284,0.0,0.0,1.5749999999999998e-09
7292.0,0.8956600820362052,0.360283003,0.669501758,0.07834136176226451,0.8173187202739407,0.0,0.0,0.0,0.0,0.0,0.0,0.0,0.0,0.0,3.994189075854758,0.0,0.0,1.5749999999999998e-09
7293.0,0.9136052800881798,0.274507527,0.641353432,0.05969000285914568,0.8539152772290342,0.0,0.0,0.0,0.0,0.0,0.0,0.0,0.0,0.0,3.7552989649565656,0.0,0.0,1.5749999999999998e-09
7294.0,0.8898170459108777,0.169897949,0.574660133,0.036943282293213725,0.852873763617664,0.0,0.0,0.0,0.0,0.0,0.0,0.0,0.0,0.0,3.277035795266354,0.0,0.0,1.5749999999999998e-09
7295.0,0.9204696243275249,0.071824403,0.517293821,0.015617782387535157,0.9048518419399898,0.0,0.0,0.0,0.0,0.0,0.0,0.0,0.0,0.0,2.812783284315651,0.0,0.0,1.5749999999999998e-09
7296.0,0.9059399101515452,0.013340908,0.491410685,0.002900899823645271,0.9030390103278999,0.0,0.0,0.0,0.0,0.0,0.0,0.0,0.0,0.0,2.6285818013062405,0.0,0.0,1.5749999999999998e-09
7297.0,0.9097091813937662,0.000176575,0.478757909,3.839516668281977e-05,0.9096707862270834,0.0,0.0,0.0,0.0,0.0,0.0,0.0,0.0,0.0,2.5310183293521673,0.0,0.0,1.5749999999999998e-09
7298.0,0.8924604299119931,0.0,0.466678942,0.0,0.8924604299119931,0.0,0.0,0.0,0.0,0.0,0.0,0.0,0.0,0.0,2.461420782334342,0.0,0.0,1.5749999999999998e-09
7299.0,0.8660065604086971,0.0,0.468147997,0.0,0.8660065604086971,0.0,0.0,0.0,0.0,0.0,0.0,0.0,0.0,0.0,2.4984323083351465,0.0,0.0,1.5749999999999998e-09
7300.0,0.8560760679947131,0.0,0.475763737,0.0,0.8560760679947131,0.0,0.0,0.0,0.0,0.0,0.0,0.0,0.0,0.0,2.563094833854993,0.0,0.0,1.5749999999999998e-09
7301.0,0.8018399609901449,0.0,0.484124484,0.0,0.8018399609901449,0.0,0.0,0.0,0.0,0.0,0.0,0.0,0.0,0.0,2.677417115229188,0.0,0.0,1.5749999999999998e-09
7302.0,0.749081300760624,0.0,0.492927798,0.0,0.7490813007606238,0.0,0.0,0.0,0.0,0.0,0.0,0.0,0.0,0.0,2.793442545764589,0.0,0.0,1.5749999999999998e-09
7303.0,0.7464824174094166,0.0,0.492416779,0.0,0.7464824174094167,0.0,0.0,0.0,0.0,0.0,0.0,0.0,0.0,0.0,2.7923688892410468,0.0,0.0,1.5749999999999998e-09
7304.0,0.6950498993454367,0.0,0.484901204,0.0,0.6950498993454366,0.0,0.0,0.0,0.0,0.0,0.0,0.0,0.0,0.0,2.7897892299316407,0.0,0.0,1.5749999999999998e-09
7305.0,0.6578489369033693,0.0,0.468827487,0.0,0.6578489369033692,0.0,0.0,0.0,0.0,0.0,0.0,0.0,0.0,0.0,2.7114732221281024,0.0,0.0,1.5749999999999998e-09
7306.0,0.6811320801048633,0.0,0.452542594,0.0,0.6811320801048633,0.0,0.0,0.0,0.0,0.0,0.0,0.0,0.0,0.0,2.571155450275758,0.0,0.0,1.5749999999999998e-09
7307.0,0.7574987440797697,3.72e-05,0.442866727,8.088915195247887e-06,0.7574906551645745,0.0,0.0,0.0,0.0,0.0,0.0,0.0,0.0,0.0,2.4252593289011886,0.0,0.0,1.5749999999999998e-09
7308.0,0.724545441865907,0.004615331,0.435332625,0.0010035758348655545,0.7235418660310414,0.0,0.0,0.0,0.0,0.0,0.0,0.0,0.0,0.0,2.405062792683941,0.0,0.0,1.5749999999999998e-09
7309.0,0.7425662922226347,0.033825776,0.409255492,0.007355210577350841,0.7352110816452839,0.0,0.0,0.0,0.0,0.0,0.0,0.0,0.0,0.0,2.2059850643497296,0.0,0.0,1.5749999999999998e-09
7310.0,0.8134948825858793,0.11785933,0.3610865,0.02562779906824557,0.7878670835176337,0.0,0.0,0.0,0.0,0.0,0.0,0.0,0.0,0.0,1.807153002787838,0.0,0.0,1.5749999999999998e-09
7311.0,0.8519329858936717,0.23808595,0.305233558,0.0517703510411298,0.800162634852542,0.0,0.0,0.0,0.0,0.0,0.0,0.0,0.0,0.0,1.3934591539002537,0.0,0.0,1.5749999999999998e-09
7312.0,0.8303987480313174,0.347958677,0.305584936,0.07566151155117341,0.7547372364801439,0.0,0.0,0.0,0.0,0.0,0.0,0.0,0.0,0.0,1.441409800289085,0.0,0.0,1.5749999999999998e-09
7313.0,0.8595894555003397,0.425740794,0.379125766,0.09257476284471775,0.7670146926556219,0.0,0.0,0.0,0.0,0.0,0.0,0.0,0.0,0.0,1.9576481734608018,0.0,0.0,1.5749999999999998e-09
7314.0,0.8855760601802044,0.459340497,0.421075788,0.09988081521440904,0.7856952449657952,0.0,0.0,0.0,0.0,0.0,0.0,0.0,0.0,0.0,2.240449813675014,0.0,0.0,1.5749999999999998e-09
7315.0,0.8551749138352813,0.443103852,0.434193987,0.0963502548794535,0.7588246589558278,0.0,0.0,0.0,0.0,0.0,0.0,0.0,0.0,0.0,2.3615969508746613,0.0,0.0,1.5749999999999998e-09
7316.0,0.8488089860742127,0.381661405,0.426564698,0.08298996608452038,0.7658190199896924,0.0,0.0,0.0,0.0,0.0,0.0,0.0,0.0,0.0,2.2997731841465123,0.0,0.0,1.5749999999999998e-09
7317.0,0.9043334090919453,0.283137344,0.386185433,0.06156650441461635,0.842766904677329,0.0,0.0,0.0,0.0,0.0,0.0,0.0,0.0,0.0,1.9326316651212545,0.0,0.0,1.5749999999999998e-09
7318.0,0.8997742383148366,0.168448956,0.338603091,0.036628207521829104,0.8631460307930074,0.0,0.0,0.0,0.0,0.0,0.0,0.0,0.0,0.0,1.5702925564433468,0.0,0.0,1.5749999999999998e-09
7319.0,0.9086656229547945,0.066526008,0.312390245,0.014465678413719957,0.8941999445410744,0.0,0.0,0.0,0.0,0.0,0.0,0.0,0.0,0.0,1.350854801457149,0.0,0.0,1.5749999999999998e-09
7320.0,0.924463627651495,0.01061733,0.308524973,0.0023086742465043344,0.9221549534049907,0.0,0.0,0.0,0.0,0.0,0.0,0.0,0.0,0.0,1.2951212451287495,0.0,0.0,1.5749999999999998e-09
7321.0,0.935121717290601,0.000104977,0.312933374,2.282661425944993e-05,0.9350988906763416,0.0,0.0,0.0,0.0,0.0,0.0,0.0,0.0,0.0,1.3138591601102219,0.0,0.0,1.5749999999999998e-09
7322.0,0.9392358735692323,0.0,0.310929069,0.0,0.9392358735692323,0.0,0.0,0.0,0.0,0.0,0.0,0.0,0.0,0.0,1.2953178399350391,0.0,0.0,1.5749999999999998e-09
7323.0,0.9138099866774854,0.0,0.309039315,0.0,0.9138099866774854,0.0,0.0,0.0,0.0,0.0,0.0,0.0,0.0,0.0,1.3071626331326816,0.0,0.0,1.5749999999999998e-09
7324.0,0.8000421033362269,0.0,0.301701354,0.0,0.8000421033362269,0.0,0.0,0.0,0.0,0.0,0.0,0.0,0.0,0.0,1.3681947975048672,0.0,0.0,1.5749999999999998e-09
7325.0,0.6604678447470955,0.0,0.292466132,0.0,0.6604678447470956,0.0,0.0,0.0,0.0,0.0,0.0,0.0,0.0,0.0,1.4413982928793945,0.0,0.0,1.5749999999999998e-09
7326.0,0.5994230203154918,0.0,0.284141742,0.0,0.5994230203154918,0.0,0.0,0.0,0.0,0.0,0.0,0.0,0.0,0.0,1.4426182297667656,0.0,0.0,1.5749999999999998e-09
7327.0,0.7145949239594797,0.0,0.277525123,0.0,0.7145949239594797,0.0,0.0,0.0,0.0,0.0,0.0,0.0,0.0,0.0,1.2798946751792217,0.0,0.0,1.5749999999999998e-09
7328.0,0.6235249898742083,0.0,0.270358783,0.0,0.6235249898742083,0.0,0.0,0.0,0.0,0.0,0.0,0.0,0.0,0.0,1.3194622788110024,0.0,0.0,1.5749999999999998e-09
7329.0,0.7171493056608543,0.0,0.257131652,0.0,0.7171493056608543,0.0,0.0,0.0,0.0,0.0,0.0,0.0,0.0,0.0,1.1307785503096919,0.0,0.0,1.5749999999999998e-09
7330.0,0.7232437748578306,0.0,0.244725903,0.0,0.7232437748578306,0.0,0.0,0.0,0.0,0.0,0.0,0.0,0.0,0.0,1.0355276938186349,0.0,0.0,1.5749999999999998e-09
7331.0,0.7729140365877587,7.3e-05,0.234382624,1.587340885088967e-05,0.7728981631789078,0.0,0.0,0.0,0.0,0.0,0.0,0.0,0.0,0.0,0.9115392698488654,0.0,0.0,1.5749999999999998e-09
7332.0,0.8186525973034823,0.005924073,0.224657218,0.0012881538738563907,0.8173644434296259,0.0,0.0,0.0,0.0,0.0,0.0,0.0,0.0,0.0,0.7971794213881042,0.0,0.0,1.5749999999999998e-09
7333.0,0.8782600269448505,0.042136062,0.206623689,0.009162232047841588,0.8690977948970089,0.0,0.0,0.0,0.0,0.0,0.0,0.0,0.0,0.0,0.6158445202034865,0.0,0.0,1.5749999999999998e-09
7334.0,0.9112489304785794,0.133428016,0.165218065,0.029013115755219844,0.9682031251558602,0.0,0.0,0.08596731043250064,0.0,0.0,0.0,0.0,0.0,0.0,0.2191694221299651,0.0,0.0,1.5749999999999998e-09
7335.0,0.9366681418728702,0.258397944,0.111749708,0.05618707138823689,0.8031115450142039,0.0,0.0,0.0,0.07736952547042932,0.07737057938925058,0.0,0.0,0.0,0.0,0.0,0.0,0.0,1.7500238382997177e-09
7336.0,0.9604385763901638,0.371067888,0.128964771,0.08068646983096077,0.879752106559203,0.0,0.0,0.0,0.0,0.0,0.0,0.0,0.0,0.0,0.047078919166725464,0.0,0.0,1.5749999999999998e-09
7337.0,0.9760185235026466,0.451332688,0.204229293,0.09813956553965789,0.8778789579629888,0.0,0.0,0.0,0.0,0.0,0.0,0.0,0.0,0.0,0.589855553149904,0.0,0.0,1.5749999999999998e-09
7338.0,0.9858577877844548,0.485499055,0.255104019,0.10556883557172014,0.8802889522127346,0.0,0.0,0.0,0.0,0.0,0.0,0.0,0.0,0.0,0.953066915154926,0.0,0.0,1.5749999999999998e-09
7339.0,0.9929824654254152,0.469474382,0.296487205,0.10208436726718846,0.8908980981582268,0.0,0.0,0.0,0.0,0.0,0.0,0.0,0.0,0.0,1.239866281865862,0.0,0.0,1.5749999999999998e-09
7340.0,0.997534960705068,0.403930252,0.323399446,0.08783219229094376,0.9097027684141242,0.0,0.0,0.0,0.0,0.0,0.0,0.0,0.0,0.0,1.4144717943847116,0.0,0.0,1.5749999999999998e-09
7341.0,0.9987053485960816,0.297919626,0.33270094,0.0647808223041389,0.9339245262919428,0.0,0.0,0.0,0.0,0.0,0.0,0.0,0.0,0.0,1.4570970766555824,0.0,0.0,1.5749999999999998e-09
7342.0,1.0023878413711478,0.172015275,0.339653156,0.03740368203661946,0.9649841593345283,0.0,0.0,0.0,0.0,0.0,0.0,0.0,0.0,0.0,1.4760009292717915,0.0,0.0,1.5749999999999998e-09
7343.0,1.0194986372384771,0.064259112,0.362155709,0.013972755577686445,1.0055258816607908,0.0,0.0,0.0,0.0,0.0,0.0,0.0,0.0,0.0,1.597178288185491,0.0,0.0,1.5749999999999998e-09
7344.0,1.0385941976890216,0.009865451,0.409171389,0.002145182701663265,1.0364490149873584,0.0,0.0,0.0,0.0,0.0,0.0,0.0,0.0,0.0,1.904142708038869,0.0,0.0,1.5749999999999998e-09
7345.0,1.038462918571959,8.76e-05,0.442129783,1.9048090621067604e-05,1.038443870481338,0.0,0.0,0.0,0.0,0.0,0.0,0.0,0.0,0.0,2.1390099186768823,0.0,0.0,1.5749999999999998e-09
7346.0,1.0171556376238642,0.0,0.451021965,0.0,1.0171556376238642,0.0,0.0,0.0,0.0,0.0,0.0,0.0,0.0,0.0,2.224203589431048,0.0,0.0,1.5749999999999998e-09
7347.0,0.9816546292060828,0.0,0.445677626,0.0,0.9816546292060828,0.0,0.0,0.0,0.0,0.0,0.0,0.0,0.0,0.0,2.221296440653737,0.0,0.0,1.5749999999999998e-09
7348.0,0.9285711084326704,0.0,0.436315466,0.0,0.9285711084326704,0.0,0.0,0.0,0.0,0.0,0.0,0.0,0.0,0.0,2.2070969329804875,0.0,0.0,1.5749999999999998e-09
7349.0,0.8737208816601852,0.0,0.423305414,0.0,0.8737208816601854,0.0,0.0,0.0,0.0,0.0,0.0,0.0,0.0,0.0,2.16844782852935,0.0,0.0,1.5749999999999998e-09
7350.0,0.8226510502924734,0.0,0.41181576,0.0,0.8226510502924734,0.0,0.0,0.0,0.0,0.0,0.0,0.0,0.0,0.0,2.136944971871616,0.0,0.0,1.5749999999999998e-09
7351.0,0.7832272411904543,0.0,0.401622312,0.0,0.7832272411904542,0.0,0.0,0.0,0.0,0.0,0.0,0.0,0.0,0.0,2.103111535663411,0.0,0.0,1.5749999999999998e-09
7352.0,0.758293094279603,0.0,0.388476479,0.0,0.758293094279603,0.0,0.0,0.0,0.0,0.0,0.0,0.0,0.0,0.0,2.033570534136928,0.0,0.0,1.5749999999999998e-09
7353.0,0.7441349671298579,0.0,0.37410824,0.0,0.7441349671298579,0.0,0.0,0.0,0.0,0.0,0.0,0.0,0.0,0.0,1.9444684485403159,0.0,0.0,1.5749999999999998e-09
7354.0,0.7458616231439683,0.0,0.359565444,0.0,0.7458616231439683,0.0,0.0,0.0,0.0,0.0,0.0,0.0,0.0,0.0,1.838227091115206,0.0,0.0,1.5749999999999998e-09
7355.0,0.7688332567964831,5.3e-05,0.353458946,1.1524529713659624e-05,0.7688217322667694,0.0,0.0,0.0,0.0,0.0,0.0,0.0,0.0,0.0,1.7713814172676527,0.0,0.0,1.5749999999999998e-09
7356.0,0.8273882266689883,0.008302438,0.347234388,0.0018053149703172978,0.825582911698671,0.0,0.0,0.0,0.0,0.0,0.0,0.0,0.0,0.0,1.6698862113950694,0.0,0.0,1.5749999999999998e-09
7357.0,0.8956222558838287,0.05514992,0.330464973,0.011992016825395304,0.8836302390584335,0.0,0.0,0.0,0.0,0.0,0.0,0.0,0.0,0.0,1.491322141480289,0.0,0.0,1.5749999999999998e-09
7358.0,0.9150026248934531,0.153350131,0.297618652,0.03334505926986973,0.8816575656235833,0.0,0.0,0.0,0.0,0.0,0.0,0.0,0.0,0.0,1.2572381837305415,0.0,0.0,1.5749999999999998e-09
7359.0,0.9390155921524288,0.287073991,0.285652023,0.0624225045150633,0.8765930876373654,0.0,0.0,0.0,0.0,0.0,0.0,0.0,0.0,0.0,1.1763020978065453,0.0,0.0,1.5749999999999998e-09
7360.0,0.9604764025425405,0.409815105,0.413766346,0.08911181801281204,0.8713645845297285,0.0,0.0,0.0,0.0,0.0,0.0,0.0,0.0,0.0,2.1022497126185167,0.0,0.0,1.5749999999999998e-09
7361.0,0.9750305918759847,0.496886591,0.514982625,0.10804498645846296,0.8669856054175217,0.0,0.0,0.0,0.0,0.0,0.0,0.0,0.0,0.0,2.8340396502298613,0.0,0.0,1.5749999999999998e-09
7362.0,0.9843959168368301,0.531131378,0.564009295,0.11549130844562229,0.8689046083912079,0.0,0.0,0.0,0.0,0.0,0.0,0.0,0.0,0.0,3.1844605808030386,0.0,0.0,1.5749999999999998e-09
7363.0,0.9932227733345871,0.50814693,0.591805241,0.11049347912622484,0.8827292942083622,0.0,0.0,0.0,0.0,0.0,0.0,0.0,0.0,0.0,3.3703969998398797,0.0,0.0,1.5749999999999998e-09
7364.0,0.9981980327877632,0.430909775,0.605973118,0.09369872652629967,0.9044993062614635,0.0,0.0,0.0,0.0,0.0,0.0,0.0,0.0,0.0,3.4504472590938073,0.0,0.0,1.5749999999999998e-09
7365.0,1.0004253281128113,0.310334846,0.593089395,0.06748043686624497,0.9329448912465663,0.0,0.0,0.0,0.0,0.0,0.0,0.0,0.0,0.0,3.3294102314172838,0.0,0.0,1.5749999999999998e-09
7366.0,0.9999602881218903,0.1747335,0.560526982,0.037994743636259314,0.961965544485631,0.0,0.0,0.0,0.0,0.0,0.0,0.0,0.0,0.0,3.0663733084102422,0.0,0.0,1.5749999999999998e-09
7367.0,1.0146123810849665,0.064883308,0.544079022,0.014108483225783569,1.000503897859183,0.0,0.0,0.0,0.0,0.0,0.0,0.0,0.0,0.0,2.909628412895821,0.0,0.0,1.5749999999999998e-09
7368.0,1.034528992725244,0.010732308,0.546410777,0.0023336755177763564,1.0321953172074676,0.0,0.0,0.0,0.0,0.0,0.0,0.0,0.0,0.0,2.8946946155061064,0.0,0.0,1.5749999999999998e-09
7369.0,1.0381046815407116,0.000114453,0.52819407,2.4887113194669527e-05,1.0380797944275169,0.0,0.0,0.0,0.0,0.0,0.0,0.0,0.0,0.0,2.7578921433697654,0.0,0.0,1.5749999999999998e-09
7370.0,1.022237700036714,0.0,0.496928964,0.0,1.022237700036714,0.0,0.0,0.0,0.0,0.0,0.0,0.0,0.0,0.0,2.5490413232637104,0.0,0.0,1.5749999999999998e-09
7371.0,0.9890062637613029,0.0,0.458814309,0.0,0.9890062637613029,0.0,0.0,0.0,0.0,0.0,0.0,0.0,0.0,0.0,2.3083541962375214,0.0,0.0,1.5749999999999998e-09
7372.0,0.9369841020867953,0.0,0.426716638,0.0,0.9369841020867953,0.0,0.0,0.0,0.0,0.0,0.0,0.0,0.0,0.0,2.12970004913664,0.0,0.0,1.5749999999999998e-09
7373.0,0.8772787698157198,0.0,0.401021386,0.0,0.8772787698157198,0.0,0.0,0.0,0.0,0.0,0.0,0.0,0.0,0.0,2.004741332592041,0.0,0.0,1.5749999999999998e-09
7374.0,0.8231872929231266,0.0,0.376094998,0.0,0.8231872929231265,0.0,0.0,0.0,0.0,0.0,0.0,0.0,0.0,0.0,1.8796943550172325,0.0,0.0,1.5749999999999998e-09
7375.0,0.7835365259069231,0.0,0.356784297,0.0,0.7835365259069231,0.0,0.0,0.0,0.0,0.0,0.0,0.0,0.0,0.0,1.780564921234903,0.0,0.0,1.5749999999999998e-09
7376.0,0.757231736180623,0.0,0.339244117,0.0,0.757231736180623,0.0,0.0,0.0,0.0,0.0,0.0,0.0,0.0,0.0,1.6808137121426006,0.0,0.0,1.5749999999999998e-09
7377.0,0.7426908968421664,0.0,0.316712125,0.0,0.7426908968421664,0.0,0.0,0.0,0.0,0.0,0.0,0.0,0.0,0.0,1.5334239010012574,0.0,0.0,1.5749999999999998e-09
7378.0,0.7435809248391964,0.0,0.301276928,0.0,0.7435809248391965,0.0,0.0,0.0,0.0,0.0,0.0,0.0,0.0,0.0,1.4216057539771192,0.0,0.0,1.5749999999999998e-09
7379.0,0.7696120311688937,6.06e-05,0.290362203,1.3177103785807042e-05,0.7695988540651079,0.0,0.0,0.0,0.0,0.0,0.0,0.0,0.0,0.0,1.317146978550919,0.0,0.0,1.5749999999999998e-09
7380.0,0.8266762042713642,0.008097459,0.281638592,0.0017607435254837838,0.8249154607458805,0.0,0.0,0.0,0.0,0.0,0.0,0.0,0.0,0.0,1.1991364030562603,0.0,0.0,1.5749999999999998e-09
7381.0,0.8842788438370736,0.051275286,0.263753862,0.011149501077045194,0.8731293427600284,0.0,0.0,0.0,0.0,0.0,0.0,0.0,0.0,0.0,1.0223903449896978,0.0,0.0,1.5749999999999998e-09
7382.0,0.9174680032951623,0.139015293,0.232791294,0.030228035374181107,0.8872399679209813,0.0,0.0,0.0,0.0,0.0,0.0,0.0,0.0,0.0,0.7857610549559265,0.0,0.0,1.5749999999999998e-09
7383.0,0.9442890101596721,0.256811357,0.278200223,0.05584207763305187,0.8884469325266202,0.0,0.0,0.0,0.0,0.0,0.0,0.0,0.0,0.0,1.11089440728991,0.0,0.0,1.5749999999999998e-09
7384.0,0.9652291547464779,0.376579047,0.352004411,0.08188483805081366,0.8833443166956643,0.0,0.0,0.0,0.0,0.0,0.0,0.0,0.0,0.0,1.6464055272146643,0.0,0.0,1.5749999999999998e-09
7385.0,0.987232882264774,0.457755723,0.395918674,0.09953621568511781,0.8876966665796563,0.0,0.0,0.0,0.0,0.0,0.0,0.0,0.0,0.0,1.9576517792177583,0.0,0.0,1.5749999999999998e-09
7386.0,0.9947335965969901,0.486526744,0.438153438,0.10579230033430319,0.8889412962626869,0.0,0.0,0.0,0.0,0.0,0.0,0.0,0.0,0.0,2.2599356971829256,0.0,0.0,1.5749999999999998e-09
7387.0,1.0025369211481436,0.463463571,0.485972669,0.10077735273940182,0.9017595684087418,0.0,0.0,0.0,0.0,0.0,0.0,0.0,0.0,0.0,2.590779857602701,0.0,0.0,1.5749999999999998e-09
7388.0,1.00917875813825,0.390697796,0.529560269,0.08495487469930803,0.9242238834389421,0.0,0.0,0.0,0.0,0.0,0.0,0.0,0.0,0.0,2.8815665157156336,0.0,0.0,1.5749999999999998e-09
7389.0,1.00705381510793,0.279341941,0.549684803,0.06074121696841232,0.9463125981395177,0.0,0.0,0.0,0.0,0.0,0.0,0.0,0.0,0.0,3.0041067748413783,0.0,0.0,1.5749999999999998e-09
7390.0,1.0060970341361888,0.155680885,0.531978565,0.033851867642100505,0.9722451664940884,0.0,0.0,0.0,0.0,0.0,0.0,0.0,0.0,0.0,2.8509247987606665,0.0,0.0,1.5749999999999998e-09
7391.0,1.0223534033263542,0.060136942,0.492467049,0.013076414622030666,1.0092769887043236,0.0,0.0,0.0,0.0,0.0,0.0,0.0,0.0,0.0,2.5299355933184913,0.0,0.0,1.5749999999999998e-09
7392.0,1.040652388744555,0.010707853,0.466040816,0.0023283579258113083,1.0383240308187436,0.0,0.0,0.0,0.0,0.0,0.0,0.0,0.0,0.0,2.3109711617686077,0.0,0.0,1.5749999999999998e-09
7393.0,1.0485068894430727,9.8777e-05,0.452955533,2.1478461726908616e-05,1.0484854109813457,0.0,0.0,0.0,0.0,0.0,0.0,0.0,0.0,0.0,2.2067697878095287,0.0,0.0,1.5749999999999998e-09
7394.0,1.0311224091792157,0.0,0.446577376,0.0,1.0311224091792157,0.0,0.0,0.0,0.0,0.0,0.0,0.0,0.0,0.0,2.1782948933496553,0.0,0.0,1.5749999999999998e-09
7395.0,0.9993038925365758,0.0,0.442159986,0.0,0.9993038925365758,0.0,0.0,0.0,0.0,0.0,0.0,0.0,0.0,0.0,2.1783669564997257,0.0,0.0,1.5749999999999998e-09
7396.0,0.9481139072142781,0.0,0.43331261,0.0,0.9481139072142781,0.0,0.0,0.0,0.0,0.0,0.0,0.0,0.0,0.0,2.1659735111728655,0.0,0.0,1.5749999999999998e-09
7397.0,0.8854870568805391,0.0,0.418514485,0.0,0.8854870568805391,0.0,0.0,0.0,0.0,0.0,0.0,0.0,0.0,0.0,2.122250687357449,0.0,0.0,1.5749999999999998e-09
7398.0,0.8360148272423852,0.0,0.409483528,0.0,0.8360148272423852,0.0,0.0,0.0,0.0,0.0,0.0,0.0,0.0,0.0,2.106820144907582,0.0,0.0,1.5749999999999998e-09
7399.0,0.7949288902684566,0.0,0.3980694,0.0,0.7949288902684566,0.0,0.0,0.0,0.0,0.0,0.0,0.0,0.0,0.0,2.0658761765052045,0.0,0.0,1.5749999999999998e-09
7400.0,0.7669975729901884,0.0,0.382353263,0.0,0.7669975729901884,0.0,0.0,0.0,0.0,0.0,0.0,0.0,0.0,0.0,1.9808603434631786,0.0,0.0,1.5749999999999998e-09
7401.0,0.7499802290876206,0.0,0.361851488,0.0,0.7499802290876206,0.0,0.0,0.0,0.0,0.0,0.0,0.0,0.0,0.0,1.8505375959197485,0.0,0.0,1.5749999999999998e-09
7402.0,0.7485450581299707,0.0,0.349807765,0.0,0.7485450581299707,0.0,0.0,0.0,0.0,0.0,0.0,0.0,0.0,0.0,1.7654181515735883,0.0,0.0,1.5749999999999998e-09
7403.0,0.7735459570156086,3.66e-05,0.342398215,7.958448821130986e-06,0.7735379985667874,0.0,0.0,0.0,0.0,0.0,0.0,0.0,0.0,0.0,1.6871750035535902,0.0,0.0,1.5749999999999998e-09
7404.0,0.8317827418416784,0.007005956,0.339964292,0.0015234027942375833,0.8302593390474409,0.0,0.0,0.0,0.0,0.0,0.0,0.0,0.0,0.0,1.61296179042325,0.0,0.0,1.5749999999999998e-09
7405.0,0.8935195641783875,0.045474735,0.325512415,0.00988820631562825,0.8836313578627593,0.0,0.0,0.0,0.0,0.0,0.0,0.0,0.0,0.0,1.455728477707949,0.0,0.0,1.5749999999999998e-09
7406.0,0.9297615218161276,0.128899265,0.303413126,0.02802836621813936,0.9017331555979882,0.0,0.0,0.0,0.0,0.0,0.0,0.0,0.0,0.0,1.2788057358275648,0.0,0.0,1.5749999999999998e-09
7407.0,0.9602561201258122,0.246096984,0.357548547,0.05351230197264182,0.9067438181531703,0.0,0.0,0.0,0.0,0.0,0.0,0.0,0.0,0.0,1.6628500639064916,0.0,0.0,1.5749999999999998e-09
7408.0,0.9858088364696012,0.357614363,0.46382155,0.07776108212122564,0.9080477543483756,0.0,0.0,0.0,0.0,0.0,0.0,0.0,0.0,0.0,2.4252982408946977,0.0,0.0,1.5749999999999998e-09
7409.0,1.0039409404509483,0.430569388,0.541028211,0.09362471143015545,0.9103162290207927,0.0,0.0,0.0,0.0,0.0,0.0,0.0,0.0,0.0,2.9778908205446584,0.0,0.0,1.5749999999999998e-09
7410.0,1.0162611589618884,0.45548251,0.596945619,0.09904191925560879,0.9172192397062796,0.0,0.0,0.0,0.0,0.0,0.0,0.0,0.0,0.0,3.3728494051670492,0.0,0.0,1.5749999999999998e-09
7411.0,1.0265409870772282,0.431322226,0.629182771,0.09378841150375114,0.932752575573477,0.0,0.0,0.0,0.0,0.0,0.0,0.0,0.0,0.0,3.588994786076255,0.0,0.0,1.5749999999999998e-09
7412.0,1.0316964769623207,0.36159217,0.626633835,0.07862603221493701,0.9530704447473837,0.0,0.0,0.0,0.0,0.0,0.0,0.0,0.0,0.0,3.550358480409411,0.0,0.0,1.5749999999999998e-09
7413.0,1.0314205687332076,0.259313361,0.598246573,0.05638612328289518,0.9750344454503125,0.0,0.0,0.0,0.0,0.0,0.0,0.0,0.0,0.0,3.324383764586376,0.0,0.0,1.5749999999999998e-09
7414.0,1.0312425631338018,0.148845555,0.560349142,0.03236556644044637,0.9988769966933554,0.0,0.0,0.0,0.0,0.0,0.0,0.0,0.0,0.0,3.028183773604169,0.0,0.0,1.5749999999999998e-09
7415.0,1.044706467545931,0.058121714,0.514705773,0.012638215471732574,1.0320682520741984,0.0,0.0,0.0,0.0,0.0,0.0,0.0,0.0,0.0,2.666967351506618,0.0,0.0,1.5749999999999998e-09
7416.0,1.0607158543293933,0.009647118,0.486971971,0.0020977075102298222,1.0586181468191636,0.0,0.0,0.0,0.0,0.0,0.0,0.0,0.0,0.0,2.441102962147153,0.0,0.0,1.5749999999999998e-09
7417.0,1.0602063126886396,7.68e-05,0.468502416,1.6699695886963376e-05,1.0601896129927526,0.0,0.0,0.0,0.0,0.0,0.0,0.0,0.0,0.0,2.306796358520007,0.0,0.0,1.5749999999999998e-09
7418.0,1.0453695386287014,0.0,0.460125326,0.0,1.0453695386287014,0.0,0.0,0.0,0.0,0.0,0.0,0.0,0.0,0.0,2.261412806288246,0.0,0.0,1.5749999999999998e-09
7419.0,1.0157182418337036,0.0,0.452935869,0.0,1.0157182418337036,0.0,0.0,0.0,0.0,0.0,0.0,0.0,0.0,0.0,2.2393956377027067,0.0,0.0,1.5749999999999998e-09
7420.0,0.9661903853832402,0.0,0.450480764,0.0,0.9661903853832402,0.0,0.0,0.0,0.0,0.0,0.0,0.0,0.0,0.0,2.271279392839526,0.0,0.0,1.5749999999999998e-09
7421.0,0.9064783776147088,0.0,0.450792693,0.0,0.9064783776147088,0.0,0.0,0.0,0.0,0.0,0.0,0.0,0.0,0.0,2.3332331405249507,0.0,0.0,1.5749999999999998e-09
7422.0,0.8506201937231183,0.0,0.449474718,0.0,0.8506201937231183,0.0,0.0,0.0,0.0,0.0,0.0,0.0,0.0,0.0,2.3796194344448907,0.0,0.0,1.5749999999999998e-09
7423.0,0.8094474782820347,0.0,0.448074266,0.0,0.8094474782820347,0.0,0.0,0.0,0.0,0.0,0.0,0.0,0.0,0.0,2.4107275225185516,0.0,0.0,1.5749999999999998e-09
7424.0,0.7798696089592797,0.0,0.446269931,0.0,0.7798696089592797,0.0,0.0,0.0,0.0,0.0,0.0,0.0,0.0,0.0,2.4273381788122297,0.0,0.0,1.5749999999999998e-09
7425.0,0.7626564587973728,0.0,0.436764867,0.0,0.7626564587973728,0.0,0.0,0.0,0.0,0.0,0.0,0.0,0.0,0.0,2.3762412924548566,0.0,0.0,1.5749999999999998e-09
7426.0,0.7590963458093277,0.0,0.415783256,0.0,0.7590963458093277,0.0,0.0,0.0,0.0,0.0,0.0,0.0,0.0,0.0,2.2290128769655206,0.0,0.0,1.5749999999999998e-09
7427.0,0.7800765403810958,2.38e-05,0.397491782,5.175166173303755e-06,0.7800713652149224,0.0,0.0,0.0,0.0,0.0,0.0,0.0,0.0,0.0,2.0765825346992424,0.0,0.0,1.5749999999999998e-09
7428.0,0.8338787590495883,0.005994254,0.37374638,0.0013034143081928878,0.8325753447413954,0.0,0.0,0.0,0.0,0.0,0.0,0.0,0.0,0.0,1.8534274919305869,0.0,0.0,1.5749999999999998e-09
7429.0,0.8946944017344219,0.041486392,0.333640205,0.009020965232387376,0.8856734365020347,0.0,0.0,0.0,0.0,0.0,0.0,0.0,0.0,0.0,1.5120983815362343,0.0,0.0,1.5749999999999998e-09
7430.0,0.9321712734055273,0.12657428,0.307674344,0.027522812280095718,0.9046484611254316,0.0,0.0,0.0,0.0,0.0,0.0,0.0,0.0,0.0,1.3065145225941466,0.0,0.0,1.5749999999999998e-09
7431.0,0.9612507272499303,0.25090685,0.305588776,0.05455817826765543,0.9066925489822749,0.0,0.0,0.0,0.0,0.0,0.0,0.0,0.0,0.0,1.2894820847121546,0.0,0.0,1.5749999999999998e-09
7432.0,0.9863495287652754,0.370810617,0.328265897,0.08063052780673506,0.9057190009585403,0.0,0.0,0.0,0.0,0.0,0.0,0.0,0.0,0.0,1.4534292816941843,0.0,0.0,1.5749999999999998e-09
7433.0,1.0020207040099338,0.451733766,0.335853457,0.09822677752698798,0.9037939264829458,0.0,0.0,0.0,0.0,0.0,0.0,0.0,0.0,0.0,1.509883868090186,0.0,0.0,1.5749999999999998e-09
7434.0,1.0095948458143928,0.481523003,0.326264962,0.10470426709215304,0.9048905787222398,0.0,0.0,0.0,0.0,0.0,0.0,0.0,0.0,0.0,1.439877585824736,0.0,0.0,1.5749999999999998e-09
7435.0,1.0129702787055004,0.461206579,0.320966096,0.10028658346831706,0.9126836952371834,0.0,0.0,0.0,0.0,0.0,0.0,0.0,0.0,0.0,1.3940031128906487,0.0,0.0,1.5749999999999998e-09
7436.0,1.0135510229859863,0.393418584,0.31534657,0.08554649360780933,0.928004529378177,0.0,0.0,0.0,0.0,0.0,0.0,0.0,0.0,0.0,1.3382964353422835,0.0,0.0,1.5749999999999998e-09
7437.0,1.0062972910604735,0.28937032,0.298771301,0.06292182737907913,0.9433754636813944,0.0,0.0,0.0,0.0,0.0,0.0,0.0,0.0,0.0,1.2038040274007096,0.0,0.0,1.5749999999999998e-09
7438.0,0.999993664609246,0.170050934,0.265276356,0.03697654795695418,0.9630171166522917,0.0,0.0,0.0,0.0,0.0,0.0,0.0,0.0,0.0,0.9434442776172839,0.0,0.0,1.5749999999999998e-09
7439.0,1.0095970716468279,0.068540002,0.251654101,0.014903609238175283,0.9946934624086526,0.0,0.0,0.0,0.0,0.0,0.0,0.0,0.0,0.0,0.8138688817835176,0.0,0.0,1.5749999999999998e-09
7440.0,1.0201394579962937,0.011171919,0.26583239,0.0024292662730961982,1.0177101917231974,0.0,0.0,0.0,0.0,0.0,0.0,0.0,0.0,0.0,0.8927472516888101,0.0,0.0,1.5749999999999998e-09
7441.0,1.0137913298952332,6.64e-05,0.279650794,1.4438278735603754e-05,1.0137768916164978,0.0,0.0,0.0,0.0,0.0,0.0,0.0,0.0,0.0,0.9959892657482162,0.0,0.0,1.5749999999999998e-09
7442.0,0.9962911463417362,0.0,0.285885696,0.0,0.9962911463417362,0.0,0.0,0.0,0.0,0.0,0.0,0.0,0.0,0.0,1.058283376680919,0.0,0.0,1.5749999999999998e-09
7443.0,0.968795943231979,0.0,0.288107156,0.0,0.968795943231979,0.0,0.0,0.0,0.0,0.0,0.0,0.0,0.0,0.0,1.1017435447531547,0.0,0.0,1.5749999999999998e-09
7444.0,0.9290383732561017,0.0,0.290097877,0.0,0.9290383732561017,0.0,0.0,0.0,0.0,0.0,0.0,0.0,0.0,0.0,1.1558078278884283,0.0,0.0,1.5749999999999998e-09
7445.0,0.8816599349934225,0.0,0.291474547,0.0,0.8816599349934224,0.0,0.0,0.0,0.0,0.0,0.0,0.0,0.0,0.0,1.2130799794364668,0.0,0.0,1.5749999999999998e-09
7446.0,0.8325503910516122,0.0,0.295678323,0.0,0.8325503910516122,0.0,0.0,0.0,0.0,0.0,0.0,0.0,0.0,0.0,1.2924007972927798,0.0,0.0,1.5749999999999998e-09
7447.0,0.7949088637760884,0.0,0.303107819,0.0,0.7949088637760884,0.0,0.0,0.0,0.0,0.0,0.0,0.0,0.0,0.0,1.3834358780551443,0.0,0.0,1.5749999999999998e-09
7448.0,0.766530308166757,0.0,0.312590069,0.0,0.766530308166757,0.0,0.0,0.0,0.0,0.0,0.0,0.0,0.0,0.0,1.479960512826588,0.0,0.0,1.5749999999999998e-09
7449.0,0.7465558448816593,0.0,0.319273317,0.0,0.7465558448816593,0.0,0.0,0.0,0.0,0.0,0.0,0.0,0.0,0.0,1.5479654696409673,0.0,0.0,1.5749999999999998e-09
7450.0,0.7395691218552178,0.0,0.325257362,0.0,0.739569121855218,0.0,0.0,0.0,0.0,0.0,0.0,0.0,0.0,0.0,1.597957724506333,0.0,0.0,1.5749999999999998e-09
7451.0,0.7454833606202776,3.2e-05,0.331651257,6.958206619568074e-06,0.745476402413658,0.0,0.0,0.0,0.0,0.0,0.0,0.0,0.0,0.0,1.6380014444830227,0.0,0.0,1.5749999999999998e-09
7452.0,0.7636288155965368,0.005482356,0.33508792,0.0011921051815633984,0.7624367104149735,0.0,0.0,0.0,0.0,0.0,0.0,0.0,0.0,0.0,1.645739399958361,0.0,0.0,1.5749999999999998e-09
7453.0,0.7916602603370226,0.035641655,0.328848363,0.007750062492292549,0.7839101978447299,0.0,0.0,0.0,0.0,0.0,0.0,0.0,0.0,0.0,1.5794240927855572,0.0,0.0,1.5749999999999998e-09
7454.0,0.828482961255324,0.116996727,0.309164087,0.025440231258724966,0.803042729996599,0.0,0.0,0.0,0.0,0.0,0.0,0.0,0.0,0.0,1.4188265886550049,0.0,0.0,1.5749999999999998e-09
7455.0,0.8670634688426562,0.24103942,0.307590478,0.05241256524440154,0.8146509035982546,0.0,0.0,0.0,0.0,0.0,0.0,0.0,0.0,0.0,1.3959093604002648,0.0,0.0,1.5749999999999998e-09
7456.0,0.8948857573288154,0.358453966,0.337971757,0.07794364871973841,0.8169421086090769,0.0,0.0,0.0,0.0,0.0,0.0,0.0,0.0,0.0,1.611959271029741,0.0,0.0,1.5749999999999998e-09
7457.0,0.9102520985219508,0.439566131,0.362133271,0.09558099882694149,0.8146710996950093,0.0,0.0,0.0,0.0,0.0,0.0,0.0,0.0,0.0,1.7878718149930304,0.0,0.0,1.5749999999999998e-09
7458.0,0.9148446447864905,0.472275792,0.377251357,0.10269351694237985,0.8121511278441106,0.0,0.0,0.0,0.0,0.0,0.0,0.0,0.0,0.0,1.8990409244785227,0.0,0.0,1.5749999999999998e-09
7459.0,0.910022915775256,0.4549385,0.379885582,0.09892362756863658,0.8110992882066194,0.0,0.0,0.0,0.0,0.0,0.0,0.0,0.0,0.0,1.9190241470030724,0.0,0.0,1.5749999999999998e-09
7460.0,0.9046026428235273,0.391342277,0.372473076,0.0850950131980701,0.8195076296254573,0.0,0.0,0.0,0.0,0.0,0.0,0.0,0.0,0.0,1.8573443541180075,0.0,0.0,1.5749999999999998e-09
7461.0,0.8975803184772195,0.290249016,0.344735903,0.0631128945141975,0.834467423963022,0.0,0.0,0.0,0.0,0.0,0.0,0.0,0.0,0.0,1.6430458388027003,0.0,0.0,1.5749999999999998e-09
7462.0,0.8991601185469197,0.169623213,0.310996657,0.03688354261028142,0.8622765759366383,0.0,0.0,0.0,0.0,0.0,0.0,0.0,0.0,0.0,1.372762872197959,0.0,0.0,1.5749999999999998e-09
7463.0,0.9156946217986336,0.064288181,0.317761851,0.013979076456068452,0.901715545342565,0.0,0.0,0.0,0.0,0.0,0.0,0.0,0.0,0.0,1.3819433175797724,0.0,0.0,1.5749999999999998e-09
7464.0,0.9384927005166878,0.009279346,0.367752987,0.0020177377113269543,0.9364749628053608,0.0,0.0,0.0,0.0,0.0,0.0,0.0,0.0,0.0,1.7064551607629117,0.0,0.0,1.5749999999999998e-09
7465.0,0.9417190536307996,5.2e-05,0.420089821,1.130708575679812e-05,0.9417077465450427,0.0,0.0,0.0,0.0,0.0,0.0,0.0,0.0,0.0,2.0773514637756705,0.0,0.0,1.5749999999999998e-09
7466.0,0.9305247203611157,0.0,0.445839112,0.0,0.9305247203611158,0.0,0.0,0.0,0.0,0.0,0.0,0.0,0.0,0.0,2.2735869008171754,0.0,0.0,1.5749999999999998e-09
7467.0,0.9104479047812898,0.0,0.458085129,0.0,0.9104479047812898,0.0,0.0,0.0,0.0,0.0,0.0,0.0,0.0,0.0,2.381672157843132,0.0,0.0,1.5749999999999998e-09
7468.0,0.8786316129711604,0.0,0.458545972,0.0,0.8786316129711604,0.0,0.0,0.0,0.0,0.0,0.0,0.0,0.0,0.0,2.416800389705392,0.0,0.0,1.5749999999999998e-09
7469.0,0.8399576534190666,0.0,0.458391914,0.0,0.8399576534190665,0.0,0.0,0.0,0.0,0.0,0.0,0.0,0.0,0.0,2.454367180741199,0.0,0.0,1.5749999999999998e-09
7470.0,0.804378766864097,0.0,0.459005112,0.0,0.804378766864097,0.0,0.0,0.0,0.0,0.0,0.0,0.0,0.0,0.0,2.494352936915725,0.0,0.0,1.5749999999999998e-09
7471.0,0.7726959800034656,0.0,0.459831908,0.0,0.7726959800034656,0.0,0.0,0.0,0.0,0.0,0.0,0.0,0.0,0.0,2.531977657986794,0.0,0.0,1.5749999999999998e-09
7472.0,0.7483737280280208,0.0,0.457163755,0.0,0.7483737280280208,0.0,0.0,0.0,0.0,0.0,0.0,0.0,0.0,0.0,2.5371246967423144,0.0,0.0,1.5749999999999998e-09
7473.0,0.7339352419842169,0.0,0.447962066,0.0,0.7339352419842169,0.0,0.0,0.0,0.0,0.0,0.0,0.0,0.0,0.0,2.4854334111581675,0.0,0.0,1.5749999999999998e-09
7474.0,0.7289177067136432,0.0,0.438953077,0.0,0.7289177067136432,0.0,0.0,0.0,0.0,0.0,0.0,0.0,0.0,0.0,2.4257060517503057,0.0,0.0,1.5749999999999998e-09
7475.0,0.7334078996835303,3.26e-05,0.43299688,7.088672993684975e-06,0.7334008110105367,0.0,0.0,0.0,0.0,0.0,0.0,0.0,0.0,0.0,2.3784175508157848,0.0,0.0,1.5749999999999998e-09
7476.0,0.7469941838826807,0.00569478,0.42410339,0.0012382954966557462,0.7457558883860249,0.0,0.0,0.0,0.0,0.0,0.0,0.0,0.0,0.0,2.3021476353409587,0.0,0.0,1.5749999999999998e-09
7477.0,0.7670554246350085,0.043833109,0.409542332,0.00953124466250153,0.757524179972507,0.0,0.0,0.0,0.0,0.0,0.0,0.0,0.0,0.0,2.1857333988413905,0.0,0.0,1.5749999999999998e-09
7478.0,0.7990385958821423,0.138787689,0.370604638,0.030178544259823598,0.7688600516223187,0.0,0.0,0.0,0.0,0.0,0.0,0.0,0.0,0.0,1.8945640301087017,0.0,0.0,1.5749999999999998e-09
7479.0,0.8309105145045814,0.270991044,0.333391265,0.05892536488138948,0.7719851496231919,0.0,0.0,0.0,0.0,0.0,0.0,0.0,0.0,0.0,1.623997611498563,0.0,0.0,1.5749999999999998e-09
7480.0,0.8489091135364305,0.393268071,0.386919705,0.08551376546553023,0.7633953480709003,0.0,0.0,0.0,0.0,0.0,0.0,0.0,0.0,0.0,2.017280213774773,0.0,0.0,1.5749999999999998e-09
7481.0,0.8555175750391059,0.476371521,0.413959963,0.10358410846237226,0.7519334665767337,0.0,0.0,0.0,0.0,0.0,0.0,0.0,0.0,0.0,2.223072297724258,0.0,0.0,1.5749999999999998e-09
7482.0,0.8612627085347263,0.508790811,0.414185189,0.11063348715861278,0.7506292213761135,0.0,0.0,0.0,0.0,0.0,0.0,0.0,0.0,0.0,2.225995174454881,0.0,0.0,1.5749999999999998e-09
7483.0,0.8635879074894062,0.487069745,0.404244739,0.10591037262032293,0.7576775348690833,0.0,0.0,0.0,0.0,0.0,0.0,0.0,0.0,0.0,2.1475078361938427,0.0,0.0,1.5749999999999998e-09
7484.0,0.8625398993854135,0.413717656,0.383151647,0.08996040414410585,0.7725794952413078,0.0,0.0,0.0,0.0,0.0,0.0,0.0,0.0,0.0,1.9810161669228101,0.0,0.0,1.5749999999999998e-09
7485.0,0.8628625350967947,0.299520866,0.348657198,0.06512900226562382,0.7977335328311709,0.0,0.0,0.0,0.0,0.0,0.0,0.0,0.0,0.0,1.7079608978522915,0.0,0.0,1.5749999999999998e-09
7486.0,0.8716204147872545,0.168072252,0.32306172,0.036546295513503545,0.835074119273751,0.0,0.0,0.0,0.0,0.0,0.0,0.0,0.0,0.0,1.4866733083270987,0.0,0.0,1.5749999999999998e-09
7487.0,0.9056907029123316,0.05921038,0.336869169,0.01287493931447316,0.8928157635978584,0.0,0.0,0.0,0.0,0.0,0.0,0.0,0.0,0.0,1.5281616476651845,0.0,0.0,1.5749999999999998e-09
7488.0,0.9430896974461732,0.007724442,0.366070943,0.0016796332330271766,0.941410064213146,0.0,0.0,0.0,0.0,0.0,0.0,0.0,0.0,0.0,1.6894317149665947,0.0,0.0,1.5749999999999998e-09
7489.0,0.9585205647816599,2.66e-05,0.391649123,5.784009252515962e-06,0.9585147807724074,0.0,0.0,0.0,0.0,0.0,0.0,0.0,0.0,0.0,1.856149685965957,0.0,0.0,1.5749999999999998e-09
7490.0,0.9558816304455655,0.0,0.403707307,0.0,0.9558816304455655,0.0,0.0,0.0,0.0,0.0,0.0,0.0,0.0,0.0,1.9454413784547666,0.0,0.0,1.5749999999999998e-09
7491.0,0.934122660501462,0.0,0.402721582,0.0,0.9341226605014621,0.0,0.0,0.0,0.0,0.0,0.0,0.0,0.0,0.0,1.9601162392599976,0.0,0.0,1.5749999999999998e-09
7492.0,0.8967236659676204,0.0,0.389062936,0.0,0.8967236659676204,0.0,0.0,0.0,0.0,0.0,0.0,0.0,0.0,0.0,1.8993546525432636,0.0,0.0,1.5749999999999998e-09
7493.0,0.8520397888533454,0.0,0.371691232,0.0,0.8520397888533454,0.0,0.0,0.0,0.0,0.0,0.0,0.0,0.0,0.0,1.8191933171853107,0.0,0.0,1.5749999999999998e-09
7494.0,0.8164453274708778,0.0,0.356436444,0.0,0.8164453274708778,0.0,0.0,0.0,0.0,0.0,0.0,0.0,0.0,0.0,1.7451562047694458,0.0,0.0,1.5749999999999998e-09
7495.0,0.7880400698717223,0.0,0.338375648,0.0,0.7880400698717223,0.0,0.0,0.0,0.0,0.0,0.0,0.0,0.0,0.0,1.6437639529223451,0.0,0.0,1.5749999999999998e-09
7496.0,0.7694318007369773,0.0,0.318976525,0.0,0.7694318007369773,0.0,0.0,0.0,0.0,0.0,0.0,0.0,0.0,0.0,1.5229565589356209,0.0,0.0,1.5749999999999998e-09
7497.0,0.7627254366045946,0.0,0.300061512,0.0,0.7627254366045946,0.0,0.0,0.0,0.0,0.0,0.0,0.0,0.0,0.0,1.393726412930601,0.0,0.0,1.5749999999999998e-09
7498.0,0.7693739490921572,0.0,0.285522648,0.0,0.7693739490921572,0.0,0.0,0.0,0.0,0.0,0.0,0.0,0.0,0.0,1.2825914571335724,0.0,0.0,1.5749999999999998e-09
7499.0,0.7954028295894193,2.32e-05,0.272241085,5.044699799186854e-06,0.7953977848896201,0.0,0.0,0.0,0.0,0.0,0.0,0.0,0.0,0.0,1.1611170222067275,0.0,0.0,1.5749999999999998e-09
7500.0,0.8622016888465346,0.005019517,0.263263635,0.0010914636380135777,0.861110225208521,0.0,0.0,0.0,0.0,0.0,0.0,0.0,0.0,0.0,1.0308863485176978,0.0,0.0,1.5749999999999998e-09
7501.0,0.9256918661874042,0.039762276,0.251956278,0.00864606662725915,0.917045799560145,0.0,0.0,0.0,0.0,0.0,0.0,0.0,0.0,0.0,0.8936881998576272,0.0,0.0,1.5749999999999998e-09
7502.0,0.9544887363052379,0.126878453,0.208163331,0.02758895286078615,0.9268997834444518,0.0,0.0,0.0,0.0,0.0,0.0,0.0,0.0,0.0,0.5691074756949913,0.0,0.0,1.5749999999999998e-09
7503.0,0.9706917035156042,0.24647007,0.163853723,0.05359342726873146,0.9170982762468728,0.0,0.0,0.0,0.0,0.0,0.0,0.0,0.0,0.0,0.26046915538220483,0.0,0.0,1.5749999999999998e-09
7504.0,0.9833990848802014,0.356140235,0.188173744,0.0774405418959853,0.9059585429842161,0.0,0.0,0.0,0.0,0.0,0.0,0.0,0.0,0.0,0.44638956583542627,0.0,0.0,1.5749999999999998e-09
7505.0,0.9865609108520371,0.430639644,0.247018846,0.09363998817278871,0.8929209226792484,0.0,0.0,0.0,0.0,0.0,0.0,0.0,0.0,0.0,0.8823292377836824,0.0,0.0,1.5749999999999998e-09
7506.0,0.9871550041275857,0.458402275,0.276611793,0.09967680451031453,0.8874781996172711,0.0,0.0,0.0,0.0,0.0,0.0,0.0,0.0,0.0,1.1004475714762794,0.0,0.0,1.5749999999999998e-09
7507.0,0.987059326330389,0.436727812,0.296915218,0.09496382351274629,0.8920955028176426,0.0,0.0,0.0,0.0,0.0,0.0,0.0,0.0,0.0,1.2417448779215101,0.0,0.0,1.5749999999999998e-09
7508.0,0.984589497263734,0.369366664,0.310348025,0.08031654895289302,0.9042729483108409,0.0,0.0,0.0,0.0,0.0,0.0,0.0,0.0,0.0,1.326104976702232,0.0,0.0,1.5749999999999998e-09
7509.0,0.9818771364553215,0.265129405,0.309052021,0.057650786903535776,0.9242263495517857,0.0,0.0,0.0,0.0,0.0,0.0,0.0,0.0,0.0,1.2968375844593183,0.0,0.0,1.5749999999999998e-09
7510.0,0.9867811922688406,0.146758675,0.301533748,0.03191178699575124,0.9548694052730895,0.0,0.0,0.0,0.0,0.0,0.0,0.0,0.0,0.0,1.2121629616499952,0.0,0.0,1.5749999999999998e-09
7511.0,1.00929223659538,0.050619142,0.319337309,0.011006826529414261,0.9982854100659657,0.0,0.0,0.0,0.0,0.0,0.0,0.0,0.0,0.0,1.2966957957164083,0.0,0.0,1.5749999999999998e-09
7512.0,1.036246747409463,0.006652932,0.357043953,0.0014466398588105084,1.0348001075506525,0.0,0.0,0.0,0.0,0.0,0.0,0.0,0.0,0.0,1.5311674091770762,0.0,0.0,1.5749999999999998e-09
7513.0,1.0407124652218855,2.04e-05,0.370997178,4.435856719974647e-06,1.0407080293651656,0.0,0.0,0.0,0.0,0.0,0.0,0.0,0.0,0.0,1.6255371192976797,0.0,0.0,1.5749999999999998e-09
7514.0,1.0296583123991558,0.0,0.366001924,0.0,1.0296583123991558,0.0,0.0,0.0,0.0,0.0,0.0,0.0,0.0,0.0,1.600687447983602,0.0,0.0,1.5749999999999998e-09
7515.0,0.9987520750784248,0.0,0.354853063,0.0,0.9987520750784248,0.0,0.0,0.0,0.0,0.0,0.0,0.0,0.0,0.0,1.5514701740835382,0.0,0.0,1.5749999999999998e-09
7516.0,0.9514292636280552,0.0,0.339545722,0.0,0.9514292636280552,0.0,0.0,0.0,0.0,0.0,0.0,0.0,0.0,0.0,1.488783729128788,0.0,0.0,1.5749999999999998e-09
7517.0,0.8958581131280549,0.0,0.324045648,0.0,0.8958581131280549,0.0,0.0,0.0,0.0,0.0,0.0,0.0,0.0,0.0,1.4329605091130777,0.0,0.0,1.5749999999999998e-09
7518.0,0.8460320971235993,0.0,0.308444343,0.0,0.8460320971235993,0.0,0.0,0.0,0.0,0.0,0.0,0.0,0.0,0.0,1.3706646378479233,0.0,0.0,1.5749999999999998e-09
7519.0,0.8079878321669204,0.0,0.294438082,0.0,0.8079878321669204,0.0,0.0,0.0,0.0,0.0,0.0,0.0,0.0,0.0,1.3080501170869498,0.0,0.0,1.5749999999999998e-09
7520.0,0.7833295944851071,0.0,0.284184604,0.0,0.7833295944851071,0.0,0.0,0.0,0.0,0.0,0.0,0.0,0.0,0.0,1.2590196919013028,0.0,0.0,1.5749999999999998e-09
7521.0,0.7693361229397805,0.0,0.269070456,0.0,0.7693361229397805,0.0,0.0,0.0,0.0,0.0,0.0,0.0,0.0,0.0,1.1643923270337653,0.0,0.0,1.5749999999999998e-09
7522.0,0.7716613218944605,0.0,0.25401051,0.0,0.7716613218944605,0.0,0.0,0.0,0.0,0.0,0.0,0.0,0.0,0.0,1.053835825140106,0.0,0.0,1.5749999999999998e-09
7523.0,0.7950824197104734,1.62e-05,0.244053963,3.5225921011563377e-06,0.7950788971183722,0.0,0.0,0.0,0.0,0.0,0.0,0.0,0.0,0.0,0.9588635408499608,0.0,0.0,1.5749999999999998e-09
7524.0,0.85404680276159,0.004925739,0.238005108,0.0010710721786270196,0.8529757305829629,0.0,0.0,0.0,0.0,0.0,0.0,0.0,0.0,0.0,0.8574954055666943,0.0,0.0,1.5749999999999998e-09
7525.0,0.9169918381417644,0.039233557,0.228001819,0.008531099875831293,0.9084607382659331,0.0,0.0,0.0,0.0,0.0,0.0,0.0,0.0,0.0,0.7301197681201672,0.0,0.0,1.5749999999999998e-09
7526.0,0.944013101930559,0.124656288,0.194874087,0.02710575651038701,0.916907345420172,0.0,0.0,0.0,0.0,0.0,0.0,0.0,0.0,0.0,0.4835941135527889,0.0,0.0,1.5749999999999998e-09
7527.0,0.9621919323942492,0.246759242,0.172531679,0.05365630597262501,0.9085356264216241,0.0,0.0,0.0,0.0,0.0,0.0,0.0,0.0,0.0,0.33139766526612363,0.0,0.0,1.5749999999999998e-09
7528.0,0.9752308488002693,0.366123538,0.230173937,0.07961135080285262,0.8956194979974166,0.0,0.0,0.0,0.0,0.0,0.0,0.0,0.0,0.0,0.7585713672357347,0.0,0.0,1.5749999999999998e-09
7529.0,0.9804330651677051,0.449172354,0.299806752,0.09766981396655545,0.8827632512011496,0.0,0.0,0.0,0.0,0.0,0.0,0.0,0.0,0.0,1.271857714827775,0.0,0.0,1.5749999999999998e-09
7530.0,0.980150480441211,0.483251858,0.351756016,0.10508019616419284,0.8750702842770182,0.0,0.0,0.0,0.0,0.0,0.0,0.0,0.0,0.0,1.652894419467899,0.0,0.0,1.5749999999999998e-09
7531.0,0.9792693527741475,0.46303379,0.397854613,0.10068389945817792,0.8785854533159695,0.0,0.0,0.0,0.0,0.0,0.0,0.0,0.0,0.0,1.9806760038813787,0.0,0.0,1.5749999999999998e-09
7532.0,0.9790379451949424,0.392202013,0.436290974,0.08528195759576637,0.8937559875991761,0.0,0.0,0.0,0.0,0.0,0.0,0.0,0.0,0.0,2.2417360371754373,0.0,0.0,1.5749999999999998e-09
7533.0,0.9756157858214916,0.281153042,0.459112065,0.06113502993612815,0.9144807558853634,0.0,0.0,0.0,0.0,0.0,0.0,0.0,0.0,0.0,2.385019586941587,0.0,0.0,1.5749999999999998e-09
7534.0,0.9797388424300894,0.152502915,0.46306214,0.03316083727051335,0.946578005159576,0.0,0.0,0.0,0.0,0.0,0.0,0.0,0.0,0.0,2.381310338790133,0.0,0.0,1.5749999999999998e-09
7535.0,0.9968451886323978,0.05447469,0.478900287,0.011845192142403711,0.9849999964899941,0.0,0.0,0.0,0.0,0.0,0.0,0.0,0.0,0.0,2.4567123469580587,0.0,0.0,1.5749999999999998e-09
7536.0,1.0215212269741443,0.008431789,0.493780548,0.0018334415635812898,1.019687785410563,0.0,0.0,0.0,0.0,0.0,0.0,0.0,0.0,0.0,2.5289645189179657,0.0,0.0,1.5749999999999998e-09
7537.0,1.028739357579791,2.92e-05,0.497531803,6.349363540355867e-06,1.0287330082162507,0.0,0.0,0.0,0.0,0.0,0.0,0.0,0.0,0.0,2.546878437685984,0.0,0.0,1.5749999999999998e-09
7538.0,1.0175316743151197,0.0,0.505335703,0.0,1.0175316743151197,0.0,0.0,0.0,0.0,0.0,0.0,0.0,0.0,0.0,2.614164054027802,0.0,0.0,1.5749999999999998e-09
7539.0,0.990563813506049,0.0,0.517145295,0.0,0.990563813506049,0.0,0.0,0.0,0.0,0.0,0.0,0.0,0.0,0.0,2.726003901053672,0.0,0.0,1.5749999999999998e-09
7540.0,0.9455038997005185,0.0,0.525156159,0.0,0.9455038997005185,0.0,0.0,0.0,0.0,0.0,0.0,0.0,0.0,0.0,2.828635485327806,0.0,0.0,1.5749999999999998e-09
7541.0,0.8964566580684737,0.0,0.533252281,0.0,0.8964566580684737,0.0,0.0,0.0,0.0,0.0,0.0,0.0,0.0,0.0,2.9358671210348986,0.0,0.0,1.5749999999999998e-09
7542.0,0.8455670571326784,0.0,0.536513125,0.0,0.8455670571326784,0.0,0.0,0.0,0.0,0.0,0.0,0.0,0.0,0.0,3.0101914271682264,0.0,0.0,1.5749999999999998e-09
7543.0,0.8115568464848567,0.0,0.540283167,0.0,0.8115568464848567,0.0,0.0,0.0,0.0,0.0,0.0,0.0,0.0,0.0,3.071295795908957,0.0,0.0,1.5749999999999998e-09
7544.0,0.7878798649322494,0.0,0.545654781,0.0,0.7878798649322494,0.0,0.0,0.0,0.0,0.0,0.0,0.0,0.0,0.0,3.133576951879272,0.0,0.0,1.5749999999999998e-09
7545.0,0.7763473211236864,0.0,0.545207807,0.0,0.7763473211236864,0.0,0.0,0.0,0.0,0.0,0.0,0.0,0.0,0.0,3.1418972279678945,0.0,0.0,1.5749999999999998e-09
7546.0,0.777998323833119,0.0,0.551491955,0.0,0.7779983238331188,0.0,0.0,0.0,0.0,0.0,0.0,0.0,0.0,0.0,3.185408507108701,0.0,0.0,1.5749999999999998e-09
7547.0,0.7979883629456394,3.66e-06,0.568997069,7.958448821130985e-07,0.7979875671007574,0.0,0.0,0.0,0.0,0.0,0.0,0.0,0.0,0.0,3.29122325386303,0.0,0.0,1.5749999999999998e-09
7548.0,0.8516726524920564,0.005043612,0.588138327,0.0010967029501541554,0.8505759495419022,0.0,0.0,0.0,0.0,0.0,0.0,0.0,0.0,0.0,3.376197336335847,0.0,0.0,1.5749999999999998e-09
7549.0,0.9085143173453634,0.038529081,0.592426286,0.008377915826877328,0.9001364015184861,0.0,0.0,0.0,0.0,0.0,0.0,0.0,0.0,0.0,3.3574531561784933,0.0,0.0,1.5749999999999998e-09
7550.0,0.9400435747639778,0.115450354,0.57637656,0.025103981794821175,0.9149395929691566,0.0,0.0,0.0,0.0,0.0,0.0,0.0,0.0,0.0,3.227305410584427,0.0,0.0,1.5749999999999998e-09
7551.0,0.9570564680016002,0.233265446,0.681113572,0.050722161577303096,0.906334306424297,0.0,0.0,0.0,0.0,0.0,0.0,0.0,0.0,0.0,3.988624104912788,0.0,0.0,1.5749999999999998e-09
7552.0,0.9722848545802165,0.351153032,0.828535582,0.07635610474199374,0.8959287498382228,0.0,0.0,0.0,0.0,0.0,0.0,0.0,0.0,0.0,5.058507313290126,0.0,0.0,1.5749999999999998e-09
7553.0,0.9823377257812967,0.432271129,0.914393691,0.0939947447267489,0.8883429810545479,0.0,0.0,0.0,0.0,0.0,0.0,0.0,0.0,0.0,5.6831294914305746,0.0,0.0,1.5749999999999998e-09
7554.0,0.9853860732960025,0.465151851,0.963863338,0.10114445902289196,0.8842416142731104,0.0,0.0,0.0,0.0,0.0,0.0,0.0,0.0,0.0,6.042754334241831,0.0,0.0,1.5749999999999998e-09
7555.0,1.0006967866769034,0.448106254,0.996829461,0.0974379969641454,0.9032587897127581,0.0,0.0,0.0,0.0,0.0,0.0,0.0,0.0,0.0,6.260654770932842,0.0,0.0,1.5749999999999998e-09
7556.0,0.9881718615766577,0.381383898,1.019010123,0.0829296238643836,0.9052422377122742,0.0,0.0,0.0,0.0,0.0,0.0,0.0,0.0,0.0,6.4180770703582555,0.0,0.0,1.5749999999999998e-09
7557.0,0.9868190184212171,0.276061961,1.015590012,0.06002800513878574,0.9267910132824314,0.0,0.0,0.0,0.0,0.0,0.0,0.0,0.0,0.0,6.371948985557778,0.0,0.0,1.5749999999999998e-09
7558.0,0.9899763947280318,0.156873454,0.979807225,0.03411118456429087,0.9558652101637408,0.0,0.0,0.0,0.0,0.0,0.0,0.0,0.0,0.0,6.085714659430455,0.0,0.0,1.5749999999999998e-09
7559.0,1.0092321601180494,0.058679336,0.935817429,0.0127594670058456,0.9964726931122039,0.0,0.0,0.0,0.0,0.0,0.0,0.0,0.0,0.0,5.728965741638873,0.0,0.0,1.5749999999999998e-09
7560.0,1.0305639162236084,0.008038876,0.923149808,0.0017480050061589663,1.0288159112174495,0.0,0.0,0.0,0.0,0.0,0.0,0.0,0.0,0.0,5.605584140928062,0.0,0.0,1.5749999999999998e-09
7561.0,1.0353700694074204,2.1e-05,0.902479395,4.566323094091549e-06,1.0353655030843263,0.0,0.0,0.0,0.0,0.0,0.0,0.0,0.0,0.0,5.450482507023529,0.0,0.0,1.5749999999999998e-09
7562.0,1.021917290157768,0.0,0.886297753,0.0,1.021917290157768,0.0,0.0,0.0,0.0,0.0,0.0,0.0,0.0,0.0,5.347638125185664,0.0,0.0,1.5749999999999998e-09
7563.0,0.9935543093759346,0.0,0.866813985,0.0,0.9935543093759346,0.0,0.0,0.0,0.0,0.0,0.0,0.0,0.0,0.0,5.2359771246862366,0.0,0.0,1.5749999999999998e-09
7564.0,0.9470124971304863,0.0,0.849008478,0.0,0.9470124971304863,0.0,0.0,0.0,0.0,0.0,0.0,0.0,0.0,0.0,5.154556112755614,0.0,0.0,1.5749999999999998e-09
7565.0,0.8918885869613984,0.0,0.841890208,0.0,0.8918885869613984,0.0,0.0,0.0,0.0,0.0,0.0,0.0,0.0,0.0,5.158523157105167,0.0,0.0,1.5749999999999998e-09
7566.0,0.8400310808913093,0.0,0.833293338,0.0,0.8400310808913093,0.0,0.0,0.0,0.0,0.0,0.0,0.0,0.0,0.0,5.148597543813671,0.0,0.0,1.5749999999999998e-09
7567.0,0.80522874387624,0.0,0.833400492,0.0,0.80522874387624,0.0,0.0,0.0,0.0,0.0,0.0,0.0,0.0,0.0,5.184169964402421,0.0,0.0,1.5749999999999998e-09
7568.0,0.7799897629138656,0.0,0.82655978,0.0,0.7799897629138656,0.0,0.0,0.0,0.0,0.0,0.0,0.0,0.0,0.0,5.160246805421511,0.0,0.0,1.5749999999999998e-09
7569.0,0.7663678773948489,0.0,0.811424565,0.0,0.7663678773948489,0.0,0.0,0.0,0.0,0.0,0.0,0.0,0.0,0.0,5.065096452334123,0.0,0.0,1.5749999999999998e-09
7570.0,0.7654355725804967,0.0,0.790185779,0.0,0.7654355725804967,0.0,0.0,0.0,0.0,0.0,0.0,0.0,0.0,0.0,4.913391989286082,0.0,0.0,1.5749999999999998e-09
7571.0,0.7897800758808201,3.68e-06,0.770830288,8.001937612503285e-07,0.7897792756870589,0.0,0.0,0.0,0.0,0.0,0.0,0.0,0.0,0.0,4.749946193120642,0.0,0.0,1.5749999999999998e-09
7572.0,0.8506001682306746,0.003945591,0.743653436,0.0008579449191971317,0.8497422233114775,0.0,0.0,0.0,0.0,0.0,0.0,0.0,0.0,0.0,4.494671383040687,0.0,0.0,1.5749999999999998e-09
7573.0,0.9136075059206149,0.034405832,0.709792973,0.007481340249192096,0.9061261656714227,0.0,0.0,0.0,0.0,0.0,0.0,0.0,0.0,0.0,4.194942475924088,0.0,0.0,1.5749999999999998e-09
7574.0,0.9451300868418486,0.114950933,0.678391431,0.024995385716441443,0.9201347011254072,0.0,0.0,0.0,0.0,0.0,0.0,0.0,0.0,0.0,3.9552605014715128,0.0,0.0,1.5749999999999998e-09
7575.0,0.9642523482822929,0.23658809,0.705750027,0.05144465043590523,0.9128076978463876,0.0,0.0,0.0,0.0,0.0,0.0,0.0,0.0,0.0,4.159205506678371,0.0,0.0,1.5749999999999998e-09
7576.0,0.9789578432251682,0.354047646,0.801150894,0.07698552106374044,0.9019723221614278,0.0,0.0,0.0,0.0,0.0,0.0,0.0,0.0,0.0,4.855658223681704,0.0,0.0,1.5749999999999998e-09
7577.0,0.9849655349549143,0.435467825,0.855849333,0.09468984695387224,0.8902756880010421,0.0,0.0,0.0,0.0,0.0,0.0,0.0,0.0,0.0,5.260456089526339,0.0,0.0,1.5749999999999998e-09
7578.0,0.9844381926542276,0.471679808,0.862637467,0.1025639238231937,0.8818742688310339,0.0,0.0,0.0,0.0,0.0,0.0,0.0,0.0,0.0,5.317641786365362,0.0,0.0,1.5749999999999998e-09
7579.0,0.9830163726914899,0.455461539,0.863498989,0.09903735923838947,0.8839790134531004,0.0,0.0,0.0,0.0,0.0,0.0,0.0,0.0,0.0,5.321728541272617,0.0,0.0,1.5749999999999998e-09
7580.0,0.9819639139225517,0.389309799,0.852359698,0.08465306313951615,0.8973108507830355,0.0,0.0,0.0,0.0,0.0,0.0,0.0,0.0,0.0,5.22834196943391,0.0,0.0,1.5749999999999998e-09
7581.0,0.9803640873604833,0.281365315,0.812010094,0.061181187417183015,0.9191828999433003,0.0,0.0,0.0,0.0,0.0,0.0,0.0,0.0,0.0,4.916489450623099,0.0,0.0,1.5749999999999998e-09
7582.0,0.9842423863948885,0.154501264,0.735241564,0.03359536618426358,0.9506470202106249,0.0,0.0,0.0,0.0,0.0,0.0,0.0,0.0,0.0,4.333312991771685,0.0,0.0,1.5749999999999998e-09
7583.0,1.000178345706108,0.053418786,0.692307524,0.011615592198577825,0.9885627535075302,0.0,0.0,0.0,0.0,0.0,0.0,0.0,0.0,0.0,3.9868432245071768,0.0,0.0,1.5749999999999998e-09
7584.0,1.0232122816683886,0.007103706,0.684200074,0.0015446579410207954,1.0216676237273679,0.0,0.0,0.0,0.0,0.0,0.0,0.0,0.0,0.0,3.89547254928295,0.0,0.0,1.5749999999999998e-09
7585.0,1.030434861939056,1.69e-05,0.675133549,3.6748028709593893e-06,1.030431187136185,0.0,0.0,0.0,0.0,0.0,0.0,0.0,0.0,0.0,3.8215505972664428,0.0,0.0,1.5749999999999998e-09
7586.0,1.0197211444877157,0.0,0.658436483,0.0,1.0197211444877157,0.0,0.0,0.0,0.0,0.0,0.0,0.0,0.0,0.0,3.7122638478654504,0.0,0.0,1.5749999999999998e-09
7587.0,0.9924350986322098,0.0,0.650918679,0.0,0.9924350986322098,0.0,0.0,0.0,0.0,0.0,0.0,0.0,0.0,0.0,3.6855216971948948,0.0,0.0,1.5749999999999998e-09
7588.0,0.9469056941708126,0.0,0.642531672,0.0,0.9469056941708126,0.0,0.0,0.0,0.0,0.0,0.0,0.0,0.0,0.0,3.6707762045638104,0.0,0.0,1.5749999999999998e-09
7589.0,0.8923892282721856,0.0,0.628970248,0.0,0.8923892282721856,0.0,0.0,0.0,0.0,0.0,0.0,0.0,0.0,0.0,3.627830794488384,0.0,0.0,1.5749999999999998e-09
7590.0,0.844151911667472,0.0,0.617016536,0.0,0.844151911667472,0.0,0.0,0.0,0.0,0.0,0.0,0.0,0.0,0.0,3.590160377777365,0.0,0.0,1.5749999999999998e-09
7591.0,0.8100393477249975,0.0,0.607294725,0.0,0.8100393477249975,0.0,0.0,0.0,0.0,0.0,0.0,0.0,0.0,0.0,3.5544052096936762,0.0,0.0,1.5749999999999998e-09
7592.0,0.785098526316615,0.0,0.596848476,0.0,0.785098526316615,0.0,0.0,0.0,0.0,0.0,0.0,0.0,0.0,0.0,3.5042719810294347,0.0,0.0,1.5749999999999998e-09
7593.0,0.7717703506865693,0.0,0.581053859,0.0,0.7717703506865693,0.0,0.0,0.0,0.0,0.0,0.0,0.0,0.0,0.0,3.4040889941804013,0.0,0.0,1.5749999999999998e-09
7594.0,0.7744204101851409,0.0,0.564207021,0.0,0.7744204101851409,0.0,0.0,0.0,0.0,0.0,0.0,0.0,0.0,0.0,3.280365776309157,0.0,0.0,1.5749999999999998e-09
7595.0,0.7967979495621822,5.28e-06,0.552321102,1.1481040922287322e-06,0.79679680145809,0.0,0.0,0.0,0.0,0.0,0.0,0.0,0.0,0.0,3.172568859624153,0.0,0.0,1.5749999999999998e-09
7596.0,0.8583968172843722,0.005510376,0.543027704,0.0011981979612346579,0.8571986193231376,0.0,0.0,0.0,0.0,0.0,0.0,0.0,0.0,0.0,3.0453781851277135,0.0,0.0,1.5749999999999998e-09
7597.0,0.9207210573991738,0.04297118,0.524083303,0.009343823410207851,0.9113772339889659,0.0,0.0,0.0,0.0,0.0,0.0,0.0,0.0,0.0,2.8550518576063078,0.0,0.0,1.5749999999999998e-09
7598.0,0.9468745435158921,0.129610468,0.522924613,0.02818301301259113,0.9186915305033009,0.0,0.0,0.0,0.0,0.0,0.0,0.0,0.0,0.0,2.839410404513698,0.0,0.0,1.5749999999999998e-09
7599.0,0.958858775320539,0.256739944,0.526658656,0.05582654930776052,0.9030322260127784,0.0,0.0,0.0,0.0,0.0,0.0,0.0,0.0,0.0,2.8819051531100737,0.0,0.0,1.5749999999999998e-09
7600.0,0.9655784904478338,0.378014319,0.555862268,0.08219692927366617,0.8833815611741678,0.0,0.0,0.0,0.0,0.0,0.0,0.0,0.0,0.0,3.1114333950186435,0.0,0.0,1.5749999999999998e-09
7601.0,0.9649977471672727,0.461323281,0.608810629,0.10031195961297071,0.864685787554302,0.0,0.0,0.0,0.0,0.0,0.0,0.0,0.0,0.0,3.5106531160360253,0.0,0.0,1.5749999999999998e-09
7602.0,0.9599557357393099,0.494296056,0.627656749,0.10748169027767474,0.8524740454616353,0.0,0.0,0.0,0.0,0.0,0.0,0.0,0.0,0.0,3.6583062549932204,0.0,0.0,1.5749999999999998e-09
7603.0,0.9536031579732288,0.473584322,0.624887586,0.10297804888325184,0.8506251090899769,0.0,0.0,0.0,0.0,0.0,0.0,0.0,0.0,0.0,3.640254049651593,0.0,0.0,1.5749999999999998e-09
7604.0,0.9497248589388235,0.401238944,0.595490089,0.08724698363029074,0.8624778753085327,0.0,0.0,0.0,0.0,0.0,0.0,0.0,0.0,0.0,3.4171303131749284,0.0,0.0,1.5749999999999998e-09
7605.0,0.9443713379618814,0.286756347,0.525388426,0.06235343474682999,0.8820179032150515,0.0,0.0,0.0,0.0,0.0,0.0,0.0,0.0,0.0,2.893790714892843,0.0,0.0,1.5749999999999998e-09
7606.0,0.9462448479205526,0.155836201,0.45564605,0.03388564016770441,0.9123592077528482,0.0,0.0,0.0,0.0,0.0,0.0,0.0,0.0,0.0,2.3622319276004466,0.0,0.0,1.5749999999999998e-09
7607.0,0.9672650944771324,0.054620206,0.454459089,0.01187683371723037,0.955388260759902,0.0,0.0,0.0,0.0,0.0,0.0,0.0,0.0,0.0,2.3106725428400283,0.0,0.0,1.5749999999999998e-09
7608.0,0.992045710946042,0.007204317,0.475970803,0.0015665351949645876,0.9904791757510774,0.0,0.0,0.0,0.0,0.0,0.0,0.0,0.0,0.0,2.43017984716987,0.0,0.0,1.5749999999999998e-09
7609.0,0.9952965392176182,1.35e-05,0.490086522,2.9354934176302813e-06,0.9952936037242006,0.0,0.0,0.0,0.0,0.0,0.0,0.0,0.0,0.0,2.5268108466432007,0.0,0.0,1.5749999999999998e-09
7610.0,0.983757320911524,0.0,0.495149324,0.0,0.983757320911524,0.0,0.0,0.0,0.0,0.0,0.0,0.0,0.0,0.0,2.57473196489832,0.0,0.0,1.5749999999999998e-09
7611.0,0.965102325294436,0.0,0.495018486,0.0,0.965102325294436,0.0,0.0,0.0,0.0,0.0,0.0,0.0,0.0,0.0,2.5924466671561928,0.0,0.0,1.5749999999999998e-09
7612.0,0.9312523185861623,0.0,0.493238273,0.0,0.9312523185861623,0.0,0.0,0.0,0.0,0.0,0.0,0.0,0.0,0.0,2.613502818395203,0.0,0.0,1.5749999999999998e-09
7613.0,0.8914057463105445,0.0,0.488666355,0.0,0.8914057463105445,0.0,0.0,0.0,0.0,0.0,0.0,0.0,0.0,0.0,2.6204923909133075,0.0,0.0,1.5749999999999998e-09
7614.0,0.85086050163229,0.0,0.476647523,0.0,0.85086050163229,0.0,0.0,0.0,0.0,0.0,0.0,0.0,0.0,0.0,2.5746619044193055,0.0,0.0,1.5749999999999998e-09
7615.0,0.8268497592058246,0.0,0.462558328,0.0,0.8268497592058246,0.0,0.0,0.0,0.0,0.0,0.0,0.0,0.0,0.0,2.497417839410781,0.0,0.0,1.5749999999999998e-09
7616.0,0.7982998724946186,0.0,0.446181394,0.0,0.7982998724946186,0.0,0.0,0.0,0.0,0.0,0.0,0.0,0.0,0.0,2.408271626483537,0.0,0.0,1.5749999999999998e-09
7617.0,0.7859707536537119,0.0,0.426128237,0.0,0.7859707536537119,0.0,0.0,0.0,0.0,0.0,0.0,0.0,0.0,0.0,2.276484736531988,0.0,0.0,1.5749999999999998e-09
7618.0,0.7835743520592998,0.0,0.40802036,0.0,0.7835743520592998,0.0,0.0,0.0,0.0,0.0,0.0,0.0,0.0,0.0,2.1487452716917677,0.0,0.0,1.5749999999999998e-09
7619.0,0.7918538417638513,4.78e-06,0.39653339,1.039382113797981e-06,0.7918528023817375,0.0,0.0,0.0,0.0,0.0,0.0,0.0,0.0,0.0,2.0579134224447273,0.0,0.0,1.5749999999999998e-09
7620.0,0.815027957173161,0.005344347,0.387702956,0.0011620959585208993,0.8138658612146401,0.0,0.0,0.0,0.0,0.0,0.0,0.0,0.0,0.0,1.9724386900217163,0.0,0.0,1.5749999999999998e-09
7621.0,0.8464526354646876,0.044491442,0.371394507,0.009674395194954033,0.8367782402697337,0.0,0.0,0.0,0.0,0.0,0.0,0.0,0.0,0.0,1.8323223924277454,0.0,0.0,1.5749999999999998e-09
7622.0,0.875349633044739,0.133678794,0.329984729,0.02906764591583365,0.8462819871289053,0.0,0.0,0.0,0.0,0.0,0.0,0.0,0.0,0.0,1.5252190242051318,0.0,0.0,1.5749999999999998e-09
7623.0,0.8950103619483469,0.25851851,0.274503688,0.05621328773633985,0.8387970742120071,0.0,0.0,0.0,0.0,0.0,0.0,0.0,0.0,0.0,1.133978380214925,0.0,0.0,1.5749999999999998e-09
7624.0,0.9006486914843688,0.374706342,0.270603547,0.08147762966557935,0.8191710618187894,0.0,0.0,0.0,0.0,0.0,0.0,0.0,0.0,0.0,1.12557525212678,0.0,0.0,1.5749999999999998e-09
7625.0,0.8956289313812847,0.452528776,0.30569908,0.09839964764713245,0.7972292837341524,0.0,0.0,0.0,0.0,0.0,0.0,0.0,0.0,0.0,1.3997380716366616,0.0,0.0,1.5749999999999998e-09
7626.0,0.8851399460116937,0.480058984,0.331353023,0.10438592500787264,0.780754021003821,0.0,0.0,0.0,0.0,0.0,0.0,0.0,0.0,0.0,1.6005805078224828,0.0,0.0,1.5749999999999998e-09
7627.0,0.8720253773009201,0.455719472,0.344430474,0.09909344521051462,0.7729319320904056,0.0,0.0,0.0,0.0,0.0,0.0,0.0,0.0,0.0,1.7023863043036844,0.0,0.0,1.5749999999999998e-09
7628.0,0.8608443950261484,0.381944353,0.34128024,0.08305149141722641,0.777792903608922,0.0,0.0,0.0,0.0,0.0,0.0,0.0,0.0,0.0,1.6748855483939975,0.0,0.0,1.5749999999999998e-09
7629.0,0.8552705926324028,0.269025377,0.31725734,0.0584979424710374,0.7967726501613654,0.0,0.0,0.0,0.0,0.0,0.0,0.0,0.0,0.0,1.4832604439250778,0.0,0.0,1.5749999999999998e-09
7630.0,0.860842170193638,0.143684596,0.318720302,0.03124334709428639,0.8295988230993515,0.0,0.0,0.0,0.0,0.0,0.0,0.0,0.0,0.0,1.460948138925942,0.0,0.0,1.5749999999999998e-09
7631.0,0.8922846491450975,0.05005228,0.360868986,0.010883565813139835,0.8814010833319577,0.0,0.0,0.0,0.0,0.0,0.0,0.0,0.0,0.0,1.7120557952682895,0.0,0.0,1.5749999999999998e-09
7632.0,0.9259900257413961,0.006651388,0.414127285,0.0014463041253411143,0.924543721616055,0.0,0.0,0.0,0.0,0.0,0.0,0.0,0.0,0.0,2.051664535580353,0.0,0.0,1.5749999999999998e-09
7633.0,0.9381811899677838,9.94e-06,0.440361874,2.1613929312033333e-06,0.9381790285748527,0.0,0.0,0.0,0.0,0.0,0.0,0.0,0.0,0.0,2.2265693302619343,0.0,0.0,1.5749999999999998e-09
7634.0,0.9343295919232781,0.0,0.450023149,0.0,0.934329591923278,0.0,0.0,0.0,0.0,0.0,0.0,0.0,0.0,0.0,2.2998514449126053,0.0,0.0,1.5749999999999998e-09
7635.0,0.9217423655131913,0.0,0.459169396,0.0,0.9217423655131913,0.0,0.0,0.0,0.0,0.0,0.0,0.0,0.0,0.0,2.3781699979696627,0.0,0.0,1.5749999999999998e-09
7636.0,0.8954086489645565,0.0,0.461193899,0.0,0.8954086489645565,0.0,0.0,0.0,0.0,0.0,0.0,0.0,0.0,0.0,2.419053208752465,0.0,0.0,1.5749999999999998e-09
7637.0,0.8633609505751465,0.0,0.451591191,0.0,0.8633609505751465,0.0,0.0,0.0,0.0,0.0,0.0,0.0,0.0,0.0,2.3820891325589804,0.0,0.0,1.5749999999999998e-09
7638.0,0.8296577988113585,0.0,0.439857438,0.0,0.8296577988113585,0.0,0.0,0.0,0.0,0.0,0.0,0.0,0.0,0.0,2.3314653301919797,0.0,0.0,1.5749999999999998e-09
7639.0,0.8012525422121276,0.0,0.429838305,0.0,0.8012525422121276,0.0,0.0,0.0,0.0,0.0,0.0,0.0,0.0,0.0,2.287866090964404,0.0,0.0,1.5749999999999998e-09
7640.0,0.7816363149583524,0.0,0.419337583,0.0,0.7816363149583524,0.0,0.0,0.0,0.0,0.0,0.0,0.0,0.0,0.0,2.2320167870761685,0.0,0.0,1.5749999999999998e-09
7641.0,0.7717169487067702,0.0,0.402371583,0.0,0.7717169487067702,0.0,0.0,0.0,0.0,0.0,0.0,0.0,0.0,0.0,2.1200066134965505,0.0,0.0,1.5749999999999998e-09
7642.0,0.7702484012617646,0.0,0.384982067,0.0,0.7702484012617646,0.0,0.0,0.0,0.0,0.0,0.0,0.0,0.0,0.0,1.9965019389819136,0.0,0.0,1.5749999999999998e-09
7643.0,0.7761470651993265,3.86e-06,0.374725188,8.39333673485399e-07,0.7761462258656531,0.0,0.0,0.0,0.0,0.0,0.0,0.0,0.0,0.0,1.9168910095463445,0.0,0.0,1.5749999999999998e-09
7644.0,0.7933557646962878,0.005183338,0.367788867,0.0011270855244705858,0.7922286791718172,0.0,0.0,0.0,0.0,0.0,0.0,0.0,0.0,0.0,1.850959303166298,0.0,0.0,1.5749999999999998e-09
7645.0,0.8165054039482085,0.038636934,0.350647687,0.008401367809956711,0.8081040361382519,0.0,0.0,0.0,0.0,0.0,0.0,0.0,0.0,0.0,1.711895440390375,0.0,0.0,1.5749999999999998e-09
7646.0,0.8391121260719445,0.110991802,0.315169484,0.024134496606068406,0.8149776294658763,0.0,0.0,0.0,0.0,0.0,0.0,0.0,0.0,0.0,1.4500506714274861,0.0,0.0,1.5749999999999998e-09
7647.0,0.856363102386228,0.218760345,0.303167386,0.047568115021187365,0.8087949873650406,0.0,0.0,0.0,0.0,0.0,0.0,0.0,0.0,0.0,1.3699778445816655,0.0,0.0,1.5749999999999998e-09
7648.0,0.859360272753645,0.323352485,0.329003145,0.07031104379939958,0.7890492289542455,0.0,0.0,0.0,0.0,0.0,0.0,0.0,0.0,0.0,1.5753974333626002,0.0,0.0,1.5749999999999998e-09
7649.0,0.858401266949393,0.395296833,0.424335495,0.08595490750234049,0.7724463594470525,0.0,0.0,0.0,0.0,0.0,0.0,0.0,0.0,0.0,2.277125233114218,0.0,0.0,1.5749999999999998e-09
7650.0,0.8585125205740124,0.420399605,0.509515955,0.09141335357421261,0.7670991669997999,0.0,0.0,0.0,0.0,0.0,0.0,0.0,0.0,0.0,2.894638775343974,0.0,0.0,1.5749999999999998e-09
7651.0,0.857867250151175,0.39381732,0.554706118,0.08563319634139245,0.7722340538097826,0.0,0.0,0.0,0.0,0.0,0.0,0.0,0.0,0.0,3.2142720000209017,0.0,0.0,1.5749999999999998e-09
7652.0,0.8547855271490383,0.321987119,0.568611542,0.07001415321379541,0.7847713739352429,0.0,0.0,0.0,0.0,0.0,0.0,0.0,0.0,0.0,3.301668780418707,0.0,0.0,1.5749999999999998e-09
7653.0,0.8519418862236382,0.219818499,0.557611757,0.047798204213916194,0.8041436820097221,0.0,0.0,0.0,0.0,0.0,0.0,0.0,0.0,0.0,3.2032443255039507,0.0,0.0,1.5749999999999998e-09
7654.0,0.8606597139292863,0.112137719,0.548226815,0.024383669332783266,0.836276044596503,0.0,0.0,0.0,0.0,0.0,0.0,0.0,0.0,0.0,3.103665207087717,0.0,0.0,1.5749999999999998e-09
7655.0,0.8993737254661919,0.036380452,0.578446146,0.007910709435289955,0.891463016030902,0.0,0.0,0.0,0.0,0.0,0.0,0.0,0.0,0.0,3.265655479720082,0.0,0.0,1.5749999999999998e-09
7656.0,0.9408557256237443,0.004032997,0.614412296,0.0008769508256905683,0.9399787747980537,0.0,0.0,0.0,0.0,0.0,0.0,0.0,0.0,0.0,3.475617624937365,0.0,0.0,1.5749999999999998e-09
7657.0,0.9527910071134623,5.68e-06,0.632919691,1.235081674973333e-06,0.9527897720317874,0.0,0.0,0.0,0.0,0.0,0.0,0.0,0.0,0.0,3.5958137098576017,0.0,0.0,1.5749999999999998e-09
7658.0,0.9509063719923141,0.0,0.642726245,0.0,0.9509063719923141,0.0,0.0,0.0,0.0,0.0,0.0,0.0,0.0,0.0,3.668173864379558,0.0,0.0,1.5749999999999998e-09
7659.0,0.930934133539727,0.0,0.656206039,0.0,0.930934133539727,0.0,0.0,0.0,0.0,0.0,0.0,0.0,0.0,0.0,3.7850213285447096,0.0,0.0,1.5749999999999998e-09
7660.0,0.8938889253721869,0.0,0.672568374,0.0,0.8938889253721869,0.0,0.0,0.0,0.0,0.0,0.0,0.0,0.0,0.0,3.9396577177280423,0.0,0.0,1.5749999999999998e-09
7661.0,0.8532346519018235,0.0,0.677755375,0.0,0.8532346519018235,0.0,0.0,0.0,0.0,0.0,0.0,0.0,0.0,0.0,4.017589407503603,0.0,0.0,1.5749999999999998e-09
7662.0,0.8176068140320002,0.0,0.679322616,0.0,0.8176068140320002,0.0,0.0,0.0,0.0,0.0,0.0,0.0,0.0,0.0,4.064480535125553,0.0,0.0,1.5749999999999998e-09
7663.0,0.7882781529483835,0.0,0.675024565,0.0,0.7882781529483835,0.0,0.0,0.0,0.0,0.0,0.0,0.0,0.0,0.0,4.062920396220897,0.0,0.0,1.5749999999999998e-09
7664.0,0.7705020601658485,0.0,0.665516238,0.0,0.7705020601658485,0.0,0.0,0.0,0.0,0.0,0.0,0.0,0.0,0.0,4.012363002284432,0.0,0.0,1.5749999999999998e-09
7665.0,0.7636710914139344,0.0,0.659700656,0.0,0.7636710914139344,0.0,0.0,0.0,0.0,0.0,0.0,0.0,0.0,0.0,3.977399132116706,0.0,0.0,1.5749999999999998e-09
7666.0,0.770148273799547,0.0,0.652656652,0.0,0.770148273799547,0.0,0.0,0.0,0.0,0.0,0.0,0.0,0.0,0.0,3.9202988113196153,0.0,0.0,1.5749999999999998e-09
7667.0,0.7999909261889382,2.64e-06,0.646352625,5.740520461143661e-07,0.7999903521368921,0.0,0.0,0.0,0.0,0.0,0.0,0.0,0.0,0.0,3.845151586737224,0.0,0.0,1.5749999999999998e-09
7668.0,0.8683362090283979,0.004339969,0.640856551,0.0009437000320162574,0.8673925089963818,0.0,0.0,0.0,0.0,0.0,0.0,0.0,0.0,0.0,3.7382507988687617,0.0,0.0,1.5749999999999998e-09
7669.0,0.9337510734752275,0.033421012,0.628674953,0.007267197091595751,0.9264838763836317,0.0,0.0,0.0,0.0,0.0,0.0,0.0,0.0,0.0,3.591613950015717,0.0,0.0,1.5749999999999998e-09
7670.0,0.9611528236202984,0.093198459,0.600537196,0.02026544169835449,0.940887381921944,0.0,0.0,0.0,0.0,0.0,0.0,0.0,0.0,0.0,3.374992846758902,0.0,0.0,1.5749999999999998e-09
7671.0,0.9780455639032595,0.179963881,0.626674275,0.03913205837679253,0.938913505526467,0.0,0.0,0.0,0.0,0.0,0.0,0.0,0.0,0.0,3.564806049748846,0.0,0.0,1.5749999999999998e-09
7672.0,0.9834591613575322,0.271222437,0.792686101,0.05897567989089953,0.9244834814666327,0.0,0.0,0.0,0.0,0.0,0.0,0.0,0.0,0.0,4.772313142694525,0.0,0.0,1.5749999999999998e-09
7673.0,0.9840599311304615,0.338585289,0.951918271,0.0736233249752553,0.9104366061552063,0.0,0.0,0.0,0.0,0.0,0.0,0.0,0.0,0.0,5.930713738059202,0.0,0.0,1.5749999999999998e-09
7674.0,0.9812140643726263,0.36612267,1.034664548,0.07961116206149804,0.9016029023111282,0.0,0.0,0.0,0.0,0.0,0.0,0.0,0.0,0.0,6.534220050494287,0.0,0.0,1.5749999999999998e-09
7675.0,0.9789244667378125,0.34792383,1.076198694,0.07565393428160866,0.9032705324562038,0.0,0.0,0.0,0.0,0.0,0.0,0.0,0.0,0.0,6.831045837127583,0.0,0.0,1.5749999999999998e-09
7676.0,0.9769441538194676,0.289992402,1.08538593,0.06305709535065143,0.9138870584688161,0.0,0.0,0.0,0.0,0.0,0.0,0.0,0.0,0.0,6.886455213378358,0.0,0.0,1.5749999999999998e-09
7677.0,0.9739558827820926,0.203624499,1.061591965,0.04427691677650102,0.9296789660055915,0.0,0.0,0.0,0.0,0.0,0.0,0.0,0.0,0.0,6.699663234922706,0.0,0.0,1.5749999999999998e-09
7678.0,0.9796476142979136,0.112423136,1.01834413,0.02444573153461881,0.9552018827632948,0.0,0.0,0.0,0.0,0.0,0.0,0.0,0.0,0.0,6.363331133899668,0.0,0.0,1.5749999999999998e-09
7679.0,1.0103713963542178,0.041852012,0.981407375,0.009100467091895078,1.0012709292623228,0.0,0.0,0.0,0.0,0.0,0.0,0.0,0.0,0.0,6.051808737170308,0.0,0.0,1.5749999999999998e-09
7680.0,1.0404499069877597,0.005680324,0.933403049,0.0012351521268153562,1.0392147548609445,0.0,0.0,0.0,0.0,0.0,0.0,0.0,0.0,0.0,5.6688722569043,0.0,0.0,1.5749999999999998e-09
7681.0,1.0482665815339007,5.1e-06,0.925463767,1.1089641799936618e-06,1.0482654725697207,0.0,0.0,0.0,0.0,0.0,0.0,0.0,0.0,0.0,5.602764307034134,0.0,0.0,1.5749999999999998e-09
7682.0,1.036653935755564,0.0,0.92797171,0.0,1.036653935755564,0.0,0.0,0.0,0.0,0.0,0.0,0.0,0.0,0.0,5.6323996759780135,0.0,0.0,1.5749999999999998e-09
7683.0,1.0107340830504858,0.0,0.956313037,0.0,1.0107340830504858,0.0,0.0,0.0,0.0,0.0,0.0,0.0,0.0,0.0,5.862000122772185,0.0,0.0,1.5749999999999998e-09
7684.0,0.9645705333287282,0.0,0.990243403,0.0,0.9645705333287282,0.0,0.0,0.0,0.0,0.0,0.0,0.0,0.0,0.0,6.152011009089734,0.0,0.0,1.5749999999999998e-09
7685.0,0.9107994653151562,0.0,1.003480365,0.0,0.9107994653151562,0.0,0.0,0.0,0.0,0.0,0.0,0.0,0.0,0.0,6.300912142258504,0.0,0.0,1.5749999999999998e-09
7686.0,0.8596183813227498,0.0,0.994164919,0.0,0.8596183813227497,0.0,0.0,0.0,0.0,0.0,0.0,0.0,0.0,0.0,6.285145917273992,0.0,0.0,1.5749999999999998e-09
7687.0,0.8244177562915461,0.0,0.978022357,0.0,0.8244177562915461,0.0,0.0,0.0,0.0,0.0,0.0,0.0,0.0,0.0,6.2043348037482815,0.0,0.0,1.5749999999999998e-09
7688.0,0.7980017129406267,0.0,0.976238695,0.0,0.7980017129406267,0.0,0.0,0.0,0.0,0.0,0.0,0.0,0.0,0.0,6.2179322047041525,0.0,0.0,1.5749999999999998e-09
7689.0,0.7839014374357017,0.0,0.970121121,0.0,0.7839014374357017,0.0,0.0,0.0,0.0,0.0,0.0,0.0,0.0,0.0,6.188067315603199,0.0,0.0,1.5749999999999998e-09
7690.0,0.783954839415501,0.0,0.972912518,0.0,0.7839548394155009,0.0,0.0,0.0,0.0,0.0,0.0,0.0,0.0,0.0,6.208074844408276,0.0,0.0,1.5749999999999998e-09
7691.0,0.8057916864968682,1.94e-06,0.972349862,4.218412763113145e-07,0.8057912646555918,0.0,0.0,0.0,0.0,0.0,0.0,0.0,0.0,0.0,6.182194779703179,0.0,0.0,1.5749999999999998e-09
7692.0,0.8695666733967421,0.004366885,0.975693874,0.0009495527535591415,0.868617120643183,0.0,0.0,0.0,0.0,0.0,0.0,0.0,0.0,0.0,6.1434013323180885,0.0,0.0,1.5749999999999998e-09
7693.0,0.9287335382046538,0.028184331,0.968763417,0.006128512454134302,0.9226050257505195,0.0,0.0,0.0,0.0,0.0,0.0,0.0,0.0,0.0,6.039606316941396,0.0,0.0,1.5749999999999998e-09
7694.0,0.9576527871095839,0.082002695,0.959496645,0.017830990474106932,0.9398217966354769,0.0,0.0,0.0,0.0,0.0,0.0,0.0,0.0,0.0,5.955792042479835,0.0,0.0,1.5749999999999998e-09
7695.0,0.9697460487062645,0.174311956,1.048319139,0.037903081440908086,0.9318429672653563,0.0,0.0,0.0,0.0,0.0,0.0,0.0,0.0,0.0,6.602111424725089,0.0,0.0,1.5749999999999998e-09
7696.0,0.9820996427046355,0.270826782,1.16844568,0.05888964710214749,0.9232099956024881,0.0,0.0,0.0,0.0,0.0,0.0,0.0,0.0,0.0,7.474057721016261,0.0,0.0,1.5749999999999998e-09
7697.0,0.9910266286644596,0.33576431,1.227716303,0.0730099201392721,0.9180167085251875,0.0,0.0,0.0,0.0,0.0,0.0,0.0,0.0,0.0,7.90521115119733,0.0,0.0,1.5749999999999998e-09
7698.0,0.9839331016784196,0.362141986,1.266363364,0.07874558638152278,0.9051875152968969,0.0,0.0,0.0,0.0,0.0,0.0,0.0,0.0,0.0,8.19578514953928,0.0,0.0,1.5749999999999998e-09
7699.0,0.978893316082892,0.348303441,1.303927258,0.07573647839951682,0.9031568376833751,0.0,0.0,0.0,0.0,0.0,0.0,0.0,0.0,0.0,8.467776236777226,0.0,0.0,1.5749999999999998e-09
7700.0,0.975573510004094,0.296456567,1.333800209,0.06446268896605707,0.9111108210380369,0.0,0.0,0.0,0.0,0.0,0.0,0.0,0.0,0.0,8.674510168595852,0.0,0.0,1.5749999999999998e-09
7701.0,0.9720000460211368,0.216266895,1.321586457,0.04702592938695105,0.9249741166341857,0.0,0.0,0.0,0.0,0.0,0.0,0.0,0.0,0.0,8.572870310405548,0.0,0.0,1.5749999999999998e-09
7702.0,0.9786997346560633,0.125412737,1.262195871,0.027270241774110936,0.9514294928819524,0.0,0.0,0.0,0.0,0.0,0.0,0.0,0.0,0.0,8.11959265304937,0.0,0.0,1.5749999999999998e-09
7703.0,1.0069247608233778,0.044087419,1.198074535,0.00958654283517098,0.9973382179882068,0.0,0.0,0.0,0.0,0.0,0.0,0.0,0.0,0.0,7.612863169258583,0.0,0.0,1.5749999999999998e-09
7704.0,1.0303569848017924,0.004861169,1.170231342,0.0010570318223324725,1.0292999529794598,0.0,0.0,0.0,0.0,0.0,0.0,0.0,0.0,0.0,7.380800779432879,0.0,0.0,1.5749999999999998e-09
7705.0,1.0367674142126937,3.52e-06,1.154564816,7.654027281524882e-07,1.0367666488099656,0.0,0.0,0.0,0.0,0.0,0.0,0.0,0.0,0.0,7.2607434726196125,0.0,0.0,1.5749999999999998e-09
7706.0,1.0225158340982623,0.0,1.139932788,0.0,1.0225158340982623,0.0,0.0,0.0,0.0,0.0,0.0,0.0,0.0,0.0,7.1698383023709695,0.0,0.0,1.5749999999999998e-09
7707.0,0.9957348782186395,0.0,1.10879434,0.0,0.9957348782186395,0.0,0.0,0.0,0.0,0.0,0.0,0.0,0.0,0.0,6.972836596709996,0.0,0.0,1.5749999999999998e-09
7708.0,0.9488014544544378,0.0,1.074290634,0.0,0.9488014544544378,0.0,0.0,0.0,0.0,0.0,0.0,0.0,0.0,0.0,6.771802261718392,0.0,0.0,1.5749999999999998e-09
7709.0,0.8934305608787221,0.0,1.046633416,0.0,0.8934305608787221,0.0,0.0,0.0,0.0,0.0,0.0,0.0,0.0,0.0,6.628409046856574,0.0,0.0,1.5749999999999998e-09
7710.0,0.8297156514561034,0.0,1.019989247,0.0,0.8297156514561034,0.0,0.0,0.0,0.0,0.0,0.0,0.0,0.0,0.0,6.500640326351412,0.0,0.0,1.5749999999999998e-09
7711.0,0.8101350255221942,0.0,0.999818276,0.0,0.8101350255221942,0.0,0.0,0.0,0.0,0.0,0.0,0.0,0.0,0.0,6.375258249704955,0.0,0.0,1.5749999999999998e-09
7712.0,0.7854745630078706,0.0,0.982485241,0.0,0.7854745630078706,0.0,0.0,0.0,0.0,0.0,0.0,0.0,0.0,0.0,6.27535140222116,0.0,0.0,1.5749999999999998e-09
7713.0,0.7744293105151073,0.0,0.977166165,0.0,0.7744293105151073,0.0,0.0,0.0,0.0,0.0,0.0,0.0,0.0,0.0,6.248170055102514,0.0,0.0,1.5749999999999998e-09
7714.0,0.7748253726988065,0.0,0.983641746,0.0,0.7748253726988065,0.0,0.0,0.0,0.0,0.0,0.0,0.0,0.0,0.0,6.2943120461705915,0.0,0.0,1.5749999999999998e-09
7715.0,0.7935137448032502,1.37e-06,0.990330553,2.9789822090025816e-07,0.7935134469050293,0.0,0.0,0.0,0.0,0.0,0.0,0.0,0.0,0.0,6.323694416354898,0.0,0.0,1.5749999999999998e-09
7716.0,0.8543516378130379,0.003523133,0.984913912,0.0007660839800693352,0.8535855538329686,0.0,0.0,0.0,0.0,0.0,0.0,0.0,0.0,0.0,6.224694539501177,0.0,0.0,1.5749999999999998e-09
7717.0,0.9183513567946611,0.025104982,0.992716189,0.005458926623016792,0.9128924301716441,0.0,0.0,0.0,0.0,0.0,0.0,0.0,0.0,0.0,6.221460281590272,0.0,0.0,1.5749999999999998e-09
7718.0,0.948527771057835,0.085916234,0.992076514,0.018681965879598736,0.9298458051782363,0.0,0.0,0.0,0.0,0.0,0.0,0.0,0.0,0.0,6.199909754727526,0.0,0.0,1.5749999999999998e-09
7719.0,0.9658877751643027,0.184037773,1.024837653,0.04001790157309895,0.9258698735912038,0.0,0.0,0.0,0.0,0.0,0.0,0.0,0.0,0.0,6.439330140081856,0.0,0.0,1.5749999999999998e-09
7720.0,0.9777006778669244,0.286971616,1.129877412,0.06240024368997961,0.9153004341769448,0.0,0.0,0.0,0.0,0.0,0.0,0.0,0.0,0.0,7.204788738923803,0.0,0.0,1.5749999999999998e-09
7721.0,0.9828761932444604,0.365321614,1.260224447,0.0794369772751904,0.90343921596927,0.0,0.0,0.0,0.0,0.0,0.0,0.0,0.0,0.0,8.153414898538488,0.0,0.0,1.5749999999999998e-09
7722.0,0.9814009703019988,0.403430253,1.330996347,0.08772347052995697,0.8936774997720417,0.0,0.0,0.0,0.0,0.0,0.0,0.0,0.0,0.0,8.671792976870558,0.0,0.0,1.5749999999999998e-09
7723.0,0.980426389670249,0.393991069,1.345273256,0.08567097701145318,0.8947554126587959,0.0,0.0,0.0,0.0,0.0,0.0,0.0,0.0,0.0,8.773318915485744,0.0,0.0,1.5749999999999998e-09
7724.0,0.9793961822261895,0.3391321,1.303751784,0.07374222572275069,0.9056539565034388,0.0,0.0,0.0,0.0,0.0,0.0,0.0,0.0,0.0,8.464018039089288,0.0,0.0,1.5749999999999998e-09
7725.0,0.9763589598739608,0.248710508,1.237763413,0.05408059697255433,0.9222783629014065,0.0,0.0,0.0,0.0,0.0,0.0,0.0,0.0,0.0,7.973155054933422,0.0,0.0,1.5749999999999998e-09
7726.0,0.9869636485331922,0.142390804,1.144813878,0.030962019842450634,0.9560016286907415,0.0,0.0,0.0,0.0,0.0,0.0,0.0,0.0,0.0,7.271431433723007,0.0,0.0,1.5749999999999998e-09
7727.0,1.0087693449596389,0.049255585,1.064089868,0.010710329299928061,0.9980590156597108,0.0,0.0,0.0,0.0,0.0,0.0,0.0,0.0,0.0,6.649234862937629,0.0,0.0,1.5749999999999998e-09
7728.0,1.028721556919858,0.005574344,1.010544331,0.0012121074162671742,1.0275094495035908,0.0,0.0,0.0,0.0,0.0,0.0,0.0,0.0,0.0,6.234968757372394,0.0,0.0,1.5749999999999998e-09
7729.0,1.0353122177626002,3e-06,0.962745321,6.52331870584507e-07,1.0353115654307297,0.0,0.0,0.0,0.0,0.0,0.0,0.0,0.0,0.0,5.883649531125385,0.0,0.0,1.5749999999999998e-09
7730.0,1.0245117228440297,0.0,0.924722643,0.0,1.0245117228440297,0.0,0.0,0.0,0.0,0.0,0.0,0.0,0.0,0.0,5.62119182144933,0.0,0.0,1.5749999999999998e-09
7731.0,0.9972434766485321,0.0,0.89912507,0.0,0.9972434766485321,0.0,0.0,0.0,0.0,0.0,0.0,0.0,0.0,0.0,5.464498008427242,0.0,0.0,1.5749999999999998e-09
7732.0,0.9500764204726146,0.0,0.878121866,0.0,0.9500764204726146,0.0,0.0,0.0,0.0,0.0,0.0,0.0,0.0,0.0,5.360721353728421,0.0,0.0,1.5749999999999998e-09
7733.0,0.8975224668323994,0.0,0.861444118,0.0,0.8975224668323994,0.0,0.0,0.0,0.0,0.0,0.0,0.0,0.0,0.0,5.293417347975691,0.0,0.0,1.5749999999999998e-09
7734.0,0.8457962398793731,0.0,0.841985628,0.0,0.8457962398793731,0.0,0.0,0.0,0.0,0.0,0.0,0.0,0.0,0.0,5.205301259031628,0.0,0.0,1.5749999999999998e-09
7735.0,0.8091337439005448,0.0,0.816165327,0.0,0.8091337439005448,0.0,0.0,0.0,0.0,0.0,0.0,0.0,0.0,0.0,5.056401016637646,0.0,0.0,1.5749999999999998e-09
7736.0,0.7846713124780706,0.0,0.791930282,0.0,0.7846713124780706,0.0,0.0,0.0,0.0,0.0,0.0,0.0,0.0,0.0,4.906693467826806,0.0,0.0,1.5749999999999998e-09
7737.0,0.7714410394777322,0.0,0.765502935,0.0,0.7714410394777321,0.0,0.0,0.0,0.0,0.0,0.0,0.0,0.0,0.0,4.729998345408692,0.0,0.0,1.5749999999999998e-09
7738.0,0.771825977498879,0.0,0.740433793,0.0,0.771825977498879,0.0,0.0,0.0,0.0,0.0,0.0,0.0,0.0,0.0,4.549449022852416,0.0,0.0,1.5749999999999998e-09
7739.0,0.7979260606358735,6.04e-07,0.723157315,1.313361499443474e-07,0.7979259292997235,0.0,0.0,0.0,0.0,0.0,0.0,0.0,0.0,0.0,4.399188219204121,0.0,0.0,1.5749999999999998e-09
7740.0,0.8596495319776704,0.001946172,0.710509315,0.00042318334041306367,0.8592263486372573,0.0,0.0,0.0,0.0,0.0,0.0,0.0,0.0,0.0,4.246990427487416,0.0,0.0,1.5749999999999998e-09
7741.0,0.9257697443245926,0.027353292,0.691159438,0.005947808045668077,0.9198219362789244,0.0,0.0,0.0,0.0,0.0,0.0,0.0,0.0,0.0,4.047333092916578,0.0,0.0,1.5749999999999998e-09
7742.0,0.95613751418216,0.107735867,0.671342309,0.023426513216384552,0.9327110009657755,0.0,0.0,0.0,0.0,0.0,0.0,0.0,0.0,0.0,3.8920242816927977,0.0,0.0,1.5749999999999998e-09
7743.0,0.9724561846821664,0.228250181,0.73071024,0.049631622510994094,0.9228245621711723,0.0,0.0,0.0,0.0,0.0,0.0,0.0,0.0,0.0,4.3285701869238284,0.0,0.0,1.5749999999999998e-09
7744.0,0.9850078107723118,0.34307491,0.786112303,0.07459956593030379,0.9104082448420079,0.0,0.0,0.0,0.0,0.0,0.0,0.0,0.0,0.0,4.739144470025076,0.0,0.0,1.5749999999999998e-09
7745.0,0.9891775938632528,0.422526695,0.823516306,0.09187587644041315,0.8973017174228396,0.0,0.0,0.0,0.0,0.0,0.0,0.0,0.0,0.0,5.0210623185355345,0.0,0.0,1.5749999999999998e-09
7746.0,0.9878114007128248,0.456385564,0.84266773,0.09923828289062842,0.8885731178221964,0.0,0.0,0.0,0.0,0.0,0.0,0.0,0.0,0.0,5.167426443034928,0.0,0.0,1.5749999999999998e-09
7747.0,0.9843781161768971,0.43864486,0.852014457,0.09538067401535973,0.8889974421615373,0.0,0.0,0.0,0.0,0.0,0.0,0.0,0.0,0.0,5.234174234812401,0.0,0.0,1.5749999999999998e-09
7748.0,0.9818393093030202,0.37186262,0.84590558,0.08085927950168523,0.9009800298013351,0.0,0.0,0.0,0.0,0.0,0.0,0.0,0.0,0.0,5.178288985290286,0.0,0.0,1.5749999999999998e-09
7749.0,0.977382492820489,0.264898325,0.801788707,0.057600539953984224,0.9197819528665047,0.0,0.0,0.0,0.0,0.0,0.0,0.0,0.0,0.0,4.842432363198739,0.0,0.0,1.5749999999999998e-09
7750.0,0.9826959618126193,0.141056465,0.708136587,0.03067187589049601,0.9520240859221233,0.0,0.0,0.0,0.0,0.0,0.0,0.0,0.0,0.0,4.137140607614751,0.0,0.0,1.5749999999999998e-09
7751.0,1.0040521940755676,0.045233796,0.646653274,0.009835815586105995,0.9942163784894615,0.0,0.0,0.0,0.0,0.0,0.0,0.0,0.0,0.0,3.65308623433377,0.0,0.0,1.5749999999999998e-09
7752.0,1.0298986193084028,0.004869188,0.626106961,0.0010587755054225448,1.0288398438029802,0.0,0.0,0.0,0.0,0.0,0.0,0.0,0.0,0.0,3.470802596362123,0.0,0.0,1.5749999999999998e-09
7753.0,1.0388033539433483,1.85e-06,0.603050924,4.022713201937793e-07,1.0388029516720283,0.0,0.0,0.0,0.0,0.0,0.0,0.0,0.0,0.0,3.295142684193823,0.0,0.0,1.5749999999999998e-09
7754.0,1.0279806086998236,0.0,0.573586436,0.0,1.0279806086998236,0.0,0.0,0.0,0.0,0.0,0.0,0.0,0.0,0.0,3.094212612737057,0.0,0.0,1.5749999999999998e-09
7755.0,1.004334777802137,0.0,0.548858339,0.0,1.004334777802137,0.0,0.0,0.0,0.0,0.0,0.0,0.0,0.0,0.0,2.9401450469524804,0.0,0.0,1.5749999999999998e-09
7756.0,0.9609369918685158,0.0,0.52746911,0.0,0.9609369918685158,0.0,0.0,0.0,0.0,0.0,0.0,0.0,0.0,0.0,2.829824876425288,0.0,0.0,1.5749999999999998e-09
7757.0,0.9100184661102352,0.0,0.510179806,0.0,0.9100184661102352,0.0,0.0,0.0,0.0,0.0,0.0,0.0,0.0,0.0,2.756490373731268,0.0,0.0,1.5749999999999998e-09
7758.0,0.8602058001007671,0.0,0.497139346,0.0,0.8602058001007671,0.0,0.0,0.0,0.0,0.0,0.0,0.0,0.0,0.0,2.7125851753656818,0.0,0.0,1.5749999999999998e-09
7759.0,0.8254368395730534,0.0,0.486589467,0.0,0.8254368395730534,0.0,0.0,0.0,0.0,0.0,0.0,0.0,0.0,0.0,2.6715353281753216,0.0,0.0,1.5749999999999998e-09
7760.0,0.8014995246188308,0.0,0.475209165,0.0,0.8014995246188308,0.0,0.0,0.0,0.0,0.0,0.0,0.0,0.0,0.0,2.6136858350427774,0.0,0.0,1.5749999999999998e-09
7761.0,0.7895976196164685,0.0,0.468330025,0.0,0.7895976196164685,0.0,0.0,0.0,0.0,0.0,0.0,0.0,0.0,0.0,2.5761494296222707,0.0,0.0,1.5749999999999998e-09
7762.0,0.7934647934883966,0.0,0.458093185,0.0,0.7934647934883966,0.0,0.0,0.0,0.0,0.0,0.0,0.0,0.0,0.0,2.4987131651853525,0.0,0.0,1.5749999999999998e-09
7763.0,0.8209466456032417,6.86e-08,0.446449375,1.491665544069906e-08,0.8209466306865864,0.0,0.0,0.0,0.0,0.0,0.0,0.0,0.0,0.0,2.387550767148902,0.0,0.0,1.5749999999999998e-09
7764.0,0.8829059751891895,0.003717117,0.430576908,0.0008082646285971569,0.8820977105605923,0.0,0.0,0.0,0.0,0.0,0.0,0.0,0.0,0.0,2.2123290402575724,0.0,0.0,1.5749999999999998e-09
7765.0,0.9467833153837163,0.039177427,0.395494177,0.008518894746532656,0.9382644206371836,0.0,0.0,0.0,0.0,0.0,0.0,0.0,0.0,0.0,1.9040332928798036,0.0,0.0,1.5749999999999998e-09
7766.0,0.9738424043249627,0.119917493,0.380668971,0.026075334174831506,0.9477670701501312,0.0,0.0,0.0,0.0,0.0,0.0,0.0,0.0,0.0,1.7879863462147432,0.0,0.0,1.5749999999999998e-09
7767.0,0.9815545007439405,0.234176083,0.383635999,0.050920174089847586,0.9306343266540928,0.0,0.0,0.0,0.0,0.0,0.0,0.0,0.0,0.0,1.8264422276753158,0.0,0.0,1.5749999999999998e-09
7768.0,0.9860647202061956,0.345897517,0.420179499,0.07521332476504877,0.910851395441147,0.0,0.0,0.0,0.0,0.0,0.0,0.0,0.0,0.0,2.108852303696788,0.0,0.0,1.5749999999999998e-09
7769.0,0.98241337808605,0.42439298,0.470570587,0.09228168883544441,0.8901316892506056,0.0,0.0,0.0,0.0,0.0,0.0,0.0,0.0,0.0,2.4917176052800865,0.0,0.0,1.5749999999999998e-09
7770.0,0.9755512586792153,0.454150959,0.495418941,0.09875238153740591,0.8767988771418095,0.0,0.0,0.0,0.0,0.0,0.0,0.0,0.0,0.0,2.683628064965374,0.0,0.0,1.5749999999999998e-09
7771.0,0.9711834444964247,0.431494862,0.510734907,0.0938259501586879,0.8773574943377368,0.0,0.0,0.0,0.0,0.0,0.0,0.0,0.0,0.0,2.793140689455779,0.0,0.0,1.5749999999999998e-09
7772.0,0.9685155843379202,0.361819512,0.524949425,0.07867546635897783,0.8898401179789424,0.0,0.0,0.0,0.0,0.0,0.0,0.0,0.0,0.0,2.8828135319622983,0.0,0.0,1.5749999999999998e-09
7773.0,0.9649220948625193,0.255627958,0.523418835,0.05558475467194592,0.9093373401905733,0.0,0.0,0.0,0.0,0.0,0.0,0.0,0.0,0.0,2.8523164197135205,0.0,0.0,1.5749999999999998e-09
7774.0,0.9678614135851162,0.138720127,0.507802325,0.03016385331121012,0.9376975602739062,0.0,0.0,0.0,0.0,0.0,0.0,0.0,0.0,0.0,2.7117250385981624,0.0,0.0,1.5749999999999998e-09
7775.0,0.9935298332185455,0.047806198,0.484797768,0.010395168855624439,0.9831346643629212,0.0,0.0,0.0,0.0,0.0,0.0,0.0,0.0,0.0,2.500961101488364,0.0,0.0,1.5749999999999998e-09
7776.0,1.019745620645105,0.005062163,0.484532007,0.0011007367529978932,1.018644883892107,0.0,0.0,0.0,0.0,0.0,0.0,0.0,0.0,0.0,2.4635409375742277,0.0,0.0,1.5749999999999998e-09
7777.0,1.0206801502919676,1.44e-06,0.495880001,3.1311929788056336e-07,1.0206798371726697,0.0,0.0,0.0,0.0,0.0,0.0,0.0,0.0,0.0,2.543060604500386,0.0,0.0,1.5749999999999998e-09
7778.0,1.011492831930453,0.0,0.500630233,0.0,1.011492831930453,0.0,0.0,0.0,0.0,0.0,0.0,0.0,0.0,0.0,2.5863860985939184,0.0,0.0,1.5749999999999998e-09
7779.0,0.9926442548865364,0.0,0.497370494,0.0,0.9926442548865364,0.0,0.0,0.0,0.0,0.0,0.0,0.0,0.0,0.0,2.581807911742998,0.0,0.0,1.5749999999999998e-09
7780.0,0.9593126901489829,0.0,0.494594247,0.0,0.9593126901489829,0.0,0.0,0.0,0.0,0.0,0.0,0.0,0.0,0.0,2.5951874241896307,0.0,0.0,1.5749999999999998e-09
7781.0,0.9177683886815894,0.0,0.494955727,0.0,0.9177683886815894,0.0,0.0,0.0,0.0,0.0,0.0,0.0,0.0,0.0,2.6393295737094933,0.0,0.0,1.5749999999999998e-09
7782.0,0.8731979900244442,0.0,0.499756459,0.0,0.8731979900244442,0.0,0.0,0.0,0.0,0.0,0.0,0.0,0.0,0.0,2.7184013895311385,0.0,0.0,1.5749999999999998e-09
7783.0,0.8404226934099877,0.0,0.513467239,0.0,0.8404226934099877,0.0,0.0,0.0,0.0,0.0,0.0,0.0,0.0,0.0,2.8497119387759633,0.0,0.0,1.5749999999999998e-09
7784.0,0.8200499421087556,0.0,0.530078613,0.0,0.8200499421087556,0.0,0.0,0.0,0.0,0.0,0.0,0.0,0.0,0.0,2.9894656394927304,0.0,0.0,1.5749999999999998e-09
7785.0,0.807237982616995,0.0,0.540830137,0.0,0.807237982616995,0.0,0.0,0.0,0.0,0.0,0.0,0.0,0.0,0.0,3.0795455686770588,0.0,0.0,1.5749999999999998e-09
7786.0,0.805188692891353,0.0,0.554591986,0.0,0.805188692891353,0.0,0.0,0.0,0.0,0.0,0.0,0.0,0.0,0.0,3.180497128578138,0.0,0.0,1.5749999999999998e-09
7787.0,0.8172218770107782,2.58e-07,0.555840659,5.6100540870267597e-08,0.8172218209102373,0.0,0.0,0.0,0.0,0.0,0.0,0.0,0.0,0.0,3.1774378378980273,0.0,0.0,1.5749999999999998e-09
7788.0,0.8418778898600809,0.003428299,0.549460142,0.0007454628998643316,0.8411324269602165,0.0,0.0,0.0,0.0,0.0,0.0,0.0,0.0,0.0,3.1076723749757655,0.0,0.0,1.5749999999999998e-09
7789.0,0.8737453568176496,0.030343687,0.524746621,0.006598051367046929,0.8671473054506028,0.0,0.0,0.0,0.0,0.0,0.0,0.0,0.0,0.0,2.9040488531316893,0.0,0.0,1.5749999999999998e-09
7790.0,0.9069167166157301,0.099841265,0.533006588,0.02170987971965782,0.8852068368960723,0.0,0.0,0.0,0.0,0.0,0.0,0.0,0.0,0.0,2.9453512205033188,0.0,0.0,1.5749999999999998e-09
7791.0,0.932611837239059,0.211626816,0.597751193,0.04601697224904108,0.8865948649900179,0.0,0.0,0.0,0.0,0.0,0.0,0.0,0.0,0.0,3.4092631979618204,0.0,0.0,1.5749999999999998e-09
7792.0,0.9445359935663,0.326804275,0.61234026,0.07106161467525453,0.8734743788910455,0.0,0.0,0.0,0.0,0.0,0.0,0.0,0.0,0.0,3.5272309212337585,0.0,0.0,1.5749999999999998e-09
7793.0,0.9460824181485692,0.408595736,0.617947487,0.0888466735925778,0.8572357445559915,0.0,0.0,0.0,0.0,0.0,0.0,0.0,0.0,0.0,3.5837670097618517,0.0,0.0,1.5749999999999998e-09
7794.0,0.937736176469231,0.441894491,0.607420122,0.09608728663833953,0.8416488898308916,0.0,0.0,0.0,0.0,0.0,0.0,0.0,0.0,0.0,3.523696858116263,0.0,0.0,1.5749999999999998e-09
7795.0,0.9263527124376641,0.424442235,0.590621947,0.09229239903753962,0.8340603134001245,0.0,0.0,0.0,0.0,0.0,0.0,0.0,0.0,0.0,3.4105620025209804,0.0,0.0,1.5749999999999998e-09
7796.0,0.9146021120448082,0.362160632,0.567602414,0.07874964084154241,0.8358524712032659,0.0,0.0,0.0,0.0,0.0,0.0,0.0,0.0,0.0,3.2433353836887733,0.0,0.0,1.5749999999999998e-09
7797.0,0.9093442688650629,0.262807418,0.520146666,0.05714588486247481,0.852198384002588,0.0,0.0,0.0,0.0,0.0,0.0,0.0,0.0,0.0,2.8859392813347307,0.0,0.0,1.5749999999999998e-09
7798.0,0.9163131922314961,0.147184598,0.444813429,0.03200440137818956,0.8843087908533065,0.0,0.0,0.0,0.0,0.0,0.0,0.0,0.0,0.0,2.3124315550566426,0.0,0.0,1.5749999999999998e-09
7799.0,0.9474263609740432,0.05041167,0.404520986,0.01096171299679629,0.9364646479772469,0.0,0.0,0.0,0.0,0.0,0.0,0.0,0.0,0.0,1.970706027199185,0.0,0.0,1.5749999999999998e-09
7800.0,0.9770798826015513,0.005327394,0.406900407,0.0011584096311202264,0.9759214729704311,0.0,0.0,0.0,0.0,0.0,0.0,0.0,0.0,0.0,1.9483493853720204,0.0,0.0,1.5749999999999998e-09
7801.0,0.9779209592837279,8.8e-07,0.412977379,1.9135068203812206e-07,0.9779207679330459,0.0,0.0,0.0,0.0,0.0,0.0,0.0,0.0,0.0,1.9900234606514835,0.0,0.0,1.5749999999999998e-09
7802.0,0.973085880277506,0.0,0.409106302,0.0,0.973085880277506,0.0,0.0,0.0,0.0,0.0,0.0,0.0,0.0,0.0,1.967038082053272,0.0,0.0,1.5749999999999998e-09
7803.0,0.9587719978533088,0.0,0.410074485,0.0,0.9587719978533088,0.0,0.0,0.0,0.0,0.0,0.0,0.0,0.0,0.0,1.9883100045377302,0.0,0.0,1.5749999999999998e-09
7804.0,0.950198799259711,0.0,0.41413838,0.0,0.950198799259711,0.0,0.0,0.0,0.0,0.0,0.0,0.0,0.0,0.0,2.0260891943651083,0.0,0.0,1.5749999999999998e-09
7805.0,0.8939912786668398,0.0,0.419059573,0.0,0.8939912786668398,0.0,0.0,0.0,0.0,0.0,0.0,0.0,0.0,0.0,2.11766384910336,0.0,0.0,1.5749999999999998e-09
7806.0,0.8688835768215281,0.0,0.42088044,0.0,0.8688835768215281,0.0,0.0,0.0,0.0,0.0,0.0,0.0,0.0,0.0,2.155857574490097,0.0,0.0,1.5749999999999998e-09
7807.0,0.8406273999992933,0.0,0.42180102,0.0,0.8406273999992933,0.0,0.0,0.0,0.0,0.0,0.0,0.0,0.0,0.0,2.190729682927197,0.0,0.0,1.5749999999999998e-09
7808.0,0.8157644557281744,0.0,0.426660461,0.0,0.8157644557281744,0.0,0.0,0.0,0.0,0.0,0.0,0.0,0.0,0.0,2.2505159682903155,0.0,0.0,1.5749999999999998e-09
7809.0,0.8060564705634291,0.0,0.426801765,0.0,0.8060564705634291,0.0,0.0,0.0,0.0,0.0,0.0,0.0,0.0,0.0,2.2612394628088452,0.0,0.0,1.5749999999999998e-09
7810.0,0.8044900204887163,0.0,0.424420788,0.0,0.8044900204887163,0.0,0.0,0.0,0.0,0.0,0.0,0.0,0.0,0.0,2.2456945472134726,0.0,0.0,1.5749999999999998e-09
7811.0,0.8129964671075275,9.74e-08,0.4228632,2.1179041398310325e-08,0.8129964459284861,0.0,0.0,0.0,0.0,0.0,0.0,0.0,0.0,0.0,2.2259942052296386,0.0,0.0,1.5749999999999998e-09
7812.0,0.8323723854522062,0.002104424,0.419349807,0.00045759428147431014,0.8319147911707319,0.0,0.0,0.0,0.0,0.0,0.0,0.0,0.0,0.0,2.1818261610756773,0.0,0.0,1.5749999999999998e-09
7813.0,0.8597029339574696,0.029426848,0.415983669,0.006398690267081985,0.8533042436903876,0.0,0.0,0.0,0.0,0.0,0.0,0.0,0.0,0.0,2.136245287045452,0.0,0.0,1.5749999999999998e-09
7814.0,0.8952751450149832,0.112222058,0.403452199,0.024402008338661012,0.8708731366763222,0.0,0.0,0.0,0.0,0.0,0.0,0.0,0.0,0.0,2.028616487746392,0.0,0.0,1.5749999999999998e-09
7815.0,0.9232643139380714,0.23583131,0.351301333,0.051280093198231576,0.8719842207398398,0.0,0.0,0.0,0.0,0.0,0.0,0.0,0.0,0.0,1.6527128130204571,0.0,0.0,1.5749999999999998e-09
7816.0,0.9337087976578299,0.357644816,0.313059016,0.07776770394204394,0.8559410937157859,0.0,0.0,0.0,0.0,0.0,0.0,0.0,0.0,0.0,1.3939199083405809,0.0,0.0,1.5749999999999998e-09
7817.0,0.9303222396042452,0.442305904,0.322768819,0.09617674590896379,0.8341454936952815,0.0,0.0,0.0,0.0,0.0,0.0,0.0,0.0,0.0,1.4854969425024032,0.0,0.0,1.5749999999999998e-09
7818.0,0.9236737271166826,0.477299989,0.333711815,0.10378599821811153,0.8198877288985711,0.0,0.0,0.0,0.0,0.0,0.0,0.0,0.0,0.0,1.578398728674492,0.0,0.0,1.5749999999999998e-09
7819.0,0.9184470345918578,0.458778448,0.330208806,0.09975860105589898,0.8186884335359588,0.0,0.0,0.0,0.0,0.0,0.0,0.0,0.0,0.0,1.554422951810619,0.0,0.0,1.5749999999999998e-09
7820.0,0.910821716640035,0.388281063,0.303832463,0.08442937071311025,0.8263923459269247,0.0,0.0,0.0,0.0,0.0,0.0,0.0,0.0,0.0,1.3571601944108174,0.0,0.0,1.5749999999999998e-09
7821.0,0.9048874523825317,0.275010048,0.257835425,0.05979927301379169,0.84508817936874,0.0,0.0,0.0,0.0,0.0,0.0,0.0,0.0,0.0,1.0078974815078312,0.0,0.0,1.5749999999999998e-09
7822.0,0.9162486650892199,0.144759636,0.259277628,0.031477108045670776,0.884771557043549,0.0,0.0,0.0,0.0,0.0,0.0,0.0,0.0,0.0,0.9785787830817063,0.0,0.0,1.5749999999999998e-09
7823.0,0.9539636198369864,0.044829017,0.299022758,0.009747798838691554,0.9442158209982949,0.0,0.0,0.0,0.0,0.0,0.0,0.0,0.0,0.0,1.2047708159223882,0.0,0.0,1.5749999999999998e-09
7824.0,1.0000937930713882,0.004211869,0.331149951,0.0009158454611422989,0.9991779476102458,0.0,0.0,0.0,0.0,0.0,0.0,0.0,0.0,0.0,1.3806971638217043,0.0,0.0,1.5749999999999998e-09
7825.0,1.0213120707198178,5.28e-07,0.349083011,1.1481040922287322e-07,1.0213119559094086,0.0,0.0,0.0,0.0,0.0,0.0,0.0,0.0,0.0,1.4874426647507213,0.0,0.0,1.5749999999999998e-09
7826.0,1.0235616173697444,0.0,0.362913735,0.0,1.0235616173697444,0.0,0.0,0.0,0.0,0.0,0.0,0.0,0.0,0.0,1.58459025737811,0.0,0.0,1.5749999999999998e-09
7827.0,1.0104537241564269,0.0,0.366312712,0.0,1.0104537241564269,0.0,0.0,0.0,0.0,0.0,0.0,0.0,0.0,0.0,1.622125576119356,0.0,0.0,1.5749999999999998e-09
7828.0,0.9804909168125252,0.0,0.364598707,0.0,0.9804909168125251,0.0,0.0,0.0,0.0,0.0,0.0,0.0,0.0,0.0,1.6397703449793268,0.0,0.0,1.5749999999999998e-09
7829.0,0.9418748079053268,0.0,0.361391064,0.0,0.9418748079053268,0.0,0.0,0.0,0.0,0.0,0.0,0.0,0.0,0.0,1.6553340882769074,0.0,0.0,1.5749999999999998e-09
7830.0,0.9067231351889015,0.0,0.352225496,0.0,0.9067231351889015,0.0,0.0,0.0,0.0,0.0,0.0,0.0,0.0,0.0,1.6246155801297486,0.0,0.0,1.5749999999999998e-09
7831.0,0.8746264854846381,0.0,0.341355565,0.0,0.8746264854846381,0.0,0.0,0.0,0.0,0.0,0.0,0.0,0.0,0.0,1.5785933046408671,0.0,0.0,1.5749999999999998e-09
7832.0,0.87216778158046,0.0,0.324826105,0.0,0.87216778158046,0.0,0.0,0.0,0.0,0.0,0.0,0.0,0.0,0.0,1.462259750413592,0.0,0.0,1.5749999999999998e-09
7833.0,0.8681938047488581,0.0,0.300123608,0.0,0.8681938047488581,0.0,0.0,0.0,0.0,0.0,0.0,0.0,0.0,0.0,1.2887043100642674,0.0,0.0,1.5749999999999998e-09
7834.0,0.8779062405785489,0.0,0.274446839,0.0,0.8779062405785489,0.0,0.0,0.0,0.0,0.0,0.0,0.0,0.0,0.0,1.0944606571815279,0.0,0.0,1.5749999999999998e-09
7835.0,0.9126907759337606,7.76e-09,0.254983016,1.6873651052452578e-09,0.9126907742463956,0.0,0.0,0.0,0.0,0.0,0.0,0.0,0.0,0.0,0.9197954809493806,0.0,0.0,1.5749999999999998e-09
7836.0,0.9832633550981931,0.003969619,0.237583641,0.0008631696625925998,0.9824001854356005,0.0,0.0,0.0,0.0,0.0,0.0,0.0,0.0,0.0,0.7250419941324208,0.0,0.0,1.5749999999999998e-09
7837.0,1.0498575077660028,0.039421704,0.217145329,0.008572011303982914,1.04128549646202,0.0,0.0,0.0,0.0,0.0,0.0,0.0,0.0,0.0,0.5192726811558366,0.0,0.0,1.5749999999999998e-09
7838.0,1.0755170270694654,0.122333632,0.194894278,0.026600708999318903,1.0489163180701464,0.0,0.0,0.0,0.0,0.0,0.0,0.0,0.0,0.0,0.3517302475477947,0.0,0.0,1.5749999999999998e-09
7839.0,1.074208684563933,0.238818426,0.165698296,0.051929623520875885,1.0222790610430572,0.0,0.0,0.0,0.0,0.0,0.0,0.0,0.0,0.0,0.16854476202036303,0.0,0.0,1.5749999999999998e-09
7840.0,1.0614790538743062,0.351488237,0.139472724,0.0764289930435535,0.9850500608307526,0.0,0.0,0.0,0.0,0.0,0.0,0.0,0.0,0.0,0.01729846305961499,0.0,0.0,1.5749999999999998e-09
7841.0,1.0412108807002376,0.429765417,0.144523305,0.09344989279471355,0.9477609879055241,0.0,0.0,0.0,0.0,0.0,0.0,0.0,0.0,0.0,0.09088454277549572,0.0,0.0,1.5749999999999998e-09
7842.0,1.0209538336885704,0.459295447,0.174100934,0.09987101936415244,0.921082814324418,0.0,0.0,0.0,0.0,0.0,0.0,0.0,0.0,0.0,0.33012824112778905,0.0,0.0,1.5749999999999998e-09
7843.0,1.005460664043318,0.434533391,0.195270397,0.09448665992748631,0.9109740041158315,0.0,0.0,0.0,0.0,0.0,0.0,0.0,0.0,0.0,0.4923756156452058,0.0,0.0,1.5749999999999998e-09
7844.0,0.9938101921126044,0.358878296,0.198249448,0.07803591671395346,0.9157742753986509,0.0,0.0,0.0,0.0,0.0,0.0,0.0,0.0,0.0,0.5089848880122554,0.0,0.0,1.5749999999999998e-09
7845.0,0.9882497397138461,0.245936423,0.185089004,0.05347738895348418,0.9347723507603619,0.0,0.0,0.0,0.0,0.0,0.0,0.0,0.0,0.0,0.39540665935016245,0.0,0.0,1.5749999999999998e-09
7846.0,0.9970788210441135,0.124443701,0.203900991,0.027059530751929694,0.9700192902921838,0.0,0.0,0.0,0.0,0.0,0.0,0.0,0.0,0.0,0.49535581307665233,0.0,0.0,1.5749999999999998e-09
7847.0,1.035005157878642,0.039256243,0.261778262,0.008536032809436654,1.0264691250692053,0.0,0.0,0.0,0.0,0.0,0.0,0.0,0.0,0.0,0.8548525196008017,0.0,0.0,1.5749999999999998e-09
7848.0,1.0782672150301793,0.004239851,0.314791658,0.0009219299779431975,1.077345285052236,0.0,0.0,0.0,0.0,0.0,0.0,0.0,0.0,0.0,1.1849676940023743,0.0,0.0,1.5749999999999998e-09
7849.0,1.0975786062325816,3.22e-07,0.333178275,7.001695410940374e-08,1.0975785362156276,0.0,0.0,0.0,0.0,0.0,0.0,0.0,0.0,0.0,1.2968735298284042,0.0,0.0,1.5749999999999998e-09
7850.0,1.095357985405065,0.0,0.33218846,0.0,1.095357985405065,0.0,0.0,0.0,0.0,0.0,0.0,0.0,0.0,0.0,1.2919805779000761,0.0,0.0,1.5749999999999998e-09
7851.0,1.0756683316789717,0.0,0.328057392,0.0,1.0756683316789717,0.0,0.0,0.0,0.0,0.0,0.0,0.0,0.0,0.0,1.2819814882422607,0.0,0.0,1.5749999999999998e-09
7852.0,1.035730531271178,0.0,0.321941387,0.0,1.035730531271178,0.0,0.0,0.0,0.0,0.0,0.0,0.0,0.0,0.0,1.2779653999753333,0.0,0.0,1.5749999999999998e-09
7853.0,0.9852948451638267,0.0,0.314438787,0.0,0.9852948451638267,0.0,0.0,0.0,0.0,0.0,0.0,0.0,0.0,0.0,1.274482156132339,0.0,0.0,1.5749999999999998e-09
7854.0,0.9383302697447796,0.0,0.307560074,0.0,0.9383302697447796,0.0,0.0,0.0,0.0,0.0,0.0,0.0,0.0,0.0,1.2720114898491055,0.0,0.0,1.5749999999999998e-09
7855.0,0.9098983121556492,0.0,0.299130031,0.0,0.9098983121556492,0.0,0.0,0.0,0.0,0.0,0.0,0.0,0.0,0.0,1.2398592635559285,0.0,0.0,1.5749999999999998e-09
7856.0,0.8922779746475662,0.0,0.293311597,0.0,0.8922779746475662,0.0,0.0,0.0,0.0,0.0,0.0,0.0,0.0,0.0,1.2156642656780505,0.0,0.0,1.5749999999999998e-09
7857.0,0.883787102856253,0.0,0.291030934,0.0,0.883787102856253,0.0,0.0,0.0,0.0,0.0,0.0,0.0,0.0,0.0,1.2077646983499462,0.0,0.0,1.5749999999999998e-09
7858.0,0.8879835869370937,0.0,0.295909642,0.0,0.8879835869370937,0.0,0.0,0.0,0.0,0.0,0.0,0.0,0.0,0.0,1.2386300214959585,0.0,0.0,1.5749999999999998e-09
7859.0,0.9217134396907813,4.34e-08,0.303894116,9.437067727789201e-09,0.9217134302537137,0.0,0.0,0.0,0.0,0.0,0.0,0.0,0.0,0.0,1.2622821916541813,0.0,0.0,1.5749999999999998e-09
7860.0,0.9875199166562889,0.003528133,0.313973499,0.0007671711998536428,0.9867527454564353,0.0,0.0,0.0,0.0,0.0,0.0,0.0,0.0,0.0,1.2696803709093416,0.0,0.0,1.5749999999999998e-09
7861.0,1.0424747215559373,0.03132426,0.311881171,0.006811271040158482,1.035663450515779,0.0,0.0,0.0,0.0,0.0,0.0,0.0,0.0,0.0,1.2057327337377775,0.0,0.0,1.5749999999999998e-09
7862.0,1.0569977602344611,0.099131921,0.28933904,0.021555637153521854,1.0354421230809394,0.0,0.0,0.0,0.0,0.0,0.0,0.0,0.0,0.0,1.0439505447489086,0.0,0.0,1.5749999999999998e-09
7863.0,1.04783046736539,0.209108662,0.263361848,0.04546941487929447,1.0023610524860955,0.0,0.0,0.0,0.0,0.0,0.0,0.0,0.0,0.0,0.8903413485356226,0.0,0.0,1.5749999999999998e-09
7864.0,1.031393867743308,0.31718719,0.296035477,0.06897043765938113,0.9624234300839271,0.0,0.0,0.0,0.0,0.0,0.0,0.0,0.0,0.0,1.1650945166518871,0.0,0.0,1.5749999999999998e-09
7865.0,1.0129769542029565,0.389808115,0.386781464,0.08476141894232353,0.928215535260633,0.0,0.0,0.0,0.0,0.0,0.0,0.0,0.0,0.0,1.8514665300911228,0.0,0.0,1.5749999999999998e-09
7866.0,0.9948337250591324,0.415346944,0.464696395,0.09031468297369283,0.9045190420854394,0.0,0.0,0.0,0.0,0.0,0.0,0.0,0.0,0.0,2.435114201081341,0.0,0.0,1.5749999999999998e-09
7867.0,0.9823577512737403,0.390567368,0.515782628,0.0849265139189025,0.8974312373548378,0.0,0.0,0.0,0.0,0.0,0.0,0.0,0.0,0.0,2.8093433992694146,0.0,0.0,1.5749999999999998e-09
7868.0,0.9747480081494154,0.320223362,0.534738527,0.06963063491277324,0.9051173732366422,0.0,0.0,0.0,0.0,0.0,0.0,0.0,0.0,0.0,2.9378876089114057,0.0,0.0,1.5749999999999998e-09
7869.0,0.9707339803329263,0.217919857,0.519167337,0.04738535598477275,0.9233486243481537,0.0,0.0,0.0,0.0,0.0,0.0,0.0,0.0,0.0,2.8077508979788286,0.0,0.0,1.5749999999999998e-09
7870.0,0.9785017035642138,0.112013556,0.520036267,0.024356670838767476,0.9541450327254464,0.0,0.0,0.0,0.0,0.0,0.0,0.0,0.0,0.0,2.783199228199057,0.0,0.0,1.5749999999999998e-09
7871.0,1.0131193584824965,0.035247446,0.551829547,0.007664344127502132,1.0054550143549943,0.0,0.0,0.0,0.0,0.0,0.0,0.0,0.0,0.0,2.9603779887671093,0.0,0.0,1.5749999999999998e-09
7872.0,1.049032005911324,0.003341713,0.573251294,0.0007266352974155215,1.0483053706139085,0.0,0.0,0.0,0.0,0.0,0.0,0.0,0.0,0.0,3.0714792860559013,0.0,0.0,1.5749999999999998e-09
7873.0,1.0588734950256427,1.52e-07,0.5765172,3.305148144294835e-08,1.0588734619741613,0.0,0.0,0.0,0.0,0.0,0.0,0.0,0.0,0.0,3.0843822789648905,0.0,0.0,1.5749999999999998e-09
7874.0,1.0555180876269785,0.0,0.571972165,0.0,1.0555180876269785,0.0,0.0,0.0,0.0,0.0,0.0,0.0,0.0,0.0,3.0550738535910615,0.0,0.0,1.5749999999999998e-09
7875.0,1.0360442656526678,0.0,0.572464922,0.0,1.0360442656526678,0.0,0.0,0.0,0.0,0.0,0.0,0.0,0.0,0.0,3.0780889719380347,0.0,0.0,1.5749999999999998e-09
7876.0,0.9966961088554019,0.0,0.575916618,0.0,0.9966961088554019,0.0,0.0,0.0,0.0,0.0,0.0,0.0,0.0,0.0,3.142243429862096,0.0,0.0,1.5749999999999998e-09
7877.0,0.9510599014343311,0.0,0.576186412,0.0,0.9510599014343311,0.0,0.0,0.0,0.0,0.0,0.0,0.0,0.0,0.0,3.1898185656262767,0.0,0.0,1.5749999999999998e-09
7878.0,0.9078312207701494,0.0,0.56888566,0.0,0.9078312207701494,0.0,0.0,0.0,0.0,0.0,0.0,0.0,0.0,0.0,3.1805789372145585,0.0,0.0,1.5749999999999998e-09
7879.0,0.8765867729105393,0.0,0.559542066,0.0,0.8765867729105393,0.0,0.0,0.0,0.0,0.0,0.0,0.0,0.0,0.0,3.1446737848861717,0.0,0.0,1.5749999999999998e-09
7880.0,0.8558424355829974,0.0,0.551496041,0.0,0.8558424355829974,0.0,0.0,0.0,0.0,0.0,0.0,0.0,0.0,0.0,3.107593760212044,0.0,0.0,1.5749999999999998e-09
7881.0,0.8455270061477913,0.0,0.545247626,0.0,0.8455270061477913,0.0,0.0,0.0,0.0,0.0,0.0,0.0,0.0,0.0,3.0730037101220606,0.0,0.0,1.5749999999999998e-09
7882.0,0.8475050942336257,0.0,0.5446389,0.0,0.8475050942336257,0.0,0.0,0.0,0.0,0.0,0.0,0.0,0.0,0.0,3.066650891335809,0.0,0.0,1.5749999999999998e-09
7883.0,0.8741458696662945,1.83e-08,0.552930267,3.979224410565492e-09,0.8741458656870701,0.0,0.0,0.0,0.0,0.0,0.0,0.0,0.0,0.0,3.0995976810565713,0.0,0.0,1.5749999999999998e-09
7884.0,0.928437604483097,0.003369117,0.556987721,0.0007325941316093541,0.9277050103514876,0.0,0.0,0.0,0.0,0.0,0.0,0.0,0.0,0.0,3.0751982380959295,0.0,0.0,1.5749999999999998e-09
7885.0,0.9787286604784734,0.032873724,0.547207283,0.007148192623332933,0.9715804678551405,0.0,0.0,0.0,0.0,0.0,0.0,0.0,0.0,0.0,2.9610337139479532,0.0,0.0,1.5749999999999998e-09
7886.0,1.0035649037596925,0.097927168,0.521646828,0.02129367089416109,0.9822712328655314,0.0,0.0,0.0,0.0,0.0,0.0,0.0,0.0,0.0,2.7666476456235167,0.0,0.0,1.5749999999999998e-09
7887.0,1.0096415722967358,0.191515328,0.520625182,0.04164385071994847,0.9679977215767873,0.0,0.0,0.0,0.0,0.0,0.0,0.0,0.0,0.0,2.773578894348876,0.0,0.0,1.5749999999999998e-09
7888.0,1.0095347693370622,0.289661327,0.596403869,0.06298510509263353,0.9465496642444287,0.0,0.0,0.0,0.0,0.0,0.0,0.0,0.0,0.0,3.339625586298855,0.0,0.0,1.5749999999999998e-09
7889.0,1.001693618633532,0.359224789,0.716678209,0.07811125952289827,0.9235823591106336,0.0,0.0,0.0,0.0,0.0,0.0,0.0,0.0,0.0,4.226968403026503,0.0,0.0,1.5749999999999998e-09
7890.0,0.9906283406483253,0.387366178,0.783065834,0.08423043449863703,0.9063979061496882,0.0,0.0,0.0,0.0,0.0,0.0,0.0,0.0,0.0,4.721260752176076,0.0,0.0,1.5749999999999998e-09
7891.0,0.9804975923099813,0.368020285,0.808932648,0.08002378697569779,0.9004738053342836,0.0,0.0,0.0,0.0,0.0,0.0,0.0,0.0,0.0,4.913081866307482,0.0,0.0,1.5749999999999998e-09
7892.0,0.9717864391018646,0.305597337,0.810731037,0.06645029416361799,0.9053361449382465,0.0,0.0,0.0,0.0,0.0,0.0,0.0,0.0,0.0,4.9211440076187305,0.0,0.0,1.5749999999999998e-09
7893.0,0.9630641597313461,0.210884264,0.791220847,0.045855508803985666,0.9172086509273604,0.0,0.0,0.0,0.0,0.0,0.0,0.0,0.0,0.0,4.769057633380219,0.0,0.0,1.5749999999999998e-09
7894.0,0.9675654788636348,0.110603947,0.776018305,0.024050159880179885,0.9435153189834549,0.0,0.0,0.0,0.0,0.0,0.0,0.0,0.0,0.0,4.6334948678159025,0.0,0.0,1.5749999999999998e-09
7895.0,0.995347716364907,0.036062982,0.75696801,0.007841677502305135,0.9875060388626018,0.0,0.0,0.0,0.0,0.0,0.0,0.0,0.0,0.0,4.452595406748579,0.0,0.0,1.5749999999999998e-09
7896.0,1.0181991960628358,0.003647604,0.732221256,0.0007931494468238434,1.017406046616012,0.0,0.0,0.0,0.0,0.0,0.0,0.0,0.0,0.0,4.244847920064607,0.0,0.0,1.5749999999999998e-09
7897.0,1.0215991051113327,1.09e-07,0.699712973,2.370139129790375e-08,1.0215990814099414,0.0,0.0,0.0,0.0,0.0,0.0,0.0,0.0,0.0,4.007027631534238,0.0,0.0,1.5749999999999998e-09
7898.0,1.0124384867397929,0.0,0.661910867,0.0,1.0124384867397929,0.0,0.0,0.0,0.0,0.0,0.0,0.0,0.0,0.0,3.7445158585732274,0.0,0.0,1.5749999999999998e-09
7899.0,0.9924462237946867,0.0,0.639214994,0.0,0.9924462237946867,0.0,0.0,0.0,0.0,0.0,0.0,0.0,0.0,0.0,3.601399707575309,0.0,0.0,1.5749999999999998e-09
7900.0,0.9548069213516733,0.0,0.628406925,0.0,0.9548069213516733,0.0,0.0,0.0,0.0,0.0,0.0,0.0,0.0,0.0,3.561364668415477,0.0,0.0,1.5749999999999998e-09
7901.0,0.9064472269597883,0.0,0.606174116,0.0,0.9064472269597883,0.0,0.0,0.0,0.0,0.0,0.0,0.0,0.0,0.0,3.449943850575548,0.0,0.0,1.5749999999999998e-09
7902.0,0.8587506036506737,0.0,0.578067277,0.0,0.8587506036506737,0.0,0.0,0.0,0.0,0.0,0.0,0.0,0.0,0.0,3.295645074534219,0.0,0.0,1.5749999999999998e-09
7903.0,0.8224062927182807,0.0,0.554468075,0.0,0.8224062927182806,0.0,0.0,0.0,0.0,0.0,0.0,0.0,0.0,0.0,3.1623890176578446,0.0,0.0,1.5749999999999998e-09
7904.0,0.7946285048820294,0.0,0.526527064,0.0,0.7946285048820294,0.0,0.0,0.0,0.0,0.0,0.0,0.0,0.0,0.0,2.989363162110359,0.0,0.0,1.5749999999999998e-09
7905.0,0.7781852297624915,0.0,0.495081539,0.0,0.7781852297624915,0.0,0.0,0.0,0.0,0.0,0.0,0.0,0.0,0.0,2.7798169056372695,0.0,0.0,1.5749999999999998e-09
7906.0,0.7726670541810556,0.0,0.470060067,0.0,0.7726670541810556,0.0,0.0,0.0,0.0,0.0,0.0,0.0,0.0,0.0,2.6055132866378234,0.0,0.0,1.5749999999999998e-09
7907.0,0.7777646914214033,6.36e-09,0.445351864,1.3829435656391549e-09,0.7777646900384596,0.0,0.0,0.0,0.0,0.0,0.0,0.0,0.0,0.0,2.422845226293452,0.0,0.0,1.5749999999999998e-09
7908.0,0.7932867878889907,0.002406854,0.431857028,0.0005233558573479343,0.7927634320316427,0.0,0.0,0.0,0.0,0.0,0.0,0.0,0.0,0.0,2.3108631562572706,0.0,0.0,1.5749999999999998e-09
7909.0,0.8168725403094975,0.023906442,0.414755166,0.005198311342960007,0.8116742289665376,0.0,0.0,0.0,0.0,0.0,0.0,0.0,0.0,0.0,2.1690464201548236,0.0,0.0,1.5749999999999998e-09
7910.0,0.8498080428633518,0.072010164,0.406058502,0.015658174994405707,0.8341498678689461,0.0,0.0,0.0,0.0,0.0,0.0,0.0,0.0,0.0,2.0840704724237833,0.0,0.0,1.5749999999999998e-09
7911.0,0.8856806383073677,0.149262147,0.430574067,0.03245615185332322,0.8532244864540445,0.0,0.0,0.0,0.0,0.0,0.0,0.0,0.0,0.0,2.2411818469514917,0.0,0.0,1.5749999999999998e-09
7912.0,0.916513448155856,0.239012904,0.477214316,0.05197191158671839,0.8645415365691376,0.0,0.0,0.0,0.0,0.0,0.0,0.0,0.0,0.0,2.5650542403223464,0.0,0.0,1.5749999999999998e-09
7913.0,0.9322491505427908,0.306024348,0.531387663,0.06654314512508137,0.8657060054177094,0.0,0.0,0.0,0.0,0.0,0.0,0.0,0.0,0.0,2.9532173248644336,0.0,0.0,1.5749999999999998e-09
7914.0,0.924410225671696,0.333753171,0.572963707,0.07257261011731361,0.8518376155543823,0.0,0.0,0.0,0.0,0.0,0.0,0.0,0.0,0.0,3.265880239832189,0.0,0.0,1.5749999999999998e-09
7915.0,0.8999544697466778,0.322021136,0.594561796,0.07002155000487596,0.8299329197418018,0.0,0.0,0.0,0.0,0.0,0.0,0.0,0.0,0.0,3.443003906115317,0.0,0.0,1.5749999999999998e-09
7916.0,0.8743772772454996,0.271623328,0.591068965,0.059062851216209696,0.8153144260292899,0.0,0.0,0.0,0.0,0.0,0.0,0.0,0.0,0.0,3.4325204738265223,0.0,0.0,1.5749999999999998e-09
7917.0,0.8521710679704083,0.191441098,0.567809955,0.04162770985503064,0.8105433581153777,0.0,0.0,0.0,0.0,0.0,0.0,0.0,0.0,0.0,3.2701360315300567,0.0,0.0,1.5749999999999998e-09
7918.0,0.8379840149982531,0.105163834,0.54255547,0.022867240183686192,0.815116774814567,0.0,0.0,0.0,0.0,0.0,0.0,0.0,0.0,0.0,3.0840662258927596,0.0,0.0,1.5749999999999998e-09
7919.0,0.8422784027087257,0.037825427,0.51153224,0.008224910516855906,0.8340534921918697,0.0,0.0,0.0,0.0,0.0,0.0,0.0,0.0,0.0,2.8421748840914622,0.0,0.0,1.5749999999999998e-09
7920.0,0.8522289196152284,0.00400906,0.5033364,0.0008717458696951744,0.8513571737455332,0.0,0.0,0.0,0.0,0.0,0.0,0.0,0.0,0.0,2.7659701651848496,0.0,0.0,1.5749999999999998e-09
7921.0,0.8535928889330707,5.94e-08,0.504426238,1.2916171037573238e-08,0.8535928760168997,0.0,0.0,0.0,0.0,0.0,0.0,0.0,0.0,0.0,2.771566800873553,0.0,0.0,1.5749999999999998e-09
7922.0,0.8536596409078574,0.0,0.507029368,0.0,0.8536596409078574,0.0,0.0,0.0,0.0,0.0,0.0,0.0,0.0,0.0,2.7902079484558238,0.0,0.0,1.5749999999999998e-09
7923.0,0.8470778803950815,0.0,0.508265476,0.0,0.8470778803950815,0.0,0.0,0.0,0.0,0.0,0.0,0.0,0.0,0.0,2.8056732454310347,0.0,0.0,1.5749999999999998e-09
7924.0,0.8304076483612839,0.0,0.509223244,0.0,0.8304076483612839,0.0,0.0,0.0,0.0,0.0,0.0,0.0,0.0,0.0,2.8292266680521854,0.0,0.0,1.5749999999999998e-09
7925.0,0.8065971628591032,0.0,0.516017799,0.0,0.8065971628591033,0.0,0.0,0.0,0.0,0.0,0.0,0.0,0.0,0.0,2.9018675770194013,0.0,0.0,1.5749999999999998e-09
7926.0,0.7804303267473973,0.0,0.517424272,0.0,0.7804303267473973,0.0,0.0,0.0,0.0,0.0,0.0,0.0,0.0,0.0,2.9381423116148397,0.0,0.0,1.5749999999999998e-09
7927.0,0.7675026639659964,0.0,0.514721949,0.0,0.7675026639659964,0.0,0.0,0.0,0.0,0.0,0.0,0.0,0.0,0.0,2.9316491916622276,0.0,0.0,1.5749999999999998e-09
7928.0,0.7460752290633158,0.0,0.509410871,0.0,0.7460752290633158,0.0,0.0,0.0,0.0,0.0,0.0,0.0,0.0,0.0,2.914907506174268,0.0,0.0,1.5749999999999998e-09
7929.0,0.7387614206604723,0.0,0.490979002,0.0,0.7387614206604723,0.0,0.0,0.0,0.0,0.0,0.0,0.0,0.0,0.0,2.78975701507228,0.0,0.0,1.5749999999999998e-09
7930.0,0.7398072039319545,0.0,0.470084607,0.0,0.7398072039319545,0.0,0.0,0.0,0.0,0.0,0.0,0.0,0.0,0.0,2.6385494984870332,0.0,0.0,1.5749999999999998e-09
7931.0,0.7510905395013789,1.7e-09,0.445885882,3.6965472666455397e-10,0.7510905391317241,0.0,0.0,0.0,0.0,0.0,0.0,0.0,0.0,0.0,2.4533572039714704,0.0,0.0,1.5749999999999998e-09
7932.0,0.7759201072851422,0.002281849,0.420189235,0.0004961742755204622,0.7754239330096218,0.0,0.0,0.0,0.0,0.0,0.0,0.0,0.0,0.0,2.2443497358324156,0.0,0.0,1.5749999999999998e-09
7933.0,0.8057872368318473,0.021104262,0.390401889,0.004588994235921843,0.8011982425959254,0.0,0.0,0.0,0.0,0.0,0.0,0.0,0.0,0.0,2.004502728463916,0.0,0.0,1.5749999999999998e-09
7934.0,0.8356387905511297,0.067924647,0.375082571,0.014769804012100774,0.8208689865390288,0.0,0.0,0.0,0.0,0.0,0.0,0.0,0.0,0.0,1.8747366530185239,0.0,0.0,1.5749999999999998e-09
7935.0,0.8637881644136909,0.151040854,0.373458909,0.03284292094150047,0.8309452434721905,0.0,0.0,0.0,0.0,0.0,0.0,0.0,0.0,0.0,1.8529916255736685,0.0,0.0,1.5749999999999998e-09
7936.0,0.886090051485979,0.244182562,0.378541498,0.05309602247785911,0.8329940290081199,0.0,0.0,0.0,0.0,0.0,0.0,0.0,0.0,0.0,1.8874698786986555,0.0,0.0,1.5749999999999998e-09
7937.0,0.8971308543137212,0.313507103,0.392441039,0.06817022498050657,0.8289606293332146,0.0,0.0,0.0,0.0,0.0,0.0,0.0,0.0,0.0,1.9913950995450158,0.0,0.0,1.5749999999999998e-09
7938.0,0.8994160022835141,0.342864389,0.397802253,0.07455378941106136,0.8248622128724528,0.0,0.0,0.0,0.0,0.0,0.0,0.0,0.0,0.0,2.0340229487510673,0.0,0.0,1.5749999999999998e-09
7939.0,0.8966057378454698,0.330054409,0.397982535,0.07176833667254465,0.8248374011729251,0.0,0.0,0.0,0.0,0.0,0.0,0.0,0.0,0.0,2.0353433929685636,0.0,0.0,1.5749999999999998e-09
7940.0,0.8929833215477342,0.276498782,0.396273753,0.06012298922546593,0.8328603323222682,0.0,0.0,0.0,0.0,0.0,0.0,0.0,0.0,0.0,2.0150399594655815,0.0,0.0,1.5749999999999998e-09
7941.0,0.889943874362995,0.193385403,0.37737031,0.04205048722757624,0.8478933871354187,0.0,0.0,0.0,0.0,0.0,0.0,0.0,0.0,0.0,1.8641535446255935,0.0,0.0,1.5749999999999998e-09
7942.0,0.8973088599131273,0.103819031,0.351652339,0.022574820898166974,0.8747340390149602,0.0,0.0,0.0,0.0,0.0,0.0,0.0,0.0,0.0,1.652485569309641,0.0,0.0,1.5749999999999998e-09
7943.0,0.9250710719219559,0.035612126,0.337353671,0.007743641589690385,0.9173274303322655,0.0,0.0,0.0,0.0,0.0,0.0,0.0,0.0,0.0,1.5071319511009584,0.0,0.0,1.5749999999999998e-09
7944.0,0.9461803207782764,0.003624929,0.328248378,0.0007882189051020087,0.9453921018731744,0.0,0.0,0.0,0.0,0.0,0.0,0.0,0.0,0.0,1.4136302769950229,0.0,0.0,1.5749999999999998e-09
7945.0,0.9472728305321017,2.9e-08,0.319977035,6.305874748983568e-09,0.9472728242262269,0.0,0.0,0.0,0.0,0.0,0.0,0.0,0.0,0.0,1.3523058999339648,0.0,0.0,1.5749999999999998e-09
7946.0,0.9409669792483637,0.0,0.303851199,0.0,0.9409669792483637,0.0,0.0,0.0,0.0,0.0,0.0,0.0,0.0,0.0,1.2427202110869193,0.0,0.0,1.5749999999999998e-09
7947.0,0.9261702571732373,0.0,0.282782458,0.0,0.9261702571732373,0.0,0.0,0.0,0.0,0.0,0.0,0.0,0.0,0.0,1.1061022275771855,0.0,0.0,1.5749999999999998e-09
7948.0,0.8990666655822335,0.0,0.262924221,0.0,0.8990666655822335,0.0,0.0,0.0,0.0,0.0,0.0,0.0,0.0,0.0,0.9904906417976298,0.0,0.0,1.5749999999999998e-09
7949.0,0.8618056256629107,0.0,0.249176257,0.0,0.8618056256629107,0.0,0.0,0.0,0.0,0.0,0.0,0.0,0.0,0.0,0.9289491988608932,0.0,0.0,1.5749999999999998e-09
7950.0,0.8247448426678728,0.0,0.239434213,0.0,0.8247448426678728,0.0,0.0,0.0,0.0,0.0,0.0,0.0,0.0,0.0,0.8959968413434175,0.0,0.0,1.5749999999999998e-09
7951.0,0.7945906787296529,0.0,0.230348142,0.0,1.1633437210319475,0.0,0.0,0.36875304230229455,0.0,0.0,0.0,0.0,0.0,0.0,0.4920991031477024,0.0,0.0,1.5749999999999998e-09
7952.0,0.7729540875726457,0.0,0.224992234,0.0,1.4147960970564497,0.0,0.0,0.6418420094838041,0.0,0.3318777380720651,0.0,0.0,0.0,0.0,0.2021554270042422,0.0,0.0,1.5749999999999998e-09
7953.0,0.7593633537084744,0.0,0.218478244,0.0,1.4012053631922783,0.0,0.0,0.6418420094838041,0.0,0.9095310258685041,0.0,0.0,0.0,0.0,0.1689320736843369,0.0,0.0,1.5749999999999998e-09
7954.0,0.7561748267467392,0.0,0.209233761,0.0,1.3980168362305432,0.0,0.0,0.6418420094838041,0.0,1.4871764450451528,0.0,0.0,0.0,0.0,0.10568328140951953,0.0,0.0,1.5749999999999998e-09
7955.0,0.7607406730213041,2.94e-11,0.199740436,6.392852331728169e-12,1.4025826824987153,0.0,0.0,0.6418420094838041,0.0,2.064813995709195,0.0,0.0,0.0,0.0,0.032891763284809084,0.0,0.0,1.5749999999999998e-09
7956.0,0.7814138087090384,0.002305924,0.187459171,0.0005014092387819029,1.3472126875614907,0.0,0.0,0.5663002880912341,0.0,2.642443677967814,0.0,0.0,0.0,0.0,0.0,0.0,0.0,1.5751072752712744e-09
7957.0,0.8096944616886624,0.02285694,0.166489634,0.004970103475345947,1.1965109312911075,0.0,0.0,0.3917865730777909,0.0,3.152077942674877,0.0,0.0,0.0,0.0,0.0,0.0,0.0,1.575128731202312e-09
7958.0,0.8467329943587464,0.072616705,0.14997549,0.01579006366944444,1.0778287446456887,0.0,0.0,0.24688581395638673,0.0,3.504642921784777,0.0,0.0,0.0,0.0,0.0,0.0,0.0,1.57515018742562e-09
7959.0,0.8841920663698434,0.15601515,0.135005815,0.03392455154634081,0.9702461922365986,0.0,0.0,0.11997867741309606,0.0,3.726792415151037,0.0,0.0,0.0,0.0,0.0,0.0,0.0,1.5751716439412022e-09
7960.0,0.9139212403021048,0.251125036,0.119848754,0.05460562149482723,0.8613169529979195,0.0,0.0,0.00200133419064209,0.0,3.8347224595745826,0.0,0.0,0.0,0.0,0.0,0.0,0.0,1.5751931007490627e-09
7961.0,0.9276143274609289,0.321408322,0.113642379,0.06988829730389585,0.8167136023100813,0.0,0.0,0.0,0.04101242784695166,3.836471424907233,0.0,0.0,0.0,0.0,0.0,0.0,0.0,1.7502383976102281e-09
7962.0,0.9298260489584038,0.353103787,0.116503244,0.07678028462806111,0.8372737787199119,0.0,0.0,0.0,0.015771985610430663,3.7954067377974727,0.0,0.0,0.0,0.0,0.0,0.0,0.0,1.7502622391573711e-09
7963.0,0.9232353881156614,0.342032523,0.122672316,0.0743729051764428,0.8816090439648453,0.0,0.0,0.03274656102562671,0.0,3.779583052295082,0.0,0.0,0.0,0.0,0.0,0.0,0.0,1.575257472926353e-09
7964.0,0.9154098132395538,0.290655809,0.125090355,0.06320134919374105,0.8989867630833113,0.0,0.0,0.046778299037498534,0.0,3.809003472871683,0.0,0.0,0.0,0.0,0.0,0.0,0.0,1.5752789309033658e-09
7965.0,0.9083096117559826,0.206108646,0.116447885,0.04481707952960665,0.8368759302349705,0.0,0.0,0.0,0.026616601991405274,3.851052056902825,0.0,0.0,0.0,0.0,0.0,0.0,0.0,0.0058609310339844956
7966.0,0.9137031837178117,0.111825517,0.106563746,0.024315782894563195,0.7658415956895492,0.0,0.0,0.0,0.12354580513369921,3.8243829970356162,0.0,0.0,0.0,0.0,0.0,0.0,0.0,0.0058610108709162756
7967.0,0.9384125975469889,0.037777158,0.102161955,0.008214414714502157,0.7342072475189069,0.0,0.0,0.0,0.19599093531357983,3.7007850973040464,0.0,0.0,0.0,0.0,0.0,0.0,0.0,0.005861090708935585
7968.0,0.9610104193407585,0.003768735,0.102256458,0.000819488650762434,0.7348864121601109,0.0,0.0,0.0,0.22530451852988514,3.5047437510061066,0.0,0.0,0.0,0.0,0.0,0.0,0.0,0.005861170548042439
7969.0,0.9658966754942693,1.11e-08,0.099713817,2.4136279211626755e-09,0.716613215939084,0.0,0.0,0.0,0.24928345714155736,3.2793914919082683,0.0,0.0,0.0,0.0,0.0,0.0,0.0,0.0058612503882368525
7970.0,0.9601159406787828,0.0,0.094942394,0.0,0.6823224337435161,0.0,0.0,0.0,0.2777935069352667,3.030063363879625,0.0,0.0,0.0,0.0,0.0,0.0,0.0,0.005861330229518841
7971.0,0.9455061245330288,0.0,0.092078226,0.0,0.6617385196659935,0.0,0.0,0.0,0.2837676048670353,2.752228582330235,0.0,0.0,0.0,0.0,0.0,0.0,0.0,0.005861410071888416
7972.0,0.9164177703586592,0.0,0.091287156,0.0,0.6560533374737109,0.0,0.0,0.0,0.26036443288494837,2.4684234874311195,0.0,0.0,0.0,0.0,0.0,0.0,0.0,0.005861489915345596
7973.0,0.8779440667309255,0.0,0.090457547,0.0,0.6500911870782244,0.0,0.0,0.0,0.22785287965270104,2.2080254304219524,0.0,0.0,0.0,0.0,0.0,0.0,0.0,0.005861569759890394
7974.0,0.8413683482193274,0.0,0.090575512,0.0,0.6509389660577238,0.0,0.0,0.0,0.19042938216160352,1.9801424737092461,0.0,0.0,0.0,0.0,0.0,0.0,0.0,0.005861649605522826
7975.0,0.8184923923640095,0.0,0.091266259,0.0,0.6559031570190456,0.0,0.0,0.0,0.162589235344964,1.7896861186409085,0.0,0.0,0.0,0.0,0.0,0.0,0.0,0.005861729452242905
7976.0,0.7889100723763088,0.0,0.09011922,0.0,0.6476597326739766,0.0,0.0,0.0,0.14125033970233228,1.627072504728542,0.0,0.0,0.0,0.0,0.0,0.0,0.0,0.0058618093000506475
7977.0,0.7757421016857361,0.0,0.086578533,0.0,0.6222138799923597,0.0,0.0,0.0,0.15352822169337646,1.4858000015326722,0.0,0.0,0.0,0.0,0.0,0.0,0.0,0.005861889148946068
7978.0,0.7712474580509036,0.0,0.083523826,0.0,0.6002606194224465,0.0,0.0,0.0,0.17098683862845715,1.3322515407174147,0.0,0.0,0.0,0.0,0.0,0.0,0.0,0.00586196899892918
7979.0,0.7721130108904691,0.0,0.080828611,0.0,0.5808909197468514,0.0,0.18503969550578456,0.0,0.006182395637833252,1.1612465545581454,0.0,0.0,0.0,0.0,0.0,0.0,0.0,0.005862048849999999
7980.0,0.7870298879201063,0.002478369,0.077347866,0.0005389063619228846,0.5558758521929346,0.0,0.21310107291852828,0.0,0.01751405644672058,1.15504834076812,0.0,0.0,0.0,0.0,0.0,0.0,0.0,0.005862128702158541
7981.0,0.8092672478501182,0.024448136,0.071140405,0.0053160994297281414,0.511264696749688,0.0,0.21310107291852828,0.0,0.07958537875217364,1.137518550599416,0.0,0.0,0.0,0.0,0.0,0.0,0.0,0.005862208555404819
7982.0,0.8455626074676575,0.073936348,0.067194613,0.016077012065009024,0.48290747625990665,0.0,0.21310107291852828,0.0,0.13347704622421355,1.0579176769108019,0.0,0.0,0.0,0.0,0.0,0.0,0.0,0.005862288409738851
7983.0,0.8798264770195632,0.155037436,0.062213386,0.033711953545501924,0.44710889581049323,0.0,0.21310107291852828,0.0,0.18590455474503972,0.9244262200493687,0.0,0.0,0.0,0.0,0.0,0.0,0.0,0.005862368265160648
7984.0,0.9019926343098428,0.248918925,0.058011941,0.05412591598971153,0.4169143740919916,0.0,0.21310107291852828,0.0,0.21785127130961127,0.7385090730476872,0.0,0.0,0.0,0.0,0.0,0.0,0.0,0.005862448121670227
7985.0,0.9114580867329058,0.317788509,0.057988017,0.06910119084207715,0.4167424394986331,0.0,0.21310107291852828,0.0,0.2125133834736673,0.5206477419890357,0.0,0.0,0.0,0.0,0.0,0.0,0.0,0.005862527979267602
7986.0,0.9180353965807361,0.346681547,0.063263622,0.0753838073505469,0.4546566261060349,0.0,0.21310107291852828,0.0,0.17489389020562598,0.3081272664080214,0.0,0.0,0.0,0.0,0.0,0.0,0.0,0.0058626078379527885
7987.0,0.9179552946109619,0.332767444,0.07364431,0.0723582697380484,0.5292595089877549,0.0,0.21310107291852828,0.0,0.10323644296663037,0.13322917898521064,0.0,0.0,0.0,0.0,0.0,0.0,0.0,0.005862687697725801
7988.0,0.9159571800327593,0.279754439,0.085162139,0.06083091216572979,0.6120346822651598,0.0,0.21310107291852828,0.0,0.02999051268334143,0.029990921210672886,0.0,0.0,0.0,0.0,0.0,0.0,0.0,0.005862767558586653
7989.0,0.9165779752981322,0.197637573,0.097209939,0.042975095897624015,0.6986185977418975,0.0,0.1749842816586107,0.0,0.0,0.0,0.0,0.0,0.0,0.0,0.0,0.0,0.0,0.005862048849999999
7990.0,0.9325562104267493,0.109129629,0.111016751,0.023729578340587754,0.7978440034766547,0.0,0.11098262860950671,0.0,0.0,0.0,0.0,0.0,0.0,0.0,0.0,0.0,0.0,0.005862048849999999
7991.0,0.9713391997708767,0.038563648,0.116130345,0.008385432212134161,0.8345938657484682,0.0,0.1283599018102744,0.0,0.0,0.0,0.0,0.0,0.0,0.0,0.0,0.0,0.0,0.005862048849999999
7992.0,1.0045239095639447,0.003854469,0.121846098,0.0008381309909599981,0.8756712636665868,0.0,0.12801451490639795,0.0,0.0,0.0,0.0,0.0,0.0,0.0,0.0,0.0,0.0,0.005862048849999999
7993.0,1.01342864419889,4.88e-09,0.123437459,1.0611265094841313e-09,0.8871078966051297,0.0,0.12632074653263392,0.0,0.0,0.0,0.0,0.0,0.0,0.0,0.0,0.0,0.0,0.005862048849999999
7994.0,1.0118599682917422,0.0,0.121965058,0.0,0.8765261934118609,0.0,0.13533377487988135,0.0,0.0,0.0,0.0,0.0,0.0,0.0,0.0,0.0,0.0,0.005862048849999999
7995.0,0.988018332134641,0.0,0.122910083,0.0,0.883317803890405,0.0,0.10470052824423597,0.0,0.0,0.0,0.0,0.0,0.0,0.0,0.0,0.0,0.0,0.005862048849999999
7996.0,0.9503234028793178,0.0,0.123681496,0.0,0.8888617171351183,0.0,0.061461685744199586,0.0,0.0,0.0,0.0,0.0,0.0,0.0,0.0,0.0,0.0,0.005862048849999999
7997.0,0.9020860872745291,0.0,0.124962418,0.0,0.898067318338682,0.0,0.0040187689358470455,0.0,0.0,0.0,0.0,0.0,0.0,0.0,0.0,0.0,0.0,0.005862048849999999
7998.0,0.8609244979958472,0.0,0.126279193,0.0,0.9075305842712075,0.0,0.0,0.04660608627536023,0.0,0.0,0.0,0.0,0.0,0.0,0.0,0.0,0.0,0.0052752690646995755
7999.0,0.8291949846528728,0.0,0.126042011,0.0,0.9058260285647214,0.0,0.0,0.07663104391184863,0.0,0.04194547764782421,0.0,0.0,0.0,0.0,0.0,0.0,0.0,0.005275340923811037
8000.0,0.8077720004151377,0.0,0.125274241,0.0,0.9003082964654523,0.0,0.0,0.09253629605031458,0.0,0.11091284579977512,0.0,0.0,0.0,0.0,0.0,0.0,0.0,0.005275412783901355
8001.0,0.8000955053160261,0.0,0.120776059,0.0,0.8679812151653822,0.0,0.0,0.06788570984935607,0.0,0.19419400142354662,0.0,0.0,0.0,0.0,0.0,0.0,0.0,0.0052754846449705435
8002.0,0.8053622478258133,0.0,0.118280889,0.0,0.8500491787454473,0.0,0.0,0.04468693091963391,0.0,0.2552884950355379,0.0,0.0,0.0,0.0,0.0,0.0,0.0,0.005275556507018614
8003.0,0.8372386161132734,0.0,0.118464063,0.0,0.851365595197707,0.0,0.0,0.014126979084433593,0.0,0.29550325539991557,0.0,0.0,0.0,0.0,0.0,0.0,0.0,0.005275628370045584
8004.0,0.9054904459880468,0.002163927,0.118618675,0.0004705328492394401,0.8524767451453896,0.0,0.0,0.0,0.05254316799341785,0.3082135113192117,0.0,0.0,0.0,0.0,0.0,0.0,0.0,0.005861889148946068
8005.0,0.9718887923965174,0.02205127,0.115271656,0.004794915402621341,0.8284227261381821,0.0,0.0,0.0,0.13867115085571385,0.25566614493380674,0.0,0.0,0.0,0.0,0.0,0.0,0.0,0.00586196899892918
8006.0,1.0027839035548467,0.069906496,0.111928493,0.015200745100562784,0.8043964190433635,0.0,0.06619682156362586,0.0,0.11698991784729468,0.11699151147056647,0.0,0.0,0.0,0.0,0.0,0.0,0.0,0.005862048849999999
8007.0,1.0239131789035356,0.152222859,0.113483512,0.03309994078573055,0.8155718729570007,0.0,0.17524136516080432,0.0,0.0,0.0,0.0,0.0,0.0,0.0,0.0,0.0,0.0,0.005862048849999999
8008.0,1.0383160636274733,0.244789906,0.127033166,0.05322808576039521,0.9129491614806351,0.0,0.07213881638644287,0.0,0.0,0.0,0.0,0.0,0.0,0.0,0.0,0.0,0.0,0.005862048849999999
8009.0,1.0441702259152024,0.311867765,0.141483509,0.06781376083915315,0.9763564650760492,0.0,0.0,0.0,0.0,0.0,0.0,0.0,0.0,0.0,0.040442965907886964,0.0,0.0,1.5749999999999998e-09
8010.0,1.0393507217364784,0.339189386,0.153385585,0.07375468221726346,0.9655960395192149,0.0,0.0,0.0,0.0,0.0,0.0,0.0,0.0,0.0,0.1367400323768966,0.0,0.0,1.5749999999999998e-09
8011.0,1.035022958538575,0.325975284,0.165780329,0.07088135559201196,0.9641416029465631,0.0,0.0,0.0,0.0,0.0,0.0,0.0,0.0,0.0,0.2272717666181522,0.0,0.0,1.5749999999999998e-09
8012.0,1.0292244230631555,0.273887516,0.175183336,0.05955518521400802,0.9696692378491475,0.0,0.0,0.0,0.0,0.0,0.0,0.0,0.0,0.0,0.2893207152673508,0.0,0.0,1.5749999999999998e-09
8013.0,1.0261716258834288,0.193957769,0.184106458,0.04217494475538923,0.9839966811280395,0.0,0.0,0.0,0.0,0.0,0.0,0.0,0.0,0.0,0.33912106636059475,0.0,0.0,1.5749999999999998e-09
8014.0,1.0353656197423995,0.107245921,0.183204919,0.023319977419496086,1.0120456423229034,0.0,0.0,0.0,0.0,0.0,0.0,0.0,0.0,0.0,0.30459301549168394,0.0,0.0,1.5749999999999998e-09
8015.0,1.066262956733164,0.035160665,0.179701578,0.007645474123481735,1.0586174826096824,0.0,0.0,0.0,0.0,0.0,0.0,0.0,0.0,0.0,0.2328437169942617,0.0,0.0,1.5749999999999998e-09
8016.0,1.094187598513976,0.002832129,0.1909338,0.0006158293361022097,1.0935717691778737,0.0,0.0,0.0,0.0,0.0,0.0,0.0,0.0,0.0,0.27861203208479246,0.0,0.0,1.5749999999999998e-09
8017.0,1.1004044464980487,8.78e-11,0.207817394,1.90915794124399e-11,1.100404446478957,0.0,0.0,0.0,0.0,0.0,0.0,0.0,0.0,0.0,0.39311666747478613,0.0,0.0,1.5749999999999998e-09
8018.0,1.0897263303665745,0.0,0.223845148,0.0,1.0897263303665745,0.0,0.0,0.0,0.0,0.0,0.0,0.0,0.0,0.0,0.5189814315741826,0.0,0.0,1.5749999999999998e-09
8019.0,1.0624803354959558,0.0,0.239751065,0.0,1.0624803354959558,0.0,0.0,0.0,0.0,0.0,0.0,0.0,0.0,0.0,0.6605384685527386,0.0,0.0,1.5749999999999998e-09
8020.0,1.0117442650021018,0.0,0.25284116,0.0,1.0117442650021018,0.0,0.0,0.0,0.0,0.0,0.0,0.0,0.0,0.0,0.8053491152399612,0.0,0.0,1.5749999999999998e-09
8021.0,0.951215656708783,0.0,0.268210309,0.0,0.951215656708783,0.0,0.0,0.0,0.0,0.0,0.0,0.0,0.0,0.0,0.9763311754469394,0.0,0.0,1.5749999999999998e-09
8022.0,0.896877196409562,0.0,0.283532677,0.0,0.896877196409562,0.0,0.0,0.0,0.0,0.0,0.0,0.0,0.0,0.0,1.1407868866812254,0.0,0.0,1.5749999999999998e-09
8023.0,0.8623685692834636,0.0,0.296951797,0.0,0.8623685692834636,0.0,0.0,0.0,0.0,0.0,0.0,0.0,0.0,0.0,1.2717346937283218,0.0,0.0,1.5749999999999998e-09
8024.0,0.8364976678932393,0.0,0.307349037,0.0,0.8364976678932392,0.0,0.0,0.0,0.0,0.0,0.0,0.0,0.0,0.0,1.372327432246599,0.0,0.0,1.5749999999999998e-09
8025.0,0.8231917425881476,0.0,0.315949752,0.0,0.8231917425881478,0.0,0.0,0.0,0.0,0.0,0.0,0.0,0.0,0.0,1.447444109771972,0.0,0.0,1.5749999999999998e-09
8026.0,0.825543642532727,0.0,0.322654426,0.0,0.825543642532727,0.0,0.0,0.0,0.0,0.0,0.0,0.0,0.0,0.0,1.493276685575254,0.0,0.0,1.5749999999999998e-09
8027.0,0.8517282793043661,0.0,0.329583386,0.0,0.8517282793043661,0.0,0.0,0.0,0.0,0.0,0.0,0.0,0.0,0.0,1.5168884005841636,0.0,0.0,1.5749999999999998e-09
8028.0,0.9178662913112966,0.001493271,0.33325126,0.0003247027549065324,0.9175415885563901,0.0,0.0,0.0,0.0,0.0,0.0,0.0,0.0,0.0,1.477434998733933,0.0,0.0,1.5749999999999998e-09
8029.0,0.9828717425795149,0.013412455,0.338480456,0.0029164572864268413,0.9799552852930881,0.0,0.0,0.0,0.0,0.0,0.0,0.0,0.0,0.0,1.4526019610781709,0.0,0.0,1.5749999999999998e-09
8030.0,1.0115484587427626,0.053067441,0.328602125,0.01153919435155432,1.0000092643912082,0.0,0.0,0.0,0.0,0.0,0.0,0.0,0.0,0.0,1.3615553877839948,0.0,0.0,1.5749999999999998e-09
8031.0,1.027809277597949,0.134818303,0.296488429,0.029315425261672946,0.9984938523362761,0.0,0.0,0.0,0.0,0.0,0.0,0.0,0.0,0.0,1.1322793242077205,0.0,0.0,1.5749999999999998e-09
8032.0,1.0398535878797759,0.230931037,0.312724601,0.05021455844741,0.9896390294323658,0.0,0.0,0.0,0.0,0.0,0.0,0.0,0.0,0.0,1.2578186325873009,0.0,0.0,1.5749999999999998e-09
8033.0,1.039094838999809,0.304186409,0.341634482,0.0661434963964513,0.9729513426033577,0.0,0.0,0.0,0.0,0.0,0.0,0.0,0.0,0.0,1.4822729401227073,0.0,0.0,1.5749999999999998e-09
8034.0,1.0314405942256513,0.338263225,0.364490782,0.07355329410473264,0.9578873001209186,0.0,0.0,0.0,0.0,0.0,0.0,0.0,0.0,0.0,1.6615983371521148,0.0,0.0,1.5749999999999998e-09
8035.0,1.0229296969418944,0.330000588,0.375163166,0.0717566336213424,0.951173063320552,0.0,0.0,0.0,0.0,0.0,0.0,0.0,0.0,0.0,1.7450117882647445,0.0,0.0,1.5749999999999998e-09
8036.0,1.0172624415834624,0.282448391,0.370016067,0.06141669574820474,0.9558457458352577,0.0,0.0,0.0,0.0,0.0,0.0,0.0,0.0,0.0,1.7033484531191514,0.0,0.0,1.5749999999999998e-09
8037.0,1.0090964303360408,0.204028239,0.326383227,0.04436470759964429,0.9647317227363965,0.0,0.0,0.0,0.0,0.0,0.0,0.0,0.0,0.0,1.3808863767998598,0.0,0.0,1.5749999999999998e-09
8038.0,1.0191404012071548,0.11172337,0.29015435,0.024293571646701664,0.9948468295604531,0.0,0.0,0.0,0.0,0.0,0.0,0.0,0.0,0.0,1.0904052260520058,0.0,0.0,1.5749999999999998e-09
8039.0,1.0515641372877447,0.035590137,0.29628309,0.007738860214522958,1.0438252770732217,0.0,0.0,0.0,0.0,0.0,0.0,0.0,0.0,0.0,1.0854721898291744,0.0,0.0,1.5749999999999998e-09
8040.0,1.080701442776968,0.002752637,0.311857954,0.0005985442810833752,1.0801028984958845,0.0,0.0,0.0,0.0,0.0,0.0,0.0,0.0,0.0,1.1611264321606976,0.0,0.0,1.5749999999999998e-09
8041.0,1.089690730046633,2.88e-10,0.31632725,6.262385957611267e-11,1.089690729984009,0.0,0.0,0.0,0.0,0.0,0.0,0.0,0.0,0.0,1.1836580869775022,0.0,0.0,1.5749999999999998e-09
8042.0,1.081584795276542,0.0,0.31554859,0.0,1.081584795276542,0.0,0.0,0.0,0.0,0.0,0.0,0.0,0.0,0.0,1.1861680264306391,0.0,0.0,1.5749999999999998e-09
8043.0,1.057146840011457,0.0,0.315354393,0.0,1.057146840011457,0.0,0.0,0.0,0.0,0.0,0.0,0.0,0.0,0.0,1.2092103462574004,0.0,0.0,1.5749999999999998e-09
8044.0,1.0079505186024165,0.0,0.314353265,0.0,1.0079505186024165,0.0,0.0,0.0,0.0,0.0,0.0,0.0,0.0,0.0,1.2512118617986978,0.0,0.0,1.5749999999999998e-09
8045.0,0.950330078376774,0.0,0.313725796,0.0,0.950330078376774,0.0,0.0,0.0,0.0,0.0,0.0,0.0,0.0,0.0,1.3043228710194867,0.0,0.0,1.5749999999999998e-09
8046.0,0.9010358543380261,0.0,0.314247802,0.0,0.9010358543380261,0.0,0.0,0.0,0.0,0.0,0.0,0.0,0.0,0.0,1.3573685951978742,0.0,0.0,1.5749999999999998e-09
8047.0,0.8722478845501589,0.0,0.31788319,0.0,0.8722478845501589,0.0,0.0,0.0,0.0,0.0,0.0,0.0,0.0,0.0,1.412283005275018,0.0,0.0,1.5749999999999998e-09
8048.0,0.8414395508590595,0.0,0.319493762,0.0,0.8414395508590595,0.0,0.0,0.0,0.0,0.0,0.0,0.0,0.0,0.0,1.454666035584355,0.0,0.0,1.5749999999999998e-09
8049.0,0.8277798391876664,0.0,0.322096188,0.0,0.8277798391876664,0.0,0.0,0.0,0.0,0.0,0.0,0.0,0.0,0.0,1.4870286002926894,0.0,0.0,1.5749999999999998e-09
8050.0,0.8311730727387072,0.0,0.328765279,0.0,0.8311730727387073,0.0,0.0,0.0,0.0,0.0,0.0,0.0,0.0,0.0,1.5315641181693513,0.0,0.0,1.5749999999999998e-09
8051.0,0.8573688346728231,0.0,0.331112826,0.0,0.8573688346728231,0.0,0.0,0.0,0.0,0.0,0.0,0.0,0.0,0.0,1.5222394705486924,0.0,0.0,1.5749999999999998e-09
8052.0,0.9232442884456279,0.001101682,0.331466645,0.00023955409328309363,0.9230047343523449,0.0,0.0,0.0,0.0,0.0,0.0,0.0,0.0,0.0,1.4591463616185245,0.0,0.0,1.5749999999999998e-09
8053.0,0.9879471294949086,0.013820137,0.325830046,0.0030051052736480522,0.9849420242212605,0.0,0.0,0.0,0.0,0.0,0.0,0.0,0.0,0.0,1.3567005298255836,0.0,0.0,1.5749999999999998e-09
8054.0,1.0160965043573946,0.064533964,0.296732609,0.014032520484117742,1.0020639838732768,0.0,0.0,0.0,0.0,0.0,0.0,0.0,0.0,0.0,1.130464040898704,0.0,0.0,1.5749999999999998e-09
8055.0,1.0300988762326875,0.164616635,0.245123611,0.03579489247962568,0.9943039837530617,0.0,0.0,0.0,0.0,0.0,0.0,0.0,0.0,0.0,0.7673256927170607,0.0,0.0,1.5749999999999998e-09
8056.0,1.0390169608626203,0.268625377,0.214262512,0.058410964888292796,0.9806059959743274,0.0,0.0,0.0,0.0,0.0,0.0,0.0,0.0,0.0,0.559234242811302,0.0,0.0,1.5749999999999998e-09
8057.0,1.0359574881854376,0.343551175,0.227974307,0.07470312687641843,0.9612543613090192,0.0,0.0,0.0,0.0,0.0,0.0,0.0,0.0,0.0,0.6771284246067382,0.0,0.0,1.5749999999999998e-09
8058.0,1.0268324721336888,0.376997271,0.248884704,0.0819757783322281,0.9448566938014605,0.0,0.0,0.0,0.0,0.0,0.0,0.0,0.0,0.0,0.8438028269897956,0.0,0.0,1.5749999999999998e-09
8059.0,1.0190580734049455,0.364685163,0.257701794,0.07929858485140193,0.9397594885535434,0.0,0.0,0.0,0.0,0.0,0.0,0.0,0.0,0.0,0.9122658065127492,0.0,0.0,1.5749999999999998e-09
8060.0,1.0109499148022685,0.308455824,0.253110508,0.06707185488753514,0.9438780599147333,0.0,0.0,0.0,0.0,0.0,0.0,0.0,0.0,0.0,0.8751510434025658,0.0,0.0,1.5749999999999998e-09
8061.0,1.0064508205024902,0.217639076,0.226989605,0.047324301853121226,0.959126518649369,0.0,0.0,0.0,0.0,0.0,0.0,0.0,0.0,0.0,0.6721795101208703,0.0,0.0,1.5749999999999998e-09
8062.0,1.0167172986228428,0.111465128,0.221971617,0.024237418484393834,0.992479880138449,0.0,0.0,0.0,0.0,0.0,0.0,0.0,0.0,0.0,0.6027633779304769,0.0,0.0,1.5749999999999998e-09
8063.0,1.0482176302190473,0.030874062,0.249503564,0.006713378205667348,1.04150425201338,0.0,0.0,0.0,0.0,0.0,0.0,0.0,0.0,0.0,0.7516028294887057,0.0,0.0,1.5749999999999998e-09
8064.0,1.0796667846679628,0.002029306,0.269737457,0.00044126032632278776,1.0792255243416402,0.0,0.0,0.0,0.0,0.0,0.0,0.0,0.0,0.0,0.8592964612323388,0.0,0.0,1.5749999999999998e-09
8065.0,1.090051190910466,1.99e-11,0.277523068,4.3271347415438965e-12,1.0900511909061388,0.0,0.0,0.0,0.0,0.0,0.0,0.0,0.0,0.0,0.9044236395655607,0.0,0.0,1.5749999999999998e-09
8066.0,1.0829821400818151,0.0,0.28153339,0.0,1.0829821400818151,0.0,0.0,0.0,0.0,0.0,0.0,0.0,0.0,0.0,0.9403136685836211,0.0,0.0,1.5749999999999998e-09
8067.0,1.061603657493913,0.0,0.291515136,0.0,1.061603657493913,0.0,0.0,0.0,0.0,0.0,0.0,0.0,0.0,0.0,1.033427957872686,0.0,0.0,1.5749999999999998e-09
8068.0,1.0171712134512867,0.0,0.302448827,0.0,1.0171712134512867,0.0,0.0,0.0,0.0,0.0,0.0,0.0,0.0,0.0,1.1564375510539737,0.0,0.0,1.5749999999999998e-09
8069.0,0.961982775139998,0.0,0.312249538,0.0,0.961982775139998,0.0,0.0,0.0,0.0,0.0,0.0,0.0,0.0,0.0,1.2820607519639058,0.0,0.0,1.5749999999999998e-09
8070.0,0.9132893198742548,0.0,0.319575305,0.0,0.9132893198742548,0.0,0.0,0.0,0.0,0.0,0.0,0.0,0.0,0.0,1.3834022915878115,0.0,0.0,1.5749999999999998e-09
8071.0,0.8791767559317801,0.0,0.322044112,0.0,0.8791767559317801,0.0,0.0,0.0,0.0,0.0,0.0,0.0,0.0,0.0,1.4352574289973408,0.0,0.0,1.5749999999999998e-09
8072.0,0.8572709310431912,0.0,0.31886487,0.0,0.8572709310431912,0.0,0.0,0.0,0.0,0.0,0.0,0.0,0.0,0.0,1.4343149977223073,0.0,0.0,1.5749999999999998e-09
8073.0,0.8485264013477188,0.0,0.311259051,0.0,0.8485264013477188,0.0,0.0,0.0,0.0,0.0,0.0,0.0,0.0,0.0,1.3883987935553843,0.0,0.0,1.5749999999999998e-09
8074.0,0.8572753817081368,0.0,0.306042053,0.0,0.8572753817081367,0.0,0.0,0.0,0.0,0.0,0.0,0.0,0.0,0.0,1.3421568174717378,0.0,0.0,1.5749999999999998e-09
8075.0,0.8883551739633283,0.0,0.297983265,0.0,0.8883551739633282,0.0,0.0,0.0,0.0,0.0,0.0,0.0,0.0,0.0,1.253160939372081,0.0,0.0,1.5749999999999998e-09
8076.0,0.9616890662509515,0.001559057,0.289563326,0.0003390075230526232,0.9613500587278989,0.0,0.0,0.0,0.0,0.0,0.0,0.0,0.0,0.0,1.119654485134637,0.0,0.0,1.5749999999999998e-09
8077.0,1.0283099189087364,0.022175298,0.286267383,0.004821884541702958,1.0234880343670334,0.0,0.0,0.0,0.0,0.0,0.0,0.0,0.0,0.0,1.0338295583402586,0.0,0.0,1.5749999999999998e-09
8078.0,1.05147735882059,0.090158483,0.295070988,0.01960441728815049,1.0318729415324392,0.0,0.0,0.0,0.0,0.0,0.0,0.0,0.0,0.0,1.0887135128102206,0.0,0.0,1.5749999999999998e-09
8079.0,1.0547771394069445,0.199617038,0.282223536,0.04340551859969287,1.0113716208072516,0.0,0.0,0.0,0.0,0.0,0.0,0.0,0.0,0.0,1.0168840596132445,0.0,0.0,1.5749999999999998e-09
8080.0,1.0490231055813575,0.312015717,0.245111572,0.06784593210745872,0.9811771734738987,0.0,0.0,0.0,0.0,0.0,0.0,0.0,0.0,0.0,0.7803659823237009,0.0,0.0,1.5749999999999998e-09
8081.0,1.037423809798008,0.392446723,0.242676156,0.08533516830644995,0.952088641491558,0.0,0.0,0.0,0.0,0.0,0.0,0.0,0.0,0.0,0.7919519119143439,0.0,0.0,1.5749999999999998e-09
8082.0,1.0210205866632818,0.424803458,0.27678083,0.09237094479596902,0.9286496418673127,0.0,0.0,0.0,0.0,0.0,0.0,0.0,0.0,0.0,1.0604909473109039,0.0,0.0,1.5749999999999998e-09
8083.0,1.0074009259767758,0.403983421,0.309153162,0.08784375356868612,0.9195571724080897,0.0,0.0,0.0,0.0,0.0,0.0,0.0,0.0,0.0,1.3022336315539793,0.0,0.0,1.5749999999999998e-09
8084.0,0.9971767246737454,0.334208442,0.315955829,0.0726716060449979,0.9245051186287474,0.0,0.0,0.0,0.0,0.0,0.0,0.0,0.0,0.0,1.3461744073028423,0.0,0.0,1.5749999999999998e-09
8085.0,0.9932939759743193,0.22733643,0.310594172,0.04943293287796794,0.9438610430963514,0.0,0.0,0.0,0.0,0.0,0.0,0.0,0.0,0.0,1.2882858663821715,0.0,0.0,1.5749999999999998e-09
8086.0,1.0074142769716878,0.110951797,0.327342899,0.024125797760574167,0.9832884792111136,0.0,0.0,0.0,0.0,0.0,0.0,0.0,0.0,0.0,1.3692264943879087,0.0,0.0,1.5749999999999998e-09
8087.0,1.0500777891828061,0.029136429,0.365239757,0.0063355404105742245,1.0437422487722319,0.0,0.0,0.0,0.0,0.0,0.0,0.0,0.0,0.0,1.5811260465872725,0.0,0.0,1.5749999999999998e-09
8088.0,1.0883000597388912,0.001911588,0.396678617,0.0004156632586089655,1.0878843964802822,0.0,0.0,0.0,0.0,0.0,0.0,0.0,0.0,0.0,1.7629255311212075,0.0,0.0,1.5749999999999998e-09
8089.0,1.1049079904628476,0.0,0.412594649,0.0,1.1049079904628476,0.0,0.0,0.0,0.0,0.0,0.0,0.0,0.0,0.0,1.860285672709705,0.0,0.0,1.5749999999999998e-09
8090.0,1.1037220277443363,0.0,0.419182675,0.0,1.1037220277443363,0.0,0.0,0.0,0.0,0.0,0.0,0.0,0.0,0.0,1.908817797079518,0.0,0.0,1.5749999999999998e-09
8091.0,1.086179567373517,0.0,0.425307167,0.0,1.086179567373517,0.0,0.0,0.0,0.0,0.0,0.0,0.0,0.0,0.0,1.970375139641771,0.0,0.0,1.5749999999999998e-09
8092.0,1.0448310721654626,0.0,0.431605421,0.0,1.0448310721654626,0.0,0.0,0.0,0.0,0.0,0.0,0.0,0.0,0.0,2.056987292279981,0.0,0.0,1.5749999999999998e-09
8093.0,0.9912268845888196,0.0,0.432597259,0.0,0.9912268845888196,0.0,0.0,0.0,0.0,0.0,0.0,0.0,0.0,0.0,2.11771952128814,0.0,0.0,1.5749999999999998e-09
8094.0,0.9454949993705519,0.0,0.422573077,0.0,0.9454949993705519,0.0,0.0,0.0,0.0,0.0,0.0,0.0,0.0,0.0,2.091410625034982,0.0,0.0,1.5749999999999998e-09
8095.0,0.9139835426118704,0.0,0.410137964,0.0,0.9139835426118705,0.0,0.0,0.0,0.0,0.0,0.0,0.0,0.0,0.0,2.0335546642621902,0.0,0.0,1.5749999999999998e-09
8096.0,0.89373539593017,0.0,0.394323262,0.0,0.89373539593017,0.0,0.0,0.0,0.0,0.0,0.0,0.0,0.0,0.0,1.940147303609955,0.0,0.0,1.5749999999999998e-09
8097.0,0.8835935214294244,0.0,0.377185761,0.0,0.8835935214294245,0.0,0.0,0.0,0.0,0.0,0.0,0.0,0.0,0.0,1.8271271121678305,0.0,0.0,1.5749999999999998e-09
8098.0,0.8911943642237827,0.0,0.362860629,0.0,0.8911943642237827,0.0,0.0,0.0,0.0,0.0,0.0,0.0,0.0,0.0,1.716575853672588,0.0,0.0,1.5749999999999998e-09
8099.0,0.9245059034688927,0.0,0.356935633,0.0,0.9245059034688927,0.0,0.0,0.0,0.0,0.0,0.0,0.0,0.0,0.0,1.6406831499938046,0.0,0.0,1.5749999999999998e-09
8100.0,0.9984806165143324,0.001940012,0.358323207,0.00042184388563879687,0.9980587726286936,0.0,0.0,0.0,0.0,0.0,0.0,0.0,0.0,0.0,1.5771023578882142,0.0,0.0,1.5749999999999998e-09
8101.0,1.063270236030768,0.028065196,0.356107462,0.006102607268333607,1.0571676287624343,0.0,0.0,0.0,0.0,0.0,0.0,0.0,0.0,0.0,1.5020696087783283,0.0,0.0,1.5749999999999998e-09
8102.0,1.0786499272188907,0.103737655,0.351222646,0.02255712617873341,1.0560928010401573,0.0,0.0,0.0,0.0,0.0,0.0,0.0,0.0,0.0,1.468038732914605,0.0,0.0,1.5749999999999998e-09
8103.0,1.069754092913912,0.218677796,0.303351117,0.047550165239992406,1.0222039276739197,0.0,0.0,0.0,0.0,0.0,0.0,0.0,0.0,0.0,1.1578893237165406,0.0,0.0,1.5749999999999998e-09
8104.0,1.0542097461213706,0.330381672,0.257843086,0.071839498034199,0.9823702480871717,0.0,0.0,0.0,0.0,0.0,0.0,0.0,0.0,0.0,0.8706704700925144,0.0,0.0,1.5749999999999998e-09
8105.0,1.0305349904011984,0.405525808,0.281096739,0.08817913630097787,0.9423558541002206,0.0,0.0,0.0,0.0,0.0,0.0,0.0,0.0,0.0,1.0778018751418494,0.0,0.0,1.5749999999999998e-09
8106.0,1.0077057610282238,0.432839861,0.356811986,0.09411841206322266,0.9135873489650013,0.0,0.0,0.0,0.0,0.0,0.0,0.0,0.0,0.0,1.6507130906929393,0.0,0.0,1.5749999999999998e-09
8107.0,0.9886547022275117,0.407988221,0.404971836,0.08871457312712508,0.8999401291003866,0.0,0.0,0.0,0.0,0.0,0.0,0.0,0.0,0.0,2.01047066944236,0.0,0.0,1.5749999999999998e-09
8108.0,0.9757937914208975,0.333612167,0.424749426,0.07254194964962031,0.9032518417712772,0.0,0.0,0.0,0.0,0.0,0.0,0.0,0.0,0.0,2.149294548405923,0.0,0.0,1.5749999999999998e-09
8109.0,0.9665263710896087,0.221769408,0.443284669,0.04822241758635291,0.9183039535032559,0.0,0.0,0.0,0.0,0.0,0.0,0.0,0.0,0.0,2.2674496540292126,0.0,0.0,1.5749999999999998e-09
8110.0,0.9737934530101091,0.105225566,0.483590649,0.022880663434031168,0.950912789576078,0.0,0.0,0.0,0.0,0.0,0.0,0.0,0.0,0.0,2.5245077750379386,0.0,0.0,1.5749999999999998e-09
8111.0,1.0123539341050731,0.028917397,0.542320184,0.006287913225814937,1.0060660208792582,0.0,0.0,0.0,0.0,0.0,0.0,0.0,0.0,0.0,2.8914260501033997,0.0,0.0,1.5749999999999998e-09
8112.0,1.0475345326439085,0.00246052,0.575866087,0.0005350252047368637,1.0469995074391716,0.0,0.0,0.0,0.0,0.0,0.0,0.0,0.0,0.0,3.0915768801774637,0.0,0.0,1.5749999999999998e-09
8113.0,1.0601595862062965,0.0,0.584299516,0.0,1.0601595862062965,0.0,0.0,0.0,0.0,0.0,0.0,0.0,0.0,0.0,3.1390253194563784,0.0,0.0,1.5749999999999998e-09
8114.0,1.059249532716823,0.0,0.574625585,0.0,1.059249532716823,0.0,0.0,0.0,0.0,0.0,0.0,0.0,0.0,0.0,3.0704117400807824,0.0,0.0,1.5749999999999998e-09
8115.0,1.04846238779324,0.0,0.557147919,0.0,1.04846238779324,0.0,0.0,0.0,0.0,0.0,0.0,0.0,0.0,0.0,2.9555921555039872,0.0,0.0,1.5749999999999998e-09
8116.0,1.020292988438235,0.0,0.529696891,0.0,1.020292988438235,0.0,0.0,0.0,0.0,0.0,0.0,0.0,0.0,0.0,2.786479271944139,0.0,0.0,1.5749999999999998e-09
8117.0,0.9771933610586812,0.0,0.492609404,0.0,0.9771933610586812,0.0,0.0,0.0,0.0,0.0,0.0,0.0,0.0,0.0,2.5630422835388518,0.0,0.0,1.5749999999999998e-09
8118.0,0.9377539771291641,0.0,0.456068919,0.0,0.9377539771291641,0.0,0.0,0.0,0.0,0.0,0.0,0.0,0.0,0.0,2.3398761905581447,0.0,0.0,1.5749999999999998e-09
8119.0,0.9082895852636143,0.0,0.424255923,0.0,0.9082895852636143,0.0,0.0,0.0,0.0,0.0,0.0,0.0,0.0,0.0,2.140710147263267,0.0,0.0,1.5749999999999998e-09
8120.0,0.8908850795073139,0.0,0.397471655,0.0,0.8908850795073139,0.0,0.0,0.0,0.0,0.0,0.0,0.0,0.0,0.0,1.9656241737106235,0.0,0.0,1.5749999999999998e-09
8121.0,0.8805362745846768,0.0,0.375189915,0.0,0.8805362745846768,0.0,0.0,0.0,0.0,0.0,0.0,0.0,0.0,0.0,1.8158408140194184,0.0,0.0,1.5749999999999998e-09
8122.0,0.8804517219499571,0.0,0.360448492,0.0,0.8804517219499571,0.0,0.0,0.0,0.0,0.0,0.0,0.0,0.0,0.0,1.709983192727045,0.0,0.0,1.5749999999999998e-09
8123.0,0.8945097206375598,0.0,0.350810793,0.0,0.8945097206375598,0.0,0.0,0.0,0.0,0.0,0.0,0.0,0.0,0.0,1.6266619496623578,0.0,0.0,1.5749999999999998e-09
8124.0,0.923146384815996,0.002095682,0.345458757,0.00045569338640342696,0.9226906914295925,0.0,0.0,0.0,0.0,0.0,0.0,0.0,0.0,0.0,1.560017505650944,0.0,0.0,1.5749999999999998e-09
8125.0,0.959864507607134,0.02814891,0.336315202,0.006120810371738311,0.9537436972353958,0.0,0.0,0.0,0.0,0.0,0.0,0.0,0.0,0.0,1.4632525197926076,0.0,0.0,1.5749999999999998e-09
8126.0,0.9896003580367763,0.096228197,0.331625769,0.020924239917328148,0.9686761181194481,0.0,0.0,0.0,0.0,0.0,0.0,0.0,0.0,0.0,1.4146185541862144,0.0,0.0,1.5749999999999998e-09
8127.0,0.9968429637998873,0.20505351,0.312824379,0.04458764658273963,0.9522553172171477,0.0,0.0,0.0,0.0,0.0,0.0,0.0,0.0,0.0,1.2959194192823773,0.0,0.0,1.5749999999999998e-09
8128.0,0.9871794802849749,0.314051031,0.298253498,0.06828849883707433,0.9188909814479006,0.0,0.0,0.0,0.0,0.0,0.0,0.0,0.0,0.0,1.2245672151915996,0.0,0.0,1.5749999999999998e-09
8129.0,0.9679214900624469,0.390572104,0.32660458,0.0849275437334822,0.8829939463289648,0.0,0.0,0.0,0.0,0.0,0.0,0.0,0.0,0.0,1.4642149506510176,0.0,0.0,1.5749999999999998e-09
8130.0,0.9473907596541771,0.418530432,0.360373156,0.09100691320103393,0.8563838464531431,0.0,0.0,0.0,0.0,0.0,0.0,0.0,0.0,0.0,1.7335096510475811,0.0,0.0,1.5749999999999998e-09
8131.0,0.9281505700915821,0.394183561,0.367184977,0.08571283323359737,0.8424377368579846,0.0,0.0,0.0,0.0,0.0,0.0,0.0,0.0,0.0,1.7964102696573874,0.0,0.0,1.5749999999999998e-09
8132.0,0.9113779847631317,0.321735815,0.352573005,0.06995950867766029,0.8414184760854715,0.0,0.0,0.0,0.0,0.0,0.0,0.0,0.0,0.0,1.6924176819101326,0.0,0.0,1.5749999999999998e-09
8133.0,0.9016566486034744,0.214902819,0.342496214,0.04672931930405124,0.8549273292994231,0.0,0.0,0.0,0.0,0.0,0.0,0.0,0.0,0.0,1.6064899621628093,0.0,0.0,1.5749999999999998e-09
8134.0,0.9097269810537746,0.103542342,0.362249536,0.02251465654718692,0.8872123245065876,0.0,0.0,0.0,0.0,0.0,0.0,0.0,0.0,0.0,1.7161661517721907,0.0,0.0,1.5749999999999998e-09
8135.0,0.9519477045988506,0.027095809,0.411955946,0.005891819923323507,0.9460558846755271,0.0,0.0,0.0,0.0,0.0,0.0,0.0,0.0,0.0,2.0145476121125623,0.0,0.0,1.5749999999999998e-09
8136.0,0.9918699301791464,0.001641513,0.454718414,0.00035693708195959524,0.9915129930971868,0.0,0.0,0.0,0.0,0.0,0.0,0.0,0.0,0.0,2.2764115012911867,0.0,0.0,1.5749999999999998e-09
8137.0,1.0054651147082634,0.0,0.476958682,0.0,1.0054651147082634,0.0,0.0,0.0,0.0,0.0,0.0,0.0,0.0,0.0,2.422293497501787,0.0,0.0,1.5749999999999998e-09
8138.0,1.0078236901502993,0.0,0.490560151,0.0,1.0078236901502993,0.0,0.0,0.0,0.0,0.0,0.0,0.0,0.0,0.0,2.5176845894061097,0.0,0.0,1.5749999999999998e-09
8139.0,1.0001227188937984,0.0,0.498523017,0.0,1.0001227188937984,0.0,0.0,0.0,0.0,0.0,0.0,0.0,0.0,0.0,2.582612283939607,0.0,0.0,1.5749999999999998e-09
8140.0,0.9774381196327986,0.0,0.491434534,0.0,0.9774381196327986,0.0,0.0,0.0,0.0,0.0,0.0,0.0,0.0,0.0,2.554354087592255,0.0,0.0,1.5749999999999998e-09
8141.0,0.9439552492858141,0.0,0.479287956,0.0,0.9439552492858141,0.0,0.0,0.0,0.0,0.0,0.0,0.0,0.0,0.0,2.5005431546819152,0.0,0.0,1.5749999999999998e-09
8142.0,0.90835188757338,0.0,0.46231827,0.0,0.90835188757338,0.0,0.0,0.0,0.0,0.0,0.0,0.0,0.0,0.0,2.4141904863896357,0.0,0.0,1.5749999999999998e-09
8143.0,0.8788340947279556,0.0,0.446957849,0.0,0.8788340947279556,0.0,0.0,0.0,0.0,0.0,0.0,0.0,0.0,0.0,2.3333175528326375,0.0,0.0,1.5749999999999998e-09
8144.0,0.8586593755184979,0.0,0.434471367,0.0,0.8586593755184979,0.0,0.0,0.0,0.0,0.0,0.0,0.0,0.0,0.0,2.2637556809557715,0.0,0.0,1.5749999999999998e-09
8145.0,0.8475095438986467,0.0,0.424344053,0.0,0.8475095438986467,0.0,0.0,0.0,0.0,0.0,0.0,0.0,0.0,0.0,2.2021235524349843,0.0,0.0,1.5749999999999998e-09
8146.0,0.8461455755807291,0.0,0.417210879,0.0,0.8461455755807291,0.0,0.0,0.0,0.0,0.0,0.0,0.0,0.0,0.0,2.1522235443674327,0.0,0.0,1.5749999999999998e-09
8147.0,0.8540801792489456,0.0,0.403961515,0.0,0.8540801792489456,0.0,0.0,0.0,0.0,0.0,0.0,0.0,0.0,0.0,2.0490697460996596,0.0,0.0,1.5749999999999998e-09
8148.0,0.8703343236066007,0.001799457,0.396241437,0.0003912810502821284,0.8699430425563186,0.0,0.0,0.0,0.0,0.0,0.0,0.0,0.0,0.0,1.9777250038578904,0.0,0.0,1.5749999999999998e-09
8149.0,0.8983435180221324,0.024776763,0.38815293,0.005387557384939666,0.8929559606371927,0.0,0.0,0.0,0.0,0.0,0.0,0.0,0.0,0.0,1.8965824184169169,0.0,0.0,1.5749999999999998e-09
8150.0,0.926661997154133,0.090747043,0.361596914,0.019732396103400895,0.9069296010507322,0.0,0.0,0.0,0.0,0.0,0.0,0.0,0.0,0.0,1.6917586771764304,0.0,0.0,1.5749999999999998e-09
8151.0,0.9383347204097253,0.201080528,0.303821791,0.04372374565612011,0.8946109747536052,0.0,0.0,0.0,0.0,0.0,0.0,0.0,0.0,0.0,1.2888648691295173,0.0,0.0,1.5749999999999998e-09
8152.0,0.9303066637768226,0.312519897,0.246124794,0.06795556300162914,0.8623511007751935,0.0,0.0,0.0,0.0,0.0,0.0,0.0,0.0,0.0,0.9064737768311322,0.0,0.0,1.5749999999999998e-09
8153.0,0.9178373654888866,0.388780608,0.221266219,0.08453799375454064,0.833299371734346,0.0,0.0,0.0,0.0,0.0,0.0,0.0,0.0,0.0,0.7568744030422393,0.0,0.0,1.5749999999999998e-09
8154.0,0.9074373834189607,0.416692564,0.2246758,0.09060727991092479,0.8168301035080359,0.0,0.0,0.0,0.0,0.0,0.0,0.0,0.0,0.0,0.7978473045555471,0.0,0.0,1.5749999999999998e-09
8155.0,0.8981610617577808,0.39115538,0.231448039,0.08505437357486455,0.8131066881829163,0.0,0.0,0.0,0.0,0.0,0.0,0.0,0.0,0.0,0.8502407649647705,0.0,0.0,1.5749999999999998e-09
8156.0,0.8907048490753974,0.31784003,0.239231978,0.0691123937721786,0.8215924553032188,0.0,0.0,0.0,0.0,0.0,0.0,0.0,0.0,0.0,0.8976958265810078,0.0,0.0,1.5749999999999998e-09
8157.0,0.8876631770581477,0.211637448,0.250813614,0.046019284113190444,0.8416438929449572,0.0,0.0,0.0,0.0,0.0,0.0,0.0,0.0,0.0,0.9608781239370568,0.0,0.0,1.5749999999999998e-09
8158.0,0.9038283181161373,0.102410751,0.279948053,0.022268598922598054,0.8815597191935393,0.0,0.0,0.0,0.0,0.0,0.0,0.0,0.0,0.0,1.1303427492097624,0.0,0.0,1.5749999999999998e-09
8159.0,0.9517452238419801,0.026722194,0.327650909,0.005810579599380697,0.9459346442425993,0.0,0.0,0.0,0.0,0.0,0.0,0.0,0.0,0.0,1.4087939045988733,0.0,0.0,1.5749999999999998e-09
8160.0,0.9952720640601538,0.001819193,0.366789687,0.00039557252421474704,0.994876491535939,0.0,0.0,0.0,0.0,0.0,0.0,0.0,0.0,0.0,1.6411306846246128,0.0,0.0,1.5749999999999998e-09
8161.0,1.0130615068376763,0.0,0.392443165,0.0,1.0130615068376763,0.0,0.0,0.0,0.0,0.0,0.0,0.0,0.0,0.0,1.807309500963204,0.0,0.0,1.5749999999999998e-09
8162.0,1.0163234612716543,0.0,0.414554872,0.0,1.0163234612716543,0.0,0.0,0.0,0.0,0.0,0.0,0.0,0.0,0.0,1.9629577351059282,0.0,0.0,1.5749999999999998e-09
8163.0,1.0007768896466023,0.0,0.435060756,0.0,1.0007768896466023,0.0,0.0,0.0,0.0,0.0,0.0,0.0,0.0,0.0,2.1258739283242827,0.0,0.0,1.5749999999999998e-09
8164.0,0.9615177361490016,0.0,0.450015753,0.0,0.9615177361490016,0.0,0.0,0.0,0.0,0.0,0.0,0.0,0.0,0.0,2.272610147859074,0.0,0.0,1.5749999999999998e-09
8165.0,0.9151250036805494,0.0,0.460332357,0.0,0.9151250036805494,0.0,0.0,0.0,0.0,0.0,0.0,0.0,0.0,0.0,2.393145210773166,0.0,0.0,1.5749999999999998e-09
8166.0,0.8721588812504935,0.0,0.464773975,0.0,0.8721588812504935,0.0,0.0,0.0,0.0,0.0,0.0,0.0,0.0,0.0,2.4680319060457285,0.0,0.0,1.5749999999999998e-09
8167.0,0.8427434416997219,0.0,0.464174021,0.0,0.8427434416997219,0.0,0.0,0.0,0.0,0.0,0.0,0.0,0.0,0.0,2.493135656622087,0.0,0.0,1.5749999999999998e-09
8168.0,0.8243154039968181,0.0,0.45663726,0.0,0.8243154039968181,0.0,0.0,0.0,0.0,0.0,0.0,0.0,0.0,0.0,2.4573992595408507,0.0,0.0,1.5749999999999998e-09
8169.0,0.818904030375131,0.0,0.442985608,0.0,0.8189040303751309,0.0,0.0,0.0,0.0,0.0,0.0,0.0,0.0,0.0,2.364700315686663,0.0,0.0,1.5749999999999998e-09
8170.0,0.8279689699495494,0.0,0.429450029,0.0,0.8279689699495495,0.0,0.0,0.0,0.0,0.0,0.0,0.0,0.0,0.0,2.258359240380849,0.0,0.0,1.5749999999999998e-09
8171.0,0.8626711785024765,0.0,0.415041974,0.0,0.8626711785024765,0.0,0.0,0.0,0.0,0.0,0.0,0.0,0.0,0.0,2.1201106734633917,0.0,0.0,1.5749999999999998e-09
8172.0,0.9376137976821347,0.001538511,0.405722585,0.00033453991951494684,0.9372792577626199,0.0,0.0,0.0,0.0,0.0,0.0,0.0,0.0,0.0,1.9785269480711047,0.0,0.0,1.5749999999999998e-09
8173.0,1.0070693909353527,0.021826836,0.394877368,0.004746113585607085,1.0023232773497457,0.0,0.0,0.0,0.0,0.0,0.0,0.0,0.0,0.0,1.8355416153766166,0.0,0.0,1.5749999999999998e-09
8174.0,1.0297517653638422,0.082255534,0.261273459,0.01788596878671584,1.0118657965771263,0.0,0.0,0.0,0.0,0.0,0.0,0.0,0.0,0.0,0.8658279807407995,0.0,0.0,1.5749999999999998e-09
8175.0,1.0291665714183353,0.185786254,1.147583673,0.04039809820023611,0.9887684732180992,0.0,0.0,0.0,0.0,0.0,0.0,0.0,0.0,0.0,7.258570272902873,0.0,0.0,1.5749999999999998e-09
8176.0,1.0219840421325546,0.292875817,0.189420571,0.06368407651752525,0.9582999656150293,0.0,0.0,0.0,0.0,0.0,0.0,0.0,0.0,0.0,0.4030087138965332,0.0,0.0,1.5749999999999998e-09
8177.0,1.0093055865903675,0.365098566,0.25309494,0.07938847683550036,0.9299171097548672,0.0,0.0,0.0,0.0,0.0,0.0,0.0,0.0,0.0,0.8890001110281814,0.0,0.0,1.5749999999999998e-09
8178.0,0.9969163912721302,0.392357844,0.265700161,0.08531584210500806,0.9116005491671221,0.0,0.0,0.0,0.0,0.0,0.0,0.0,0.0,0.0,0.9979066041869851,0.0,0.0,1.5749999999999998e-09
8179.0,0.990109898677605,0.36995349,0.59450085,0.08044415072032224,0.9096657479572827,0.0,0.0,0.0,0.0,0.0,0.0,0.0,0.0,0.0,3.3628330773260675,0.0,0.0,1.5749999999999998e-09
8180.0,0.9779120589537614,0.303022145,1.40492473,0.06589033422545991,0.9120217247283016,0.0,0.0,0.0,0.0,0.0,0.0,0.0,0.0,0.0,9.184749808124055,0.0,0.0,1.5749999999999998e-09
8181.0,0.9761386774572326,0.202479242,1.467051239,0.04402788756279769,0.9321107898944349,0.0,0.0,0.0,0.0,0.0,0.0,0.0,0.0,0.0,9.611145279895847,0.0,0.0,1.5749999999999998e-09
8182.0,0.9886302270700473,0.096477107,0.862691096,0.020978363892630546,0.9676518631774169,0.0,0.0,0.0,0.0,0.0,0.0,0.0,0.0,0.0,5.232249607514182,0.0,0.0,1.5749999999999998e-09
8183.0,1.029429129652461,0.02579601,0.634117802,0.005609186485638883,1.023819943166822,0.0,0.0,0.0,0.0,0.0,0.0,0.0,0.0,0.0,3.533394002172802,0.0,0.0,1.5749999999999998e-09
8184.0,1.0645696772064095,0.001852028,0.451293976,0.00040271229653829436,1.0641669649098713,0.0,0.0,0.0,0.0,0.0,0.0,0.0,0.0,0.0,2.1791471234004356,0.0,0.0,1.5749999999999998e-09
8185.0,1.079190619514565,0.0,0.471517419,0.0,1.079190619514565,0.0,0.0,0.0,0.0,0.0,0.0,0.0,0.0,0.0,2.3094632718602535,0.0,0.0,1.5749999999999998e-09
8186.0,1.0734410353539992,0.0,0.489816866,0.0,1.0734410353539992,0.0,0.0,0.0,0.0,0.0,0.0,0.0,0.0,0.0,2.446725478434791,0.0,0.0,1.5749999999999998e-09
8187.0,1.0510011936671921,0.0,0.506489949,0.0,1.0510011936671921,0.0,0.0,0.0,0.0,0.0,0.0,0.0,0.0,0.0,2.588989753562444,0.0,0.0,1.5749999999999998e-09
8188.0,1.0053916872360207,0.0,0.516741605,0.0,1.0053916872360207,0.0,0.0,0.0,0.0,0.0,0.0,0.0,0.0,0.0,2.708274828695005,0.0,0.0,1.5749999999999998e-09
8189.0,0.9473462580043444,0.0,0.521722871,0.0,0.9473462580043444,0.0,0.0,0.0,0.0,0.0,0.0,0.0,0.0,0.0,2.8021191186573664,0.0,0.0,1.5749999999999998e-09
8190.0,0.8984525468142412,0.0,0.519028431,0.0,0.8984525468142412,0.0,0.0,0.0,0.0,0.0,0.0,0.0,0.0,0.0,2.8316486998638086,0.0,0.0,1.5749999999999998e-09
8191.0,0.8639861955055405,0.0,0.521227068,0.0,0.8639861955055405,0.0,0.0,0.0,0.0,0.0,0.0,0.0,0.0,0.0,2.8819159940975267,0.0,0.0,1.5749999999999998e-09
8192.0,0.8457072365797078,0.0,0.520418029,0.0,0.8457072365797078,0.0,0.0,0.0,0.0,0.0,0.0,0.0,0.0,0.0,2.894380633031877,0.0,0.0,1.5749999999999998e-09
8193.0,0.8370672860113235,0.0,0.507751344,0.0,0.8370672860113235,0.0,0.0,0.0,0.0,0.0,0.0,0.0,0.0,0.0,2.811988927745213,0.0,0.0,1.5749999999999998e-09
8194.0,0.8455270061477913,0.0,0.494798729,0.0,0.8455270061477913,0.0,0.0,0.0,0.0,0.0,0.0,0.0,0.0,0.0,2.7104426588311483,0.0,0.0,1.5749999999999998e-09
8195.0,0.8774033744352514,0.0,0.48681934,0.0,0.8774033744352515,0.0,0.0,0.0,0.0,0.0,0.0,0.0,0.0,0.0,2.621220821434638,0.0,0.0,1.5749999999999998e-09
8196.0,0.9517941751568337,0.001499736,0.484738706,0.000326108530087642,0.9514680666267461,0.0,0.0,0.0,0.0,0.0,0.0,0.0,0.0,0.0,2.532203238392198,0.0,0.0,1.5749999999999998e-09
8197.0,1.0188600423130956,0.02153709,0.474263472,0.004683110068882293,1.0141769322442133,0.0,0.0,0.0,0.0,0.0,0.0,0.0,0.0,0.0,2.394212016223738,0.0,0.0,1.5749999999999998e-09
8198.0,1.03671846289784,0.079789824,0.444663093,0.017349815047842863,1.0193686478499973,0.0,0.0,0.0,0.0,0.0,0.0,0.0,0.0,0.0,2.1762912784383524,0.0,0.0,1.5749999999999998e-09
8199.0,1.0291354207634147,0.181796523,0.376612015,0.03953055530478311,0.9896048654586316,0.0,0.0,0.0,0.0,0.0,0.0,0.0,0.0,0.0,1.716992428178704,0.0,0.0,1.5749999999999998e-09
8200.0,1.0163412619315872,0.285407432,0.341946984,0.062060121331760164,0.9542811405998272,0.0,0.0,0.0,0.0,0.0,0.0,0.0,0.0,0.0,1.5031890000218129,0.0,0.0,1.5749999999999998e-09
8201.0,0.9814098706319654,0.358643116,0.391356637,0.07798477824417877,0.9034250923877866,0.0,0.0,0.0,0.0,0.0,0.0,0.0,0.0,0.0,1.9091373654276103,0.0,0.0,1.5749999999999998e-09
8202.0,0.9843736655119514,0.387448107,0.455512372,0.08424824946457873,0.9001254160473727,0.0,0.0,0.0,0.0,0.0,0.0,0.0,0.0,0.0,2.3735050157207778,0.0,0.0,1.5749999999999998e-09
8203.0,0.9740626867416909,0.367283689,0.494704664,0.07986361862684944,0.8941990681148414,0.0,0.0,0.0,0.0,0.0,0.0,0.0,0.0,0.0,2.661094579997175,0.0,0.0,1.5749999999999998e-09
8204.0,0.9677301344680533,0.302878304,0.494990947,0.06585905686926098,0.9018710775987924,0.0,0.0,0.0,0.0,0.0,0.0,0.0,0.0,0.0,2.6554800003406136,0.0,0.0,1.5749999999999998e-09
8205.0,0.9757314901110565,0.205339406,0.473099499,0.044649812940230516,0.931081677170826,0.0,0.0,0.0,0.0,0.0,0.0,0.0,0.0,0.0,2.468942147386601,0.0,0.0,1.5749999999999998e-09
8206.0,0.978283645979996,0.099694304,0.456904775,0.021677923938313498,0.9566057220416825,0.0,0.0,0.0,0.0,0.0,0.0,0.0,0.0,0.0,2.327031491351458,0.0,0.0,1.5749999999999998e-09
8207.0,1.0203285887581768,0.025869399,0.481437414,0.005625144480188991,1.0147034442779879,0.0,0.0,0.0,0.0,0.0,0.0,0.0,0.0,0.0,2.445242467931312,0.0,0.0,1.5749999999999998e-09
8208.0,1.058330577897458,0.001613382,0.491158805,0.0003508201660091243,1.057979757731449,0.0,0.0,0.0,0.0,0.0,0.0,0.0,0.0,0.0,2.4718308680903203,0.0,0.0,1.5749999999999998e-09
8209.0,1.072121568685914,0.0,0.495594694,0.0,1.072121568685914,0.0,0.0,0.0,0.0,0.0,0.0,0.0,0.0,0.0,2.48956845737824,0.0,0.0,1.5749999999999998e-09
8210.0,1.066652343419407,0.0,0.503383525,0.0,1.066652343419407,0.0,0.0,0.0,0.0,0.0,0.0,0.0,0.0,0.0,2.5510136687141203,0.0,0.0,1.5749999999999998e-09
8211.0,1.0465955533320248,0.0,0.510531101,0.0,1.0465955533320248,0.0,0.0,0.0,0.0,0.0,0.0,0.0,0.0,0.0,2.622437938029872,0.0,0.0,1.5749999999999998e-09
8212.0,1.0005321320724097,0.0,0.516527264,0.0,1.0005321320724097,0.0,0.0,0.0,0.0,0.0,0.0,0.0,0.0,0.0,2.7115939795501776,0.0,0.0,1.5749999999999998e-09
8213.0,0.9408557256237443,0.0,0.525922262,0.0,0.9408557256237443,0.0,0.0,0.0,0.0,0.0,0.0,0.0,0.0,0.0,2.8387894112761654,0.0,0.0,1.5749999999999998e-09
8214.0,0.8935329141733749,0.0,0.530231288,0.0,0.8935329141733749,0.0,0.0,0.0,0.0,0.0,0.0,0.0,0.0,0.0,2.9170798967393052,0.0,0.0,1.5749999999999998e-09
8215.0,0.8677843915702468,0.0,0.528797458,0.0,0.8677843915702468,0.0,0.0,0.0,0.0,0.0,0.0,0.0,0.0,0.0,2.932523914326745,0.0,0.0,1.5749999999999998e-09
8216.0,0.8391477273918106,0.0,0.521723602,0.0,0.8391477273918106,0.0,0.0,0.0,0.0,0.0,0.0,0.0,0.0,0.0,2.9103229027470667,0.0,0.0,1.5749999999999998e-09
8217.0,0.828925750921291,0.0,0.520734431,0.0,0.8289257509212908,0.0,0.0,0.0,0.0,0.0,0.0,0.0,0.0,0.0,2.9134360047130263,0.0,0.0,1.5749999999999998e-09
8218.0,0.8355141859315982,0.0,0.532960542,0.0,0.8355141859315983,0.0,0.0,0.0,0.0,0.0,0.0,0.0,0.0,0.0,2.9947129527131615,0.0,0.0,1.5749999999999998e-09
8219.0,0.8643444315368629,0.0,0.538782385,0.0,0.8643444315368629,0.0,0.0,0.0,0.0,0.0,0.0,0.0,0.0,0.0,3.007722541951672,0.0,0.0,1.5749999999999998e-09
8220.0,0.9347634812592786,0.001506721,0.536910411,0.00032762737612631964,0.9344358538831522,0.0,0.0,0.0,0.0,0.0,0.0,0.0,0.0,0.0,2.924177805424317,0.0,0.0,1.5749999999999998e-09
8221.0,0.9978731722438716,0.019734721,0.531086931,0.004291195821797784,0.9935819764220738,0.0,0.0,0.0,0.0,0.0,0.0,0.0,0.0,0.0,2.8231800834149134,0.0,0.0,1.5749999999999998e-09
8222.0,1.0143564983482967,0.076297699,0.517624277,0.016590473569987888,0.9977660247783087,0.0,0.0,0.0,0.0,0.0,0.0,0.0,0.0,0.0,2.722243989371618,0.0,0.0,1.5749999999999998e-09
8223.0,1.0120491000535499,0.17279439,0.471492779,0.0375730958850696,0.9744760041684803,0.0,0.0,0.0,0.0,0.0,0.0,0.0,0.0,0.0,2.4140008069363015,0.0,0.0,1.5749999999999998e-09
8224.0,1.0068624595135367,0.273432724,0.415996166,0.05945629344197907,0.9474061660715576,0.0,0.0,0.0,0.0,0.0,0.0,0.0,0.0,0.0,2.042233176845072,0.0,0.0,1.5749999999999998e-09
8225.0,0.9965247787534519,0.344940544,0.427204246,0.07500523676931915,0.9215195419841328,0.0,0.0,0.0,0.0,0.0,0.0,0.0,0.0,0.0,2.1486689012974196,0.0,0.0,1.5749999999999998e-09
8226.0,0.9850767885795336,0.373553791,0.489407719,0.08122701441565466,0.9038497741638789,0.0,0.0,0.0,0.0,0.0,0.0,0.0,0.0,0.0,2.6133763231782936,0.0,0.0,1.5749999999999998e-09
8227.0,0.9784683270768582,0.3525929,0.545814035,0.076669195337272,0.9017991317395861,0.0,0.0,0.0,0.0,0.0,0.0,0.0,0.0,0.0,3.020802195677634,0.0,0.0,1.5749999999999998e-09
8228.0,0.974447623762913,0.289361273,0.565606027,0.06291986016360139,0.9115277635993116,0.0,0.0,0.0,0.0,0.0,0.0,0.0,0.0,0.0,3.1533126582952624,0.0,0.0,1.5749999999999998e-09
8229.0,0.9700597830877542,0.19646637,0.563286212,0.04272042488301595,0.9273393582047381,0.0,0.0,0.0,0.0,0.0,0.0,0.0,0.0,0.0,3.1208292509205604,0.0,0.0,1.5749999999999998e-09
8230.0,0.9852013921991405,0.097882498,0.569985356,0.021283957672608086,0.9639174345265324,0.0,0.0,0.0,0.0,0.0,0.0,0.0,0.0,0.0,3.1323959078996593,0.0,0.0,1.5749999999999998e-09
8231.0,1.0225625605806055,0.02738668,0.605898434,0.005955068064499768,1.0166074925161057,0.0,0.0,0.0,0.0,0.0,0.0,0.0,0.0,0.0,3.3378023413908124,0.0,0.0,1.5749999999999998e-09
8232.0,1.054147443811605,0.001919887,0.6471164,0.0004174678260069591,1.053729975985598,0.0,0.0,0.0,0.0,0.0,0.0,0.0,0.0,0.0,3.5969009841241997,0.0,0.0,1.5749999999999998e-09
8233.0,1.0637508508491869,0.0,0.673467752,0.0,1.0637508508491869,0.0,0.0,0.0,0.0,0.0,0.0,0.0,0.0,0.0,3.7762593514679645,0.0,0.0,1.5749999999999998e-09
8234.0,1.0544166775431867,0.0,0.691797936,0.0,1.0544166775431867,0.0,0.0,0.0,0.0,0.0,0.0,0.0,0.0,0.0,3.917327044763428,0.0,0.0,1.5749999999999998e-09
8235.0,1.0050512508647067,0.0,0.706458732,0.0,1.0050512508647067,0.0,0.0,0.0,0.0,0.0,0.0,0.0,0.0,0.0,4.072055203366881,0.0,0.0,1.5749999999999998e-09
8236.0,0.9844515436491398,0.0,0.725662729,0.0,0.9844515436491398,0.0,0.0,0.0,0.0,0.0,0.0,0.0,0.0,0.0,4.230668261821971,0.0,0.0,1.5749999999999998e-09
8237.0,0.9230573825162554,0.0,0.743520895,0.0,0.9230573825162554,0.0,0.0,0.0,0.0,0.0,0.0,0.0,0.0,0.0,4.420403691527836,0.0,0.0,1.5749999999999998e-09
8238.0,0.8710619218316473,0.0,0.761292979,0.0,0.8710619218316473,0.0,0.0,0.0,0.0,0.0,0.0,0.0,0.0,0.0,4.600121775338781,0.0,0.0,1.5749999999999998e-09
8239.0,0.8367134996450218,0.0,0.783446568,0.0,0.8367134996450218,0.0,0.0,0.0,0.0,0.0,0.0,0.0,0.0,0.0,4.793681379440976,0.0,0.0,1.5749999999999998e-09
8240.0,0.812845162498021,0.0,0.816279395,0.0,0.812845162498021,0.0,0.0,0.0,0.0,0.0,0.0,0.0,0.0,0.0,5.053509370452612,0.0,0.0,1.5749999999999998e-09
8241.0,0.8011524137499852,0.0,0.826718923,0.0,0.8011524137499852,0.0,0.0,0.0,0.0,0.0,0.0,0.0,0.0,0.0,5.140227867467471,0.0,0.0,1.5749999999999998e-09
8242.0,0.8036823192939708,0.0,0.810141185,0.0,0.8036823192939708,0.0,0.0,0.0,0.0,0.0,0.0,0.0,0.0,0.0,5.018558744324629,0.0,0.0,1.5749999999999998e-09
8243.0,0.829804653755844,0.0,0.790749004,0.0,0.829804653755844,0.0,0.0,0.0,0.0,0.0,0.0,0.0,0.0,0.0,4.853070636807625,0.0,0.0,1.5749999999999998e-09
8244.0,0.8988619599928526,0.001246749,0.770109485,0.0002710980357731211,0.8985908619570795,0.0,0.0,0.0,0.0,0.0,0.0,0.0,0.0,0.0,4.6359544124560115,0.0,0.0,1.5749999999999998e-09
8245.0,0.9615978381187757,0.018728918,0.738770655,0.0040724900376546145,0.9575253480811211,0.0,0.0,0.0,0.0,0.0,0.0,0.0,0.0,0.0,4.3517971796180595,0.0,0.0,1.5749999999999998e-09
8246.0,0.9833657083928458,0.072981177,0.686714853,0.015869315903289664,0.967496392489556,0.0,0.0,0.0,0.0,0.0,0.0,0.0,0.0,0.0,3.9677167409267016,0.0,0.0,1.5749999999999998e-09
8247.0,0.9878136255453352,0.169439893,0.593727201,0.03684368078410957,0.9509699447612255,0.0,0.0,0.0,0.0,0.0,0.0,0.0,0.0,0.0,3.315968897817841,0.0,0.0,1.5749999999999998e-09
8248.0,0.9882408393838796,0.267751228,0.587126251,0.05822088647084628,0.9300199529130333,0.0,0.0,0.0,0.0,0.0,0.0,0.0,0.0,0.0,3.289479847113355,0.0,0.0,1.5749999999999998e-09
8249.0,0.9828428167571047,0.336438431,0.726229948,0.07315650367691552,0.9096863130801892,0.0,0.0,0.0,0.0,0.0,0.0,0.0,0.0,0.0,4.309509924764699,0.0,0.0,1.5749999999999998e-09
8250.0,0.9751062451806626,0.359365747,0.851978644,0.07814190998816956,0.8969643351924931,0.0,0.0,0.0,0.0,0.0,0.0,0.0,0.0,0.0,5.225949964520454,0.0,0.0,1.5749999999999998e-09
8251.0,0.9711589683390355,0.337023791,0.908237539,0.07328378667150398,0.8978751816675314,0.0,0.0,0.0,0.0,0.0,0.0,0.0,0.0,0.0,5.629354877727239,0.0,0.0,1.5749999999999998e-09
8252.0,0.9687625667446234,0.272433088,0.897188381,0.059238928634717865,0.9095236381099056,0.0,0.0,0.0,0.0,0.0,0.0,0.0,0.0,0.0,5.538299445541482,0.0,0.0,1.5749999999999998e-09
8253.0,0.9660390797738092,0.180116385,0.819409549,0.03916521944998974,0.9268738603238195,0.0,0.0,0.0,0.0,0.0,0.0,0.0,0.0,0.0,4.961976148096622,0.0,0.0,1.5749999999999998e-09
8254.0,0.9752798001151229,0.084977052,0.746169996,0.018477746429305636,0.9568020536858173,0.0,0.0,0.0,0.0,0.0,0.0,0.0,0.0,0.0,4.405697312583688,0.0,0.0,1.5749999999999998e-09
8255.0,1.0121336526882694,0.021821835,0.710358394,0.004745026148378822,1.0073886265398906,0.0,0.0,0.0,0.0,0.0,0.0,0.0,0.0,0.0,4.097743525744109,0.0,0.0,1.5749999999999998e-09
8256.0,1.042588200013067,0.001307811,0.692046884,0.0002843755986669982,1.0423038244144,0.0,0.0,0.0,0.0,0.0,0.0,0.0,0.0,0.0,3.9312290123023237,0.0,0.0,1.5749999999999998e-09
8257.0,1.0525476182494613,0.0,0.678121664,0.0,1.0525476182494613,0.0,0.0,0.0,0.0,0.0,0.0,0.0,0.0,0.0,3.820908850045227,0.0,0.0,1.5749999999999998e-09
8258.0,1.0473587528769377,0.0,0.664476832,0.0,1.0473587528769377,0.0,0.0,0.0,0.0,0.0,0.0,0.0,0.0,0.0,3.7280364112309052,0.0,0.0,1.5749999999999998e-09
8259.0,1.024416045046833,0.0,0.654821558,0.0,1.024416045046833,0.0,0.0,0.0,0.0,0.0,0.0,0.0,0.0,0.0,3.681589568444238,0.0,0.0,1.5749999999999998e-09
8260.0,0.9781545916954435,0.0,0.639547615,0.0,0.9781545916954435,0.0,0.0,0.0,0.0,0.0,0.0,0.0,0.0,0.0,3.61808178677276,0.0,0.0,1.5749999999999998e-09
8261.0,0.9184937610742009,0.0,0.626532687,0.0,0.9184937610742009,0.0,0.0,0.0,0.0,0.0,0.0,0.0,0.0,0.0,3.5842082438247336,0.0,0.0,1.5749999999999998e-09
8262.0,0.8642954802220093,0.0,0.605781367,0.0,0.8642954802220093,0.0,0.0,0.0,0.0,0.0,0.0,0.0,0.0,0.0,3.4892730283613544,0.0,0.0,1.5749999999999998e-09
8263.0,0.8259174543914722,0.0,0.580217485,0.0,0.8259174543914722,0.0,0.0,0.0,0.0,0.0,0.0,0.0,0.0,0.0,3.3439311220594448,0.0,0.0,1.5749999999999998e-09
8264.0,0.8011635389124623,0.0,0.553712727,0.0,0.8011635389124623,0.0,0.0,0.0,0.0,0.0,0.0,0.0,0.0,0.0,3.178203312542738,0.0,0.0,1.5749999999999998e-09
8265.0,0.7880178195467683,0.0,0.519988162,0.0,0.7880178195467683,0.0,0.0,0.0,0.0,0.0,0.0,0.0,0.0,0.0,2.9489807252093048,0.0,0.0,1.5749999999999998e-09
8266.0,0.7897466993934644,0.0,0.49407644,0.0,0.7897466993934644,0.0,0.0,0.0,0.0,0.0,0.0,0.0,0.0,0.0,2.761032091755749,0.0,0.0,1.5749999999999998e-09
8267.0,0.8148922273911526,0.0,0.473558236,0.0,0.8148922273911526,0.0,0.0,0.0,0.0,0.0,0.0,0.0,0.0,0.0,2.58842840202974,0.0,0.0,1.5749999999999998e-09
8268.0,0.8806675537017397,0.001322161,0.454952158,0.00028749591944796077,0.8803800577822917,0.0,0.0,0.0,0.0,0.0,0.0,0.0,0.0,0.0,2.3892242844404743,0.0,0.0,1.5749999999999998e-09
8269.0,0.941383067924431,0.018854551,0.431418964,0.004099808174286995,0.937283259750144,0.0,0.0,0.0,0.0,0.0,0.0,0.0,0.0,0.0,2.163195094309333,0.0,0.0,1.5749999999999998e-09
8270.0,0.9645950094861174,0.072617662,0.385640874,0.015790271763311155,0.9488047377228063,0.0,0.0,0.0,0.0,0.0,0.0,0.0,0.0,0.0,1.8226802503074795,0.0,0.0,1.5749999999999998e-09
8271.0,0.9754422308870311,0.161763679,0.318522884,0.03517453443823391,0.9402676964487973,0.0,0.0,0.0,0.0,0.0,0.0,0.0,0.0,0.0,1.3488604817798209,0.0,0.0,1.5749999999999998e-09
8272.0,0.9831877027934398,0.256814867,0.31380498,0.055842840861340455,0.9273448619320994,0.0,0.0,0.0,0.0,0.0,0.0,0.0,0.0,0.0,1.3278771590592335,0.0,0.0,1.5749999999999998e-09
8273.0,0.9824111532535396,0.326783087,0.394371581,0.07105700747269657,0.9113541457808431,0.0,0.0,0.0,0.0,0.0,0.0,0.0,0.0,0.0,1.9228758078813557,0.0,0.0,1.5749999999999998e-09
8274.0,0.9764679886660697,0.354388828,0.469800905,0.07705970902783037,0.8994082796382393,0.0,0.0,0.0,0.0,0.0,0.0,0.0,0.0,0.0,2.476909541824177,0.0,0.0,1.5749999999999998e-09
8275.0,0.9729902024803092,0.332436731,0.49046856,0.07228635819474284,0.9007038442855664,0.0,0.0,0.0,0.0,0.0,0.0,0.0,0.0,0.0,2.624146198297916,0.0,0.0,1.5749999999999998e-09
8276.0,0.968784818069502,0.265764674,0.475500434,0.05778892230856722,0.9109958957609346,0.0,0.0,0.0,0.0,0.0,0.0,0.0,0.0,0.0,2.506282726610629,0.0,0.0,1.5749999999999998e-09
8277.0,0.9646061346485945,0.171935217,0.437570074,0.037386273908321034,0.9272198607402734,0.0,0.0,0.0,0.0,0.0,0.0,0.0,0.0,0.0,2.2174646710718315,0.0,0.0,1.5749999999999998e-09
8278.0,0.9717107857971866,0.079776213,0.412638147,0.01734685541814602,0.9543639303790407,0.0,0.0,0.0,0.0,0.0,0.0,0.0,0.0,0.0,2.011142339838401,0.0,0.0,1.5749999999999998e-09
8279.0,0.9983448867323239,0.020508357,0.408712976,0.0044594182948082895,0.9938854684375155,0.0,0.0,0.0,0.0,0.0,0.0,0.0,0.0,0.0,1.9434117782158105,0.0,0.0,1.5749999999999998e-09
8280.0,1.0188222161607192,0.001413638,0.40164138,0.0003073870402897804,1.0185148291204293,0.0,0.0,0.0,0.0,0.0,0.0,0.0,0.0,0.0,1.8679609837151345,0.0,0.0,1.5749999999999998e-09
8281.0,1.0170710849891444,0.0,0.38678498,0.0,1.0170710849891444,0.0,0.0,0.0,0.0,0.0,0.0,0.0,0.0,0.0,1.762636248797248,0.0,0.0,1.5749999999999998e-09
8282.0,1.0036850577142786,0.0,0.370504319,0.0,1.0036850577142786,0.0,0.0,0.0,0.0,0.0,0.0,0.0,0.0,0.0,1.659018061532578,0.0,0.0,1.5749999999999998e-09
8283.0,0.9835259133323188,0.0,0.361426707,0.0,0.9835259133323188,0.0,0.0,0.0,0.0,0.0,0.0,0.0,0.0,0.0,1.6139391383720307,0.0,0.0,1.5749999999999998e-09
8284.0,0.9457264059498324,0.0,0.356707696,0.0,0.9457264059498324,0.0,0.0,0.0,0.0,0.0,0.0,0.0,0.0,0.0,1.6178245328411391,0.0,0.0,1.5749999999999998e-09
8285.0,0.8970129251916459,0.0,0.351351919,0.0,0.8970129251916459,0.0,0.0,0.0,0.0,0.0,0.0,0.0,0.0,0.0,1.6280476549379717,0.0,0.0,1.5749999999999998e-09
8286.0,0.845524781315281,0.0,0.343622256,0.0,0.845524781315281,0.0,0.0,0.0,0.0,0.0,0.0,0.0,0.0,0.0,1.6239850353674279,0.0,0.0,1.5749999999999998e-09
8287.0,0.8060764960558726,0.0,0.336496748,0.0,0.8060764960558725,0.0,0.0,0.0,0.0,0.0,0.0,0.0,0.0,0.0,1.612224437477978,0.0,0.0,1.5749999999999998e-09
8288.0,0.7790285322771032,0.0,0.330725356,0.0,0.7790285322771032,0.0,0.0,0.0,0.0,0.0,0.0,0.0,0.0,0.0,1.5977951425778913,0.0,0.0,1.5749999999999998e-09
8289.0,0.760912003123254,0.0,0.318703964,0.0,0.760912003123254,0.0,0.0,0.0,0.0,0.0,0.0,0.0,0.0,0.0,1.5295175426093506,0.0,0.0,1.5749999999999998e-09
8290.0,0.7547018296367127,0.0,0.31316943,0.0,0.7547018296367127,0.0,0.0,0.0,0.0,0.0,0.0,0.0,0.0,0.0,1.495952684632958,0.0,0.0,1.5749999999999998e-09
8291.0,0.762600831985063,0.0,0.310545352,0.0,0.762600831985063,0.0,0.0,0.0,0.0,0.0,0.0,0.0,0.0,0.0,1.4691952228350513,0.0,0.0,1.5749999999999998e-09
8292.0,0.7831582643831572,0.001545997,0.312565881,0.000336167704976012,0.7828220966781811,0.0,0.0,0.0,0.0,0.0,0.0,0.0,0.0,0.0,1.4634948924331979,0.0,0.0,1.5749999999999998e-09
8293.0,0.8121353649329074,0.020521804,0.302130035,0.004462342263696206,0.8076730226692111,0.0,0.0,0.0,0.0,0.0,0.0,0.0,0.0,0.0,1.3636446796020598,0.0,0.0,1.5749999999999998e-09
8294.0,0.8475429203860024,0.064344747,0.281101271,0.01399137639093228,0.8335515439950701,0.0,0.0,0.0,0.0,0.0,0.0,0.0,0.0,0.0,1.1866387553680957,0.0,0.0,1.5749999999999998e-09
8295.0,0.8793058102163326,0.13426103,0.261131491,0.02919424961550087,0.8501115606008318,0.0,0.0,0.0,0.0,0.0,0.0,0.0,0.0,0.0,1.0265619353949935,0.0,0.0,1.5749999999999998e-09
8296.0,0.9018747061876922,0.212608349,0.285279559,0.046230400668351226,0.8556443055193409,0.0,0.0,0.0,0.0,0.0,0.0,0.0,0.0,0.0,1.194574093167309,0.0,0.0,1.5749999999999998e-09
8297.0,0.913146915594715,0.268908022,0.345606739,0.05847242433547992,0.8546744912592351,0.0,0.0,0.0,0.0,0.0,0.0,0.0,0.0,0.0,1.6290972079528172,0.0,0.0,1.5749999999999998e-09
8298.0,0.9161173859721569,0.285821002,0.376602781,0.062150049628999365,0.8539673363431575,0.0,0.0,0.0,0.0,0.0,0.0,0.0,0.0,0.0,1.8525635953131097,0.0,0.0,1.5749999999999998e-09
8299.0,0.9131224404372505,0.262848248,0.391256354,0.057154763099233466,0.8559676773380169,0.0,0.0,0.0,0.0,0.0,0.0,0.0,0.0,0.0,1.9558740767143892,0.0,0.0,1.5749999999999998e-09
8300.0,0.9097625823736407,0.208143581,0.400377408,0.04525956384796261,0.8645030185256781,0.0,0.0,0.0,0.0,0.0,0.0,0.0,0.0,0.0,2.012889007658965,0.0,0.0,1.5749999999999998e-09
8301.0,0.9073372549568184,0.137380777,0.419532155,0.029872619747587672,0.8774646352092307,0.0,0.0,0.0,0.0,0.0,0.0,0.0,0.0,0.0,2.1375867972758407,0.0,0.0,1.5749999999999998e-09
8302.0,0.9157658244383658,0.069054938,0.445451721,0.015015578959545717,0.9007502454788201,0.0,0.0,0.0,0.0,0.0,0.0,0.0,0.0,0.0,2.3005773130821923,0.0,0.0,1.5749999999999998e-09
8303.0,0.9470814749377082,0.021536951,0.460954975,0.004683079844172289,0.942398395093536,0.0,0.0,0.0,0.0,0.0,0.0,0.0,0.0,0.0,2.3703463876868685,0.0,0.0,1.5749999999999998e-09
8304.0,0.9698929036507499,0.001713069,0.469552217,0.0003724965017367769,0.9695204071490131,0.0,0.0,0.0,0.0,0.0,0.0,0.0,0.0,0.0,2.4050101684451053,0.0,0.0,1.5749999999999998e-09
8305.0,0.9705737753934534,0.0,0.486441233,0.0,0.9705737753934534,0.0,0.0,0.0,0.0,0.0,0.0,0.0,0.0,0.0,2.5253330791751893,0.0,0.0,1.5749999999999998e-09
8306.0,0.9605587303447498,0.0,0.504140173,0.0,0.9605587303447497,0.0,0.0,0.0,0.0,0.0,0.0,0.0,0.0,0.0,2.6625450834187547,0.0,0.0,1.5749999999999998e-09
8307.0,0.9448764289376894,0.0,0.528896161,0.0,0.9448764289376894,0.0,0.0,0.0,0.0,0.0,0.0,0.0,0.0,0.0,2.8561412257374448,0.0,0.0,1.5749999999999998e-09
8308.0,0.9137588105301213,0.0,0.560115777,0.0,0.9137588105301213,0.0,0.0,0.0,0.0,0.0,0.0,0.0,0.0,0.0,3.111624835692035,0.0,0.0,1.5749999999999998e-09
8309.0,0.8698915339406337,0.0,0.596734032,0.0,0.8698915339406337,0.0,0.0,0.0,0.0,0.0,0.0,0.0,0.0,0.0,3.4186564987940495,0.0,0.0,1.5749999999999998e-09
8310.0,0.8274082521614317,0.0,0.634550212,0.0,0.8274082521614317,0.0,0.0,0.0,0.0,0.0,0.0,0.0,0.0,0.0,3.73291329380995,0.0,0.0,1.5749999999999998e-09
8311.0,0.7916135338546795,0.0,0.664703658,0.0,0.7916135338546795,0.0,0.0,0.0,0.0,0.0,0.0,0.0,0.0,0.0,3.985411760501999,0.0,0.0,1.5749999999999998e-09
8312.0,0.7640760549275247,0.0,0.676783281,0.0,0.7640760549275247,0.0,0.0,0.0,0.0,0.0,0.0,0.0,0.0,0.0,4.099761857236792,0.0,0.0,1.5749999999999998e-09
8313.0,0.74644459125704,0.0,0.667767429,0.0,0.74644459125704,0.0,0.0,0.0,0.0,0.0,0.0,0.0,0.0,0.0,4.052599103911744,0.0,0.0,1.5749999999999998e-09
8314.0,0.7377868400287224,0.0,0.654682289,0.0,0.7377868400287224,0.0,0.0,0.0,0.0,0.0,0.0,0.0,0.0,0.0,3.967217889041581,0.0,0.0,1.5749999999999998e-09
8315.0,0.7400719879985154,0.0,0.641339568,0.0,0.7400719879985154,0.0,0.0,0.0,0.0,0.0,0.0,0.0,0.0,0.0,3.8690426177883914,0.0,0.0,1.5749999999999998e-09
8316.0,0.7555807334711906,0.001392112,0.626604399,0.00030270634167437973,0.7552780271295161,0.0,0.0,0.0,0.0,0.0,0.0,0.0,0.0,0.0,3.7479393503475387,0.0,0.0,1.5749999999999998e-09
8317.0,0.7793578424860156,0.016984278,0.608356427,0.0036931286127557627,0.7756647138732599,0.0,0.0,0.0,0.0,0.0,0.0,0.0,0.0,0.0,3.596409976534797,0.0,0.0,1.5749999999999998e-09
8318.0,0.8142825582881813,0.05506352,0.596906689,0.01197322966752247,0.8023093286206588,0.0,0.0,0.0,0.0,0.0,0.0,0.0,0.0,0.0,3.4874795380500516,0.0,0.0,1.5749999999999998e-09
8319.0,0.8454580283405696,0.124397888,0.62444263,0.027049568991934,0.8184084593486356,0.0,0.0,0.0,0.0,0.0,0.0,0.0,0.0,0.0,3.669272934432123,0.0,0.0,1.5749999999999998e-09
8320.0,0.8687322722120218,0.202552259,0.68089553,0.044043764668195845,0.8246885075438259,0.0,0.0,0.0,0.0,0.0,0.0,0.0,0.0,0.0,4.068702901510819,0.0,0.0,1.5749999999999998e-09
8321.0,0.8810547155554723,0.260380467,0.721144396,0.05661815903392583,0.8244365565215465,0.0,0.0,0.0,0.0,0.0,0.0,0.0,0.0,0.0,4.358211348472486,0.0,0.0,1.5749999999999998e-09
8322.0,0.8907604758877071,0.286907275,0.769315147,0.062386253128351186,0.8283742227593559,0.0,0.0,0.0,0.0,0.0,0.0,0.0,0.0,0.0,4.700462383328234,0.0,0.0,1.5749999999999998e-09
8323.0,0.8958492127980883,0.27678342,0.808383031,0.06018488203845908,0.8356643307596292,0.0,0.0,0.0,0.0,0.0,0.0,0.0,0.0,0.0,4.973941408788924,0.0,0.0,1.5749999999999998e-09
8324.0,0.8951972678777196,0.23085739,0.829700523,0.05019854435231902,0.8449987235254006,0.0,0.0,0.0,0.0,0.0,0.0,0.0,0.0,0.0,5.117809420238366,0.0,0.0,1.5749999999999998e-09
8325.0,0.8931435264872071,0.15968241,0.82253913,0.03472197507158073,0.8584215514156264,0.0,0.0,0.0,0.0,0.0,0.0,0.0,0.0,0.0,5.052919814495944,0.0,0.0,1.5749999999999998e-09
8326.0,0.9092752920577657,0.083147468,0.798020811,0.018079914444935147,0.8911953776128305,0.0,0.0,0.0,0.0,0.0,0.0,0.0,0.0,0.0,4.843940203016141,0.0,0.0,1.5749999999999998e-09
8327.0,0.95205895822347,0.02377803,0.769610766,0.005170388929571507,0.9468885692938984,0.0,0.0,0.0,0.0,0.0,0.0,0.0,0.0,0.0,4.584072561645476,0.0,0.0,1.5749999999999998e-09
8328.0,0.9862872264555096,0.001428488,0.772303432,0.0003106160830491737,0.9859766103724604,0.0,0.0,0.0,0.0,0.0,0.0,0.0,0.0,0.0,4.564335901346066,0.0,0.0,1.5749999999999998e-09
8329.0,0.9976884911470095,0.0,0.77422165,0.0,0.9976884911470095,0.0,0.0,0.0,0.0,0.0,0.0,0.0,0.0,0.0,4.566409676473671,0.0,0.0,1.5749999999999998e-09
8330.0,0.995318790542497,0.0,0.772911822,0.0,0.995318790542497,0.0,0.0,0.0,0.0,0.0,0.0,0.0,0.0,0.0,4.559366037145494,0.0,0.0,1.5749999999999998e-09
8331.0,0.9731726577447362,0.0,0.770621135,0.0,0.9731726577447362,0.0,0.0,0.0,0.0,0.0,0.0,0.0,0.0,0.0,4.565049691350343,0.0,0.0,1.5749999999999998e-09
8332.0,0.9302332363045799,0.0,0.77156878,0.0,0.9302332363045799,0.0,0.0,0.0,0.0,0.0,0.0,0.0,0.0,0.0,4.614799552421133,0.0,0.0,1.5749999999999998e-09
8333.0,0.8798353763496051,0.0,0.767878203,0.0,0.8798353763496051,0.0,0.0,0.0,0.0,0.0,0.0,0.0,0.0,0.0,4.6386743453407675,0.0,0.0,1.5749999999999998e-09
8334.0,0.8313889044904897,0.0,0.776335311,0.0,0.8313889044904897,0.0,0.0,0.0,0.0,0.0,0.0,0.0,0.0,0.0,4.747899509097959,0.0,0.0,1.5749999999999998e-09
8335.0,0.7969692796641321,0.0,0.776396459,0.0,0.7969692796641321,0.0,0.0,0.0,0.0,0.0,0.0,0.0,0.0,0.0,4.7827585862113375,0.0,0.0,1.5749999999999998e-09
8336.0,0.773875267224521,0.0,0.770110073,0.0,0.773875267224521,0.0,0.0,0.0,0.0,0.0,0.0,0.0,0.0,0.0,4.760674232967742,0.0,0.0,1.5749999999999998e-09
8337.0,0.7618532082675729,0.0,0.765033605,0.0,0.7618532082675729,0.0,0.0,0.0,0.0,0.0,0.0,0.0,0.0,0.0,4.73621324305001,0.0,0.0,1.5749999999999998e-09
8338.0,0.7681635102162564,0.0,0.757102454,0.0,0.7681635102162564,0.0,0.0,0.0,0.0,0.0,0.0,0.0,0.0,0.0,4.672904143991709,0.0,0.0,1.5749999999999998e-09
8339.0,0.7998151464219673,0.0,0.744577765,0.0,0.7998151464219673,0.0,0.0,0.0,0.0,0.0,0.0,0.0,0.0,0.0,4.551241334480629,0.0,0.0,1.5749999999999998e-09
8340.0,0.8656371982149729,0.001024543,0.74234162,0.00022278068389475417,0.8654144175310782,0.0,0.0,0.0,0.0,0.0,0.0,0.0,0.0,0.0,4.4695715617302465,0.0,0.0,1.5749999999999998e-09
8341.0,0.9370931308789041,0.015758326,0.727055373,0.00342655275895349,0.9336665781199506,0.0,0.0,0.0,0.0,0.0,0.0,0.0,0.0,0.0,4.291461740970675,0.0,0.0,1.5749999999999998e-09
8342.0,0.9720067205186681,0.068102133,0.701355696,0.014808397270228292,0.9571983232484398,0.0,0.0,0.0,0.0,0.0,0.0,0.0,0.0,0.0,4.083234145882238,0.0,0.0,1.5749999999999998e-09
8343.0,0.9906060893234465,0.154962476,0.712784035,0.03369565394649559,0.956910435376951,0.0,0.0,0.0,0.0,0.0,0.0,0.0,0.0,0.0,4.165654069313372,0.0,0.0,1.5749999999999998e-09
8344.0,1.0048888210927234,0.245194144,0.785179407,0.05331598487062899,0.9515728362220943,0.0,0.0,0.0,0.0,0.0,0.0,0.0,0.0,0.0,4.691275435641902,0.0,0.0,1.5749999999999998e-09
8345.0,1.0104425979940255,0.311063951,0.870763909,0.06763897634241248,0.942803621651613,0.0,0.0,0.0,0.0,0.0,0.0,0.0,0.0,0.0,5.315114728341727,0.0,0.0,1.5749999999999998e-09
8346.0,1.0075833822411273,0.339513047,0.891092558,0.07382506034578522,0.933758321895342,0.0,0.0,0.0,0.0,0.0,0.0,0.0,0.0,0.0,5.47025591504601,0.0,0.0,1.5749999999999998e-09
8347.0,1.0038230123287974,0.325848225,0.875934948,0.0708537273802971,0.9329692849485004,0.0,0.0,0.0,0.0,0.0,0.0,0.0,0.0,0.0,5.362111767256274,0.0,0.0,1.5749999999999998e-09
8348.0,0.9976395398321559,0.273115625,0.839746365,0.05938734218070224,0.9382521976514536,0.0,0.0,0.0,0.0,0.0,0.0,0.0,0.0,0.0,5.0967523914899475,0.0,0.0,1.5749999999999998e-09
8349.0,0.9924706989521511,0.188235859,0.783500817,0.040930750004183836,0.9515399489479673,0.0,0.0,0.0,0.0,0.0,0.0,0.0,0.0,0.0,4.679244801386779,0.0,0.0,1.5749999999999998e-09
8350.0,1.0008859184387113,0.093659232,0.717485546,0.02036563400268944,0.9805202844360219,0.0,0.0,0.0,0.0,0.0,0.0,0.0,0.0,0.0,4.175832565930438,0.0,0.0,1.5749999999999998e-09
8351.0,1.0319301093740365,0.02559833,0.682220724,0.0055662021642465,1.02636390720979,0.0,0.0,0.0,0.0,0.0,0.0,0.0,0.0,0.0,3.876551272598543,0.0,0.0,1.5749999999999998e-09
8352.0,1.0643716461145598,0.001878051,0.667072774,0.00040837084062770126,1.063963275273932,0.0,0.0,0.0,0.0,0.0,0.0,0.0,0.0,0.0,3.7300881433127797,0.0,0.0,1.5749999999999998e-09
8353.0,1.076542784848504,0.0,0.659960988,0.0,1.076542784848504,0.0,0.0,0.0,0.0,0.0,0.0,0.0,0.0,0.0,3.666398366476745,0.0,0.0,1.5749999999999998e-09
8354.0,1.0703170355345402,0.0,0.642036364,0.0,1.0703170355345402,0.0,0.0,0.0,0.0,0.0,0.0,0.0,0.0,0.0,3.543805233557579,0.0,0.0,1.5749999999999998e-09
8355.0,1.0464731745449285,0.0,0.612288481,0.0,1.0464731745449285,0.0,0.0,0.0,0.0,0.0,0.0,0.0,0.0,0.0,3.353860005478324,0.0,0.0,1.5749999999999998e-09
8356.0,0.9992215647343665,0.0,0.582332592,0.0,0.9992215647343666,0.0,0.0,0.0,0.0,0.0,0.0,0.0,0.0,0.0,3.185827649651464,0.0,0.0,1.5749999999999998e-09
8357.0,0.9375292440474903,0.0,0.554928697,0.0,0.9375292440474903,0.0,0.0,0.0,0.0,0.0,0.0,0.0,0.0,0.0,3.0505764181202264,0.0,0.0,1.5749999999999998e-09
8358.0,0.8832575357230558,0.0,0.527430551,0.0,0.8832575357230558,0.0,0.0,0.0,0.0,0.0,0.0,0.0,0.0,0.0,2.907227220633559,0.0,0.0,1.5749999999999998e-09
8359.0,0.8424030063283325,0.0,0.50236107,0.0,0.8424030063283325,0.0,0.0,0.0,0.0,0.0,0.0,0.0,0.0,0.0,2.767914929202099,0.0,0.0,1.5749999999999998e-09
8360.0,0.8168169144971125,0.0,0.481386985,0.0,0.8168169144971125,0.0,0.0,0.0,0.0,0.0,0.0,0.0,0.0,0.0,2.642766579654652,0.0,0.0,1.5749999999999998e-09
8361.0,0.8036066669892177,0.0,0.461098223,0.0,0.8036066669892177,0.0,0.0,0.0,0.0,0.0,0.0,0.0,0.0,0.0,2.5101675960883547,0.0,0.0,1.5749999999999998e-09
8362.0,0.8055513795876211,0.0,0.4511485,0.0,0.8055513795876211,0.0,0.0,0.0,0.0,0.0,0.0,0.0,0.0,0.0,2.436717216459543,0.0,0.0,1.5749999999999998e-09
8363.0,0.8345707559547688,0.0,0.448745352,0.0,0.8345707559547688,0.0,0.0,0.0,0.0,0.0,0.0,0.0,0.0,0.0,2.3904271381127726,0.0,0.0,1.5749999999999998e-09
8364.0,0.9019236575025458,0.0015456,0.444754751,0.000336081379725138,0.9015875761228207,0.0,0.0,0.0,0.0,0.0,0.0,0.0,0.0,0.0,2.294731068647307,0.0,0.0,1.5749999999999998e-09
8365.0,0.9689539233389416,0.024110353,0.437451813,0.005242650557647594,0.9637112727812941,0.0,0.0,0.0,0.0,0.0,0.0,0.0,0.0,0.0,2.180123352788328,0.0,0.0,1.5749999999999998e-09
8366.0,0.9957549047110078,0.086090603,0.429957775,0.018719881364912722,0.977035023346095,0.0,0.0,0.0,0.0,0.0,0.0,0.0,0.0,0.0,2.112942204792339,0.0,0.0,1.5749999999999998e-09
8367.0,1.005198105809192,0.182100971,0.452680188,0.039596755682561685,0.9656013501266305,0.0,0.0,0.0,0.0,0.0,0.0,0.0,0.0,0.0,2.28767502695348,0.0,0.0,1.5749999999999998e-09
8368.0,1.0135243219960868,0.284575963,0.547984872,0.06187932342239248,0.9516449985736943,0.0,0.0,0.0,0.0,0.0,0.0,0.0,0.0,0.0,2.9865574815288105,0.0,0.0,1.5749999999999998e-09
8369.0,1.013295139249392,0.358164629,0.58529359,0.07788073413759199,0.9354144051118001,0.0,0.0,0.0,0.0,0.0,0.0,0.0,0.0,0.0,3.270914611441961,0.0,0.0,1.5749999999999998e-09
8370.0,1.0056253196477365,0.388167316,0.587053084,0.08440463711534914,0.9212206825323873,0.0,0.0,0.0,0.0,0.0,0.0,0.0,0.0,0.0,3.2977532882684417,0.0,0.0,1.5749999999999998e-09
8371.0,1.0009860459009288,0.369567186,0.591375849,0.08036015125001081,0.9206258946509179,0.0,0.0,0.0,0.0,0.0,0.0,0.0,0.0,0.0,3.329414488223966,0.0,0.0,1.5749999999999998e-09
8372.0,0.9958683831681375,0.304543213,0.59592099,0.06622108127003531,0.9296473018981023,0.0,0.0,0.0,0.0,0.0,0.0,0.0,0.0,0.0,3.353057642487917,0.0,0.0,1.5749999999999998e-09
8373.0,0.9932049726746539,0.204781668,0.580650635,0.04452853618261849,0.9486764364920354,0.0,0.0,0.0,0.0,0.0,0.0,0.0,0.0,0.0,3.2242850587481007,0.0,0.0,1.5749999999999998e-09
8374.0,1.00056328272733,0.100952153,0.552701457,0.021951435602007782,0.9786118471253222,0.0,0.0,0.0,0.0,0.0,0.0,0.0,0.0,0.0,2.993487310958129,0.0,0.0,1.5749999999999998e-09
8375.0,1.0354345965496967,0.02960217,0.516423188,0.0064368129764868585,1.02899778357321,0.0,0.0,0.0,0.0,0.0,0.0,0.0,0.0,0.0,2.6823803651360523,0.0,0.0,1.5749999999999998e-09
8376.0,1.0669215771509888,0.002167366,0.504920279,0.0004712806390070868,1.0664502965119818,0.0,0.0,0.0,0.0,0.0,0.0,0.0,0.0,0.0,2.5622599044729992,0.0,0.0,1.5749999999999998e-09
8377.0,1.0802608779435114,0.0,0.507960019,0.0,1.0802608779435114,0.0,0.0,0.0,0.0,0.0,0.0,0.0,0.0,0.0,2.5702950202833934,0.0,0.0,1.5749999999999998e-09
8378.0,1.0752900691552811,0.0,0.503133182,0.0,1.0752900691552811,0.0,0.0,0.0,0.0,0.0,0.0,0.0,0.0,0.0,2.5405768031226543,0.0,0.0,1.5749999999999998e-09
8379.0,1.054142994146584,0.0,0.502926894,0.0,1.054142994146584,0.0,0.0,0.0,0.0,0.0,0.0,0.0,0.0,0.0,2.5602413483121427,0.0,0.0,1.5749999999999998e-09
8380.0,1.008344355953605,0.0,0.508769208,0.0,1.008344355953605,0.0,0.0,0.0,0.0,0.0,0.0,0.0,0.0,0.0,2.6480269402696734,0.0,0.0,1.5749999999999998e-09
8381.0,0.9517051718571684,0.0,0.502493626,0.0,0.9517051718571684,0.0,0.0,0.0,0.0,0.0,0.0,0.0,0.0,0.0,2.6595654037818255,0.0,0.0,1.5749999999999998e-09
8382.0,0.898341293189622,0.0,0.500878462,0.0,0.898341293189622,0.0,0.0,0.0,0.0,0.0,0.0,0.0,0.0,0.0,2.701321584508082,0.0,0.0,1.5749999999999998e-09
8383.0,0.8606285632743659,0.0,0.503692732,0.0,0.8606285632743659,0.0,0.0,0.0,0.0,0.0,0.0,0.0,0.0,0.0,2.759259626580638,0.0,0.0,1.5749999999999998e-09
8384.0,0.8355475624189539,0.0,0.504647157,0.0,0.8355475624189539,0.0,0.0,0.0,0.0,0.0,0.0,0.0,0.0,0.0,2.791199792887741,0.0,0.0,1.5749999999999998e-09
8385.0,0.8227467280896702,0.0,0.50497885,0.0,0.8227467280896702,0.0,0.0,0.0,0.0,0.0,0.0,0.0,0.0,0.0,2.8063844050583096,0.0,0.0,1.5749999999999998e-09
8386.0,0.8269521125004773,0.0,0.508690091,0.0,0.8269521125004773,0.0,0.0,0.0,0.0,0.0,0.0,0.0,0.0,0.0,2.828850593636579,0.0,0.0,1.5749999999999998e-09
8387.0,0.8552394409775576,0.0,0.513524973,0.0,0.8552394409775574,0.0,0.0,0.0,0.0,0.0,0.0,0.0,0.0,0.0,2.8353101081041037,0.0,0.0,1.5749999999999998e-09
8388.0,0.9239985876605742,0.001772702,0.512938958,0.0003854633372162989,0.923613124323358,0.0,0.0,0.0,0.0,0.0,0.0,0.0,0.0,0.0,2.7627249111850283,0.0,0.0,1.5749999999999998e-09
8389.0,0.9899630447330443,0.024719326,0.503245481,0.005375068056389413,0.9845879766766549,0.0,0.0,0.0,0.0,0.0,0.0,0.0,0.0,0.0,2.632085954742711,0.0,0.0,1.5749999999999998e-09
8390.0,1.0157160170011932,0.087631681,0.479808437,0.019054979463064933,0.9966610375381283,0.0,0.0,0.0,0.0,0.0,0.0,0.0,0.0,0.0,2.4515779068528514,0.0,0.0,1.5749999999999998e-09
8391.0,1.020559996337382,0.187105669,0.500057419,0.04068499701857853,0.9798749993188035,0.0,0.0,0.0,0.0,0.0,0.0,0.0,0.0,0.0,2.613887289249369,0.0,0.0,1.5749999999999998e-09
8392.0,1.0232056061709323,0.290599655,0.569864143,0.06318913884578746,0.9600164673251448,0.0,0.0,0.0,0.0,0.0,0.0,0.0,0.0,0.0,3.1354257537223154,0.0,0.0,1.5749999999999998e-09
8393.0,1.0187443390234554,0.364535983,0.606988671,0.07926614656191734,0.9394781924615381,0.0,0.0,0.0,0.0,0.0,0.0,0.0,0.0,0.0,3.4227668468984596,0.0,0.0,1.5749999999999998e-09
8394.0,1.0094969431846856,0.393326414,0.626613531,0.08552645179830541,0.9239704913863802,0.0,0.0,0.0,0.0,0.0,0.0,0.0,0.0,0.0,3.5793125150284166,0.0,0.0,1.5749999999999998e-09
8395.0,1.0017358954508542,0.371295934,0.642328498,0.0807360570555472,0.9209998383953069,0.0,0.0,0.0,0.0,0.0,0.0,0.0,0.0,0.0,3.695221909901637,0.0,0.0,1.5749999999999998e-09
8396.0,0.997018744566783,0.305423284,0.640073869,0.06641244739059438,0.9306062971761886,0.0,0.0,0.0,0.0,0.0,0.0,0.0,0.0,0.0,3.6694121105301574,0.0,0.0,1.5749999999999998e-09
8397.0,0.9939748477170229,0.208060436,0.608770576,0.04524148447016937,0.9487333632468536,0.0,0.0,0.0,0.0,0.0,0.0,0.0,0.0,0.0,3.426317691477573,0.0,0.0,1.5749999999999998e-09
8398.0,1.0024590430109552,0.104405375,0.555257628,0.02270231785760897,0.9797567251533462,0.0,0.0,0.0,0.0,0.0,0.0,0.0,0.0,0.0,3.010712865192268,0.0,0.0,1.5749999999999998e-09
8399.0,1.0375061376002173,0.028874287,0.525174773,0.006278539216834637,1.0312275983833827,0.0,0.0,0.0,0.0,0.0,0.0,0.0,0.0,0.0,2.743045559865172,0.0,0.0,1.5749999999999998e-09
8400.0,1.074722676869632,0.001867018,0.512161492,0.0004059717814516484,1.0743167050881803,0.0,0.0,0.0,0.0,0.0,0.0,0.0,0.0,0.0,2.606433916084806,0.0,0.0,1.5749999999999998e-09
8401.0,1.0893769946652185,0.0,0.494732235,0.0,1.0893769946652185,0.0,0.0,0.0,0.0,0.0,0.0,0.0,0.0,0.0,2.4661147979323976,0.0,0.0,1.5749999999999998e-09
8402.0,1.0874523075592588,0.0,0.472366997,0.0,1.0874523075592588,0.0,0.0,0.0,0.0,0.0,0.0,0.0,0.0,0.0,2.307307245408788,0.0,0.0,1.5749999999999998e-09
8403.0,1.069070996338698,0.0,0.458634588,0.0,1.069070996338698,0.0,0.0,0.0,0.0,0.0,0.0,0.0,0.0,0.0,2.226997862880449,0.0,0.0,1.5749999999999998e-09
8404.0,1.0225981619004716,0.0,0.449093387,0.0,1.0225981619004716,0.0,0.0,0.0,0.0,0.0,0.0,0.0,0.0,0.0,2.2049009550478407,0.0,0.0,1.5749999999999998e-09
8405.0,0.9655651404528464,0.0,0.438999064,0.0,0.9655651404528464,0.0,0.0,0.0,0.0,0.0,0.0,0.0,0.0,0.0,2.189389112750476,0.0,0.0,1.5749999999999998e-09
8406.0,0.9151250036805494,0.0,0.430983368,0.0,0.9151250036805494,0.0,0.0,0.0,0.0,0.0,0.0,0.0,0.0,0.0,2.182222852923292,0.0,0.0,1.5749999999999998e-09
8407.0,0.87650444510833,0.0,0.422924751,0.0,0.87650444510833,0.0,0.0,0.0,0.0,0.0,0.0,0.0,0.0,0.0,2.1629285545766215,0.0,0.0,1.5749999999999998e-09
8408.0,0.8508338006423903,0.0,0.410282136,0.0,0.8508338006423903,0.0,0.0,0.0,0.0,0.0,0.0,0.0,0.0,0.0,2.097740527038964,0.0,0.0,1.5749999999999998e-09
8409.0,0.8381931722525044,0.0,0.402151221,0.0,0.8381931722525044,0.0,0.0,0.0,0.0,0.0,0.0,0.0,0.0,0.0,2.0519467145260677,0.0,0.0,1.5749999999999998e-09
8410.0,0.8421626984191607,0.0,0.398093711,0.0,0.8421626984191607,0.0,0.0,0.0,0.0,0.0,0.0,0.0,0.0,0.0,2.0188170842004767,0.0,0.0,1.5749999999999998e-09
8411.0,0.86898148045116,0.0,0.396347473,0.0,0.8689814804511599,0.0,0.0,0.0,0.0,0.0,0.0,0.0,0.0,0.0,1.979448614806945,0.0,0.0,1.5749999999999998e-09
8412.0,0.9357336122260075,0.000876292,0.396151782,0.0001905443998460796,0.9355430678261614,0.0,0.0,0.0,0.0,0.0,0.0,0.0,0.0,0.0,1.9114806550649095,0.0,0.0,1.5749999999999998e-09
8413.0,1.007323048839512,0.014603253,0.393763961,0.0031753891153696043,1.0041476597241423,0.0,0.0,0.0,0.0,0.0,0.0,0.0,0.0,0.0,1.825715511727032,0.0,0.0,1.5749999999999998e-09
8414.0,1.039395223386311,0.069406878,0.38255336,0.015092106185723554,1.0243031172005874,0.0,0.0,0.0,0.0,0.0,0.0,0.0,0.0,0.0,1.7249928362168023,0.0,0.0,1.5749999999999998e-09
8415.0,1.0531261366975118,0.162870321,0.403013439,0.035415167053543035,1.0177109696439686,0.0,0.0,0.0,0.0,0.0,0.0,0.0,0.0,0.0,1.8786254186066167,0.0,0.0,1.5749999999999998e-09
8416.0,1.0619218425403483,0.261935825,0.47267944,0.05695636223178202,1.0049654803085664,0.0,0.0,0.0,0.0,0.0,0.0,0.0,0.0,0.0,2.392039506539799,0.0,0.0,1.5749999999999998e-09
8417.0,1.0561277577298747,0.333186713,0.526991246,0.07244943724839777,0.9836783204814769,0.0,0.0,0.0,0.0,0.0,0.0,0.0,0.0,0.0,2.8036492829519064,0.0,0.0,1.5749999999999998e-09
8418.0,1.047165171450109,0.360825871,0.555563176,0.07845940512823801,0.9687057663218709,0.0,0.0,0.0,0.0,0.0,0.0,0.0,0.0,0.0,3.023959705612589,0.0,0.0,1.5749999999999998e-09
8419.0,1.0387032264811307,0.343550878,0.567595227,0.07470306229556324,0.9640001641855673,0.0,0.0,0.0,0.0,0.0,0.0,0.0,0.0,0.0,3.115136039898811,0.0,0.0,1.5749999999999998e-09
8420.0,1.0300076481005118,0.284850523,0.569182314,0.06193902483518838,0.9680686232653235,0.0,0.0,0.0,0.0,0.0,0.0,0.0,0.0,0.0,3.122473497804914,0.0,0.0,1.5749999999999998e-09
8421.0,1.025234870404131,0.193287035,0.534289237,0.04202909770042769,0.9832057727037032,0.0,0.0,0.0,0.0,0.0,0.0,0.0,0.0,0.0,2.8565702973288922,0.0,0.0,1.5749999999999998e-09
8422.0,1.0320858646484885,0.09446825,0.457817982,0.020541550077781617,1.0115443145707068,0.0,0.0,0.0,0.0,0.0,0.0,0.0,0.0,0.0,2.278655842903574,0.0,0.0,1.5749999999999998e-09
8423.0,1.0633303125080986,0.024901796,0.420345921,0.005414745055197932,1.0579155674529008,0.0,0.0,0.0,0.0,0.0,0.0,0.0,0.0,0.0,1.962984156551107,0.0,0.0,1.5749999999999998e-09
8424.0,1.09624801440202,0.00151821,0.411203404,0.00033012558974670147,1.0959178888122731,0.0,0.0,0.0,0.0,0.0,0.0,0.0,0.0,0.0,1.8592773149330453,0.0,0.0,1.5749999999999998e-09
8425.0,1.1081276680795034,0.0,0.402345854,0.0,1.1081276680795034,0.0,0.0,0.0,0.0,0.0,0.0,0.0,0.0,0.0,1.7834109875382749,0.0,0.0,1.5749999999999998e-09
8426.0,1.1047700358483288,0.0,0.395745236,0.0,1.1047700358483288,0.0,0.0,0.0,0.0,0.0,0.0,0.0,0.0,0.0,1.739331963200928,0.0,0.0,1.5749999999999998e-09
8427.0,1.0897797323463738,0.0,0.393833778,0.0,1.0897797323463738,0.0,0.0,0.0,0.0,0.0,0.0,0.0,0.0,0.0,1.740585192887802,0.0,0.0,1.5749999999999998e-09
8428.0,1.047463331004101,0.0,0.392134124,0.0,1.047463331004101,0.0,0.0,0.0,0.0,0.0,0.0,0.0,0.0,0.0,1.770686692067381,0.0,0.0,1.5749999999999998e-09
8429.0,0.9943397592458014,0.0,0.398041244,0.0,0.9943397592458014,0.0,0.0,0.0,0.0,0.0,0.0,0.0,0.0,0.0,1.8662629588231865,0.0,0.0,1.5749999999999998e-09
8430.0,0.943105272273671,0.0,0.405365336,0.0,0.943105272273671,0.0,0.0,0.0,0.0,0.0,0.0,0.0,0.0,0.0,1.9701334924322007,0.0,0.0,1.5749999999999998e-09
8431.0,0.9122991634150823,0.0,0.412054862,0.0,0.9122991634150823,0.0,0.0,0.0,0.0,0.0,0.0,0.0,0.0,0.0,2.049015212918094,0.0,0.0,1.5749999999999998e-09
8432.0,0.8813439747794976,0.0,0.417754814,0.0,0.8813439747794976,0.0,0.0,0.0,0.0,0.0,0.0,0.0,0.0,0.0,2.120934242436616,0.0,0.0,1.5749999999999998e-09
8433.0,0.8684407881554859,0.0,0.419601751,0.0,0.8684407881554859,0.0,0.0,0.0,0.0,0.0,0.0,0.0,0.0,0.0,2.1471108098520477,0.0,0.0,1.5749999999999998e-09
8434.0,0.8733648704613732,0.0,0.419916572,0.0,0.8733648704613733,0.0,0.0,0.0,0.0,0.0,0.0,0.0,0.0,0.0,2.1444492513973445,0.0,0.0,1.5749999999999998e-09
8435.0,0.9026089789102701,0.0,0.416972784,0.0,0.9026089789102701,0.0,0.0,0.0,0.0,0.0,0.0,0.0,0.0,0.0,2.0940490238749705,0.0,0.0,1.5749999999999998e-09
8436.0,0.9718643162391283,0.001071537,0.414938518,0.00023299924520350362,0.9716313169939248,0.0,0.0,0.0,0.0,0.0,0.0,0.0,0.0,0.0,2.0104070278121666,0.0,0.0,1.5749999999999998e-09
8437.0,1.0426772033127325,0.020515688,0.404438024,0.004461012376456041,1.0382161909362766,0.0,0.0,0.0,0.0,0.0,0.0,0.0,0.0,0.0,1.8683582612952379,0.0,0.0,1.5749999999999998e-09
8438.0,1.0738281982076563,0.08580267,0.406450018,0.01865727207408172,1.0551709261335747,0.0,0.0,0.0,0.0,0.0,0.0,0.0,0.0,0.0,1.8658631219109263,0.0,0.0,1.5749999999999998e-09
8439.0,1.0851159834421016,0.192803763,0.433219794,0.04192401312450732,1.0431919703175943,0.0,0.0,0.0,0.0,0.0,0.0,0.0,0.0,0.0,2.0702284073900157,0.0,0.0,1.5749999999999998e-09
8440.0,1.0859681852867553,0.301913424,0.454620603,0.06564924954416446,1.020318935742591,0.0,0.0,0.0,0.0,0.0,0.0,0.0,0.0,0.0,2.24690262040339,0.0,0.0,1.5749999999999998e-09
8441.0,1.0721504945083242,0.377096841,0.488415,0.08199742922701281,0.9901530652813114,0.0,0.0,0.0,0.0,0.0,0.0,0.0,0.0,0.0,2.5199386591472868,0.0,0.0,1.5749999999999998e-09
8442.0,1.052643296046658,0.405621759,0.527272708,0.0882000002660827,0.9644432957805754,0.0,0.0,0.0,0.0,0.0,0.0,0.0,0.0,0.0,2.8249070904030127,0.0,0.0,1.5749999999999998e-09
8443.0,1.034920605243922,0.38387412,0.551554928,0.08347110758952717,0.9514494976543948,0.0,0.0,0.0,0.0,0.0,0.0,0.0,0.0,0.0,3.0124099013006163,0.0,0.0,1.5749999999999998e-09
8444.0,1.0220641441023288,0.316530521,0.537598234,0.06882764895367285,0.953236495148656,0.0,0.0,0.0,0.0,0.0,0.0,0.0,0.0,0.0,2.9103203412114658,0.0,0.0,1.5749999999999998e-09
8445.0,1.0125297148719687,0.214495797,0.477469851,0.04664081482984155,0.9658889000421272,0.0,0.0,0.0,0.0,0.0,0.0,0.0,0.0,0.0,2.4655433300475624,0.0,0.0,1.5749999999999998e-09
8446.0,1.021107364130512,0.103532933,0.414334202,0.022512610616996807,0.9985947535135151,0.0,0.0,0.0,0.0,0.0,0.0,0.0,0.0,0.0,1.9791005539359434,0.0,0.0,1.5749999999999998e-09
8447.0,1.061069640695695,0.026979544,0.404689971,0.005866538801679004,1.055203101894016,0.0,0.0,0.0,0.0,0.0,0.0,0.0,0.0,0.0,1.8531820176587197,0.0,0.0,1.5749999999999998e-09
8448.0,1.09779888864931,0.001639402,0.413083826,0.0003564780577666606,1.0974424105915432,0.0,0.0,0.0,0.0,0.0,0.0,0.0,0.0,0.0,1.8712668205702823,0.0,0.0,1.5749999999999998e-09
8449.0,1.1111782404267194,0.0,0.423275444,0.0,1.1111782404267194,0.0,0.0,0.0,0.0,0.0,0.0,0.0,0.0,0.0,1.9307750843856648,0.0,0.0,1.5749999999999998e-09
8450.0,1.110777727578075,0.0,0.435188318,0.0,1.110777727578075,0.0,0.0,0.0,0.0,0.0,0.0,0.0,0.0,0.0,2.016789840125213,0.0,0.0,1.5749999999999998e-09
8451.0,1.1008160845091703,0.0,0.441668762,0.0,1.1008160845091703,0.0,0.0,0.0,0.0,0.0,0.0,0.0,0.0,0.0,2.07332448536445,0.0,0.0,1.5749999999999998e-09
8452.0,1.071247115516382,0.0,0.445990899,0.0,1.071247115516382,0.0,0.0,0.0,0.0,0.0,0.0,0.0,0.0,0.0,2.133955353184151,0.0,0.0,1.5749999999999998e-09
8453.0,1.0273331124445513,0.0,0.448536196,0.0,1.0273331124445513,0.0,0.0,0.0,0.0,0.0,0.0,0.0,0.0,0.0,2.1961616403502724,0.0,0.0,1.5749999999999998e-09
8454.0,0.9860179937238525,0.0,0.448921659,0.0,0.9860179937238525,0.0,0.0,0.0,0.0,0.0,0.0,0.0,0.0,0.0,2.240246965732055,0.0,0.0,1.5749999999999998e-09
8455.0,0.9612907782348173,0.0,0.443814834,0.0,0.9612907782348173,0.0,0.0,0.0,0.0,0.0,0.0,0.0,0.0,0.0,2.2282729657166422,0.0,0.0,1.5749999999999998e-09
8456.0,0.9352952732249861,0.0,0.432462123,0.0,0.9352952732249861,0.0,0.0,0.0,0.0,0.0,0.0,0.0,0.0,0.0,2.1726799508592918,0.0,0.0,1.5749999999999998e-09
8457.0,0.9234178433800883,0.0,0.415971463,0.0,0.9234178433800883,0.0,0.0,0.0,0.0,0.0,0.0,0.0,0.0,0.0,2.0660439665044503,0.0,0.0,1.5749999999999998e-09
8458.0,0.9234667956948666,0.0,0.399755111,0.0,0.9234667956948666,0.0,0.0,0.0,0.0,0.0,0.0,0.0,0.0,0.0,1.9494529690935527,0.0,0.0,1.5749999999999998e-09
8459.0,0.9362720796891711,0.0,0.387977164,0.0,0.9362720796891711,0.0,0.0,0.0,0.0,0.0,0.0,0.0,0.0,0.0,1.8520031219808781,0.0,0.0,1.5749999999999998e-09
8460.0,0.9668178551461446,0.001585929,0.380179708,0.00034485067706140554,0.9664730044690832,0.0,0.0,0.0,0.0,0.0,0.0,0.0,0.0,0.0,1.7657642258503805,0.0,0.0,1.5749999999999998e-09
8461.0,1.0031198892612152,0.026763787,0.373362394,0.0058196237458784375,0.9973002655153368,0.0,0.0,0.0,0.0,0.0,0.0,0.0,0.0,0.0,1.6859429792503844,0.0,0.0,1.5749999999999998e-09
8462.0,1.035872935550718,0.097297104,0.383250923,0.0211566672849251,1.0147162682657929,0.0,0.0,0.0,0.0,0.0,0.0,0.0,0.0,0.0,1.7395928606551494,0.0,0.0,1.5749999999999998e-09
8463.0,1.0458701799394887,0.202377806,0.37654965,0.044005830917589486,1.0018643490218992,0.0,0.0,0.0,0.0,0.0,0.0,0.0,0.0,0.0,1.7042847461154023,0.0,0.0,1.5749999999999998e-09
8464.0,1.0362445225769528,0.303442448,0.364720263,0.06598172657286065,0.970262796004092,0.0,0.0,0.0,0.0,0.0,0.0,0.0,0.0,0.0,1.650872052204341,0.0,0.0,1.5749999999999998e-09
8465.0,1.0169086552171611,0.371877673,0.379835739,0.08086255268556787,0.9360461025315933,0.0,0.0,0.0,0.0,0.0,0.0,0.0,0.0,0.0,1.7937191260263359,0.0,0.0,1.5749999999999998e-09
8466.0,0.993716739147918,0.395667714,0.413906987,0.08603555333450523,0.9076811858134127,0.0,0.0,0.0,0.0,0.0,0.0,0.0,0.0,0.0,2.0669438559070006,0.0,0.0,1.5749999999999998e-09
8467.0,0.9718798920665509,0.370040285,0.438283773,0.08046302376855803,0.8914168682979929,0.0,0.0,0.0,0.0,0.0,0.0,0.0,0.0,0.0,2.2583968035971016,0.0,0.0,1.5749999999999998e-09
8468.0,0.9514537387855198,0.298731427,0.435672512,0.06495734352576303,0.8864963952597568,0.0,0.0,0.0,0.0,0.0,0.0,0.0,0.0,0.0,2.244550929110337,0.0,0.0,1.5749999999999998e-09
8469.0,0.94111828385787,0.193189928,0.412009867,0.04200798237010874,0.8991103014877613,0.0,0.0,0.0,0.0,0.0,0.0,0.0,0.0,0.0,2.0618807093117173,0.0,0.0,1.5749999999999998e-09
8470.0,0.94970483344638,0.085627379,0.444025793,0.01861915610543951,0.9310856773409405,0.0,0.0,0.0,0.0,0.0,0.0,0.0,0.0,0.0,2.259994165502023,0.0,0.0,1.5749999999999998e-09
8471.0,0.9929045882881516,0.021637509,0.51450753,0.004704945573586368,0.9881996427145652,0.0,0.0,0.0,0.0,0.0,0.0,0.0,0.0,0.0,2.7094112480426777,0.0,0.0,1.5749999999999998e-09
8472.0,1.0371212005789954,0.001507891,0.549301026,0.0003278817855558476,1.0367933187934395,0.0,0.0,0.0,0.0,0.0,0.0,0.0,0.0,0.0,2.9108679643013433,0.0,0.0,1.5749999999999998e-09
8473.0,1.055195452915522,0.0,0.546519093,0.0,1.055195452915522,0.0,0.0,0.0,0.0,0.0,0.0,0.0,0.0,0.0,2.872472914316286,0.0,0.0,1.5749999999999998e-09
8474.0,1.060075033571577,0.0,0.538631287,0.0,1.060075033571577,0.0,0.0,0.0,0.0,0.0,0.0,0.0,0.0,0.0,2.8109060440305136,0.0,0.0,1.5749999999999998e-09
8475.0,1.054361050730877,0.0,0.532134998,0.0,1.054361050730877,0.0,0.0,0.0,0.0,0.0,0.0,0.0,0.0,0.0,2.769933151450933,0.0,0.0,1.5749999999999998e-09
8476.0,1.03160747466258,0.0,0.523413959,0.0,1.03160747466258,0.0,0.0,0.0,0.0,0.0,0.0,0.0,0.0,0.0,2.7300112428958685,0.0,0.0,1.5749999999999998e-09
8477.0,0.9934230302588717,0.0,0.511776744,0.0,0.9934230302588717,0.0,0.0,0.0,0.0,0.0,0.0,0.0,0.0,0.0,2.684562522743008,0.0,0.0,1.5749999999999998e-09
8478.0,0.9558794056130551,0.0,0.497180489,0.0,0.9558794056130551,0.0,0.0,0.0,0.0,0.0,0.0,0.0,0.0,0.0,2.617207252221499,0.0,0.0,1.5749999999999998e-09
8479.0,0.9261791575032038,0.0,0.478069102,0.0,0.9261791575032038,0.0,0.0,0.0,0.0,0.0,0.0,0.0,0.0,0.0,2.5095597093113122,0.0,0.0,1.5749999999999998e-09
8480.0,0.906818813986023,0.0,0.459984501,0.0,0.906818813986023,0.0,0.0,0.0,0.0,0.0,0.0,0.0,0.0,0.0,2.3989514640060907,0.0,0.0,1.5749999999999998e-09
8481.0,0.8960539193873939,0.0,0.444015682,0.0,0.8960539193873939,0.0,0.0,0.0,0.0,0.0,0.0,0.0,0.0,0.0,2.2949532587392407,0.0,0.0,1.5749999999999998e-09
8482.0,0.8946766010744889,0.0,0.437343536,0.0,0.8946766010744889,0.0,0.0,0.0,0.0,0.0,0.0,0.0,0.0,0.0,2.2483798702581703,0.0,0.0,1.5749999999999998e-09
8483.0,0.9032253235106974,0.0,0.436417476,0.0,0.9032253235106974,0.0,0.0,0.0,0.0,0.0,0.0,0.0,0.0,0.0,2.2331758330950917,0.0,0.0,1.5749999999999998e-09
8484.0,0.9212884506847474,0.001716996,0.444541923,0.00037335040415537203,0.9209151002805921,0.0,0.0,0.0,0.0,0.0,0.0,0.0,0.0,0.0,2.2738740136570947,0.0,0.0,1.5749999999999998e-09
8485.0,0.9491329904957854,0.025262065,0.447887268,0.005493083372092467,0.943639907123693,0.0,0.0,0.0,0.0,0.0,0.0,0.0,0.0,0.0,2.2751911952866215,0.0,0.0,1.5749999999999998e-09
8486.0,0.975079544190763,0.076088771,0.433636788,0.01654504343896873,0.9585345007517944,0.0,0.0,0.0,0.0,0.0,0.0,0.0,0.0,0.0,2.1578826874316124,0.0,0.0,1.5749999999999998e-09
8487.0,0.9818793612878319,0.149008536,0.422256817,0.03240100567397961,0.9494783556138523,0.0,0.0,0.0,0.0,0.0,0.0,0.0,0.0,0.0,2.0851544032802463,0.0,0.0,1.5749999999999998e-09
8488.0,0.969939630133093,0.228589167,0.490756692,0.049705332968154756,0.9202342971649382,0.0,0.0,0.0,0.0,0.0,0.0,0.0,0.0,0.0,2.6066864634528857,0.0,0.0,1.5749999999999998e-09
8489.0,0.9544798359752714,0.289564441,0.591049881,0.06296403781742903,0.8915157981578423,0.0,0.0,0.0,0.0,0.0,0.0,0.0,0.0,0.0,3.3561819507290833,0.0,0.0,1.5749999999999998e-09
8490.0,0.9411027090303723,0.309603563,0.67688554,0.06732142379713942,0.873781285233233,0.0,0.0,0.0,0.0,0.0,0.0,0.0,0.0,0.0,3.9907915316118334,0.0,0.0,1.5749999999999998e-09
8491.0,0.9310698633217355,0.286710292,0.731289692,0.06234342036539673,0.8687264429563387,0.0,0.0,0.0,0.0,0.0,0.0,0.0,0.0,0.0,4.386832653404622,0.0,0.0,1.5749999999999998e-09
8492.0,0.9213485281620027,0.228818304,0.759649347,0.04975515742409812,0.8715933707379045,0.0,0.0,0.0,0.0,0.0,0.0,0.0,0.0,0.0,4.587778037536388,0.0,0.0,1.5749999999999998e-09
8493.0,0.920000134671583,0.150469865,0.751339162,0.03271876283401608,0.887281371837567,0.0,0.0,0.0,0.0,0.0,0.0,0.0,0.0,0.0,4.512367235955637,0.0,0.0,1.5749999999999998e-09
8494.0,0.9356490595912877,0.074100399,0.734157037,0.01611268396357611,0.9195363756277116,0.0,0.0,0.0,0.0,0.0,0.0,0.0,0.0,0.0,4.356629466954355,0.0,0.0,1.5749999999999998e-09
8495.0,0.98608919536366,0.020593462,0.717893326,0.004477923862756987,0.9816112715009031,0.0,0.0,0.0,0.0,0.0,0.0,0.0,0.0,0.0,4.177672171094271,0.0,0.0,1.5749999999999998e-09
8496.0,1.0235104412223803,0.001323723,0.712195018,0.0002878355669085784,1.0232226056554719,0.0,0.0,0.0,0.0,0.0,0.0,0.0,0.0,0.0,4.095108810990365,0.0,0.0,1.5749999999999998e-09
8497.0,1.0372079780462256,0.0,0.69264016,0.0,1.0372079780462256,0.0,0.0,0.0,0.0,0.0,0.0,0.0,0.0,0.0,3.940588554867179,0.0,0.0,1.5749999999999998e-09
8498.0,1.0401139212813912,0.0,0.668001027,0.0,1.0401139212813912,0.0,0.0,0.0,0.0,0.0,0.0,0.0,0.0,0.0,3.760608572463692,0.0,0.0,1.5749999999999998e-09
8499.0,1.0256643090751856,0.0,0.649973627,0.0,1.0256643090751856,0.0,0.0,0.0,0.0,0.0,0.0,0.0,0.0,0.0,3.645500682232495,0.0,0.0,1.5749999999999998e-09
8500.0,0.9899674943980653,0.0,0.616897654,0.0,0.9899674943980653,0.0,0.0,0.0,0.0,0.0,0.0,0.0,0.0,0.0,3.443490425864041,0.0,0.0,1.5749999999999998e-09
8501.0,0.9449921332272544,0.0,0.594155261,0.0,0.9449921332272544,0.0,0.0,0.0,0.0,0.0,0.0,0.0,0.0,0.0,3.325023047841743,0.0,0.0,1.5749999999999998e-09
8502.0,0.8991356433894553,0.0,0.577760835,0.0,0.8991356433894553,0.0,0.0,0.0,0.0,0.0,0.0,0.0,0.0,0.0,3.2530577282974433,0.0,0.0,1.5749999999999998e-09
8503.0,0.8622973666437314,0.0,0.562140905,0.0,0.8622973666437314,0.0,0.0,0.0,0.0,0.0,0.0,0.0,0.0,0.0,3.1776402654996363,0.0,0.0,1.5749999999999998e-09
8504.0,0.8405139205422387,0.0,0.541345818,0.0,0.8405139205422387,0.0,0.0,0.0,0.0,0.0,0.0,0.0,0.0,0.0,3.049975675018566,0.0,0.0,1.5749999999999998e-09
8505.0,0.83044324968115,0.0,0.526758426,0.0,0.83044324968115,0.0,0.0,0.0,0.0,0.0,0.0,0.0,0.0,0.0,2.955211146427967,0.0,0.0,1.5749999999999998e-09
8506.0,0.8334960468608766,0.0,0.520007729,0.0,0.8334960468608766,0.0,0.0,0.0,0.0,0.0,0.0,0.0,0.0,0.0,2.9036431200398316,0.0,0.0,1.5749999999999998e-09
8507.0,0.8536996918927444,0.0,0.524584191,0.0,0.8536996918927444,0.0,0.0,0.0,0.0,0.0,0.0,0.0,0.0,0.0,2.916329131126965,0.0,0.0,1.5749999999999998e-09
8508.0,0.9072593778195548,0.000942868,0.522950777,0.00020502094871809097,0.9070543568708367,0.0,0.0,0.0,0.0,0.0,0.0,0.0,0.0,0.0,2.8512356109458876,0.0,0.0,1.5749999999999998e-09
8509.0,0.966170358890872,0.010476586,0.519388469,0.002278070314239819,0.9638922885766321,0.0,0.0,0.0,0.0,0.0,0.0,0.0,0.0,0.0,2.768796442933538,0.0,0.0,1.5749999999999998e-09
8510.0,1.0023299897263274,0.043196881,0.505963335,0.009392900728715448,0.9929370889976119,0.0,0.0,0.0,0.0,0.0,0.0,0.0,0.0,0.0,2.6432692417821446,0.0,0.0,1.5749999999999998e-09
8511.0,1.0221575970670151,0.11235661,0.468459957,0.024431265857944636,0.9977263312090705,0.0,0.0,0.0,0.0,0.0,0.0,0.0,0.0,0.0,2.368954500239343,0.0,0.0,1.5749999999999998e-09
8512.0,1.0354902233620062,0.192321348,0.470164531,0.04181911489805797,0.9936711084639482,0.0,0.0,0.0,0.0,0.0,0.0,0.0,0.0,0.0,2.3852599837075723,0.0,0.0,1.5749999999999998e-09
8513.0,1.0379823027536152,0.252381853,0.511562194,0.054878908756358015,0.9831033939972572,0.0,0.0,0.0,0.0,0.0,0.0,0.0,0.0,0.0,2.6933402526760375,0.0,0.0,1.5749999999999998e-09
8514.0,1.0329046910057111,0.277233317,0.550300522,0.06028270942231919,0.972621981583392,0.0,0.0,0.0,0.0,0.0,0.0,0.0,0.0,0.0,2.9822223786859237,0.0,0.0,1.5749999999999998e-09
8515.0,1.0272441101448104,0.265926047,0.566390763,0.057824011892217836,0.9694200982525926,0.0,0.0,0.0,0.0,0.0,0.0,0.0,0.0,0.0,3.101059985281082,0.0,0.0,1.5749999999999998e-09
8516.0,1.0188533668156396,0.220348164,0.561615097,0.04791337666732724,0.9709399901483123,0.0,0.0,0.0,0.0,0.0,0.0,0.0,0.0,0.0,3.0652188180247877,0.0,0.0,1.5749999999999998e-09
8517.0,1.0143676235107737,0.149833662,0.548428283,0.03258042433632892,0.9817871991744447,0.0,0.0,0.0,0.0,0.0,0.0,0.0,0.0,0.0,2.959601942438498,0.0,0.0,1.5749999999999998e-09
8518.0,1.021968466305132,0.07236058,0.531621072,0.015734370835993286,1.006234095469139,0.0,0.0,0.0,0.0,0.0,0.0,0.0,0.0,0.0,2.814366675103141,0.0,0.0,1.5749999999999998e-09
8519.0,1.050776461585443,0.016996763,0.536267097,0.003695843400557179,1.0470806181848857,0.0,0.0,0.0,0.0,0.0,0.0,0.0,0.0,0.0,2.806909736867781,0.0,0.0,1.5749999999999998e-09
8520.0,1.0740351296294723,0.000815431,0.546964886,0.0001773105431875317,1.0738578190862849,0.0,0.0,0.0,0.0,0.0,0.0,0.0,0.0,0.0,2.8570143283736256,0.0,0.0,1.5749999999999998e-09
8521.0,1.0794420525862138,0.0,0.556898007,0.0,1.0794420525862138,0.0,0.0,0.0,0.0,0.0,0.0,0.0,0.0,0.0,2.9228164483228074,0.0,0.0,1.5749999999999998e-09
8522.0,1.0695026598422632,0.0,0.570691974,0.0,1.0695026598422632,0.0,0.0,0.0,0.0,0.0,0.0,0.0,0.0,0.0,3.0318889336493804,0.0,0.0,1.5749999999999998e-09
8523.0,1.0463819464127526,0.0,0.573513241,0.0,1.0463819464127526,0.0,0.0,0.0,0.0,0.0,0.0,0.0,0.0,0.0,3.0752852445709897,0.0,0.0,1.5749999999999998e-09
8524.0,1.0005009804175644,0.0,0.56303982,0.0,1.0005009804175644,0.0,0.0,0.0,0.0,0.0,0.0,0.0,0.0,0.0,3.045896883500963,0.0,0.0,1.5749999999999998e-09
8525.0,0.9412873891273096,0.0,0.552288612,0.0,0.9412873891273096,0.0,0.0,0.0,0.0,0.0,0.0,0.0,0.0,0.0,3.02784477609562,0.0,0.0,1.5749999999999998e-09
8526.0,0.8878256068301311,0.0,0.541275346,0.0,0.8878256068301311,0.0,0.0,0.0,0.0,0.0,0.0,0.0,0.0,0.0,3.0021575276596506,0.0,0.0,1.5749999999999998e-09
8527.0,0.8492495499077445,0.0,0.529211508,0.0,0.8492495499077445,0.0,0.0,0.0,0.0,0.0,0.0,0.0,0.0,0.0,2.954034408822391,0.0,0.0,1.5749999999999998e-09
8528.0,0.8200810927636761,0.0,0.521470588,0.0,0.8200810927636761,0.0,0.0,0.0,0.0,0.0,0.0,0.0,0.0,0.0,2.927571201845857,0.0,0.0,1.5749999999999998e-09
8529.0,0.8043431655442308,0.0,0.504528299,0.0,0.8043431655442308,0.0,0.0,0.0,0.0,0.0,0.0,0.0,0.0,0.0,2.8215499930605157,0.0,0.0,1.5749999999999998e-09
8530.0,0.8031082515108657,0.0,0.486925664,0.0,0.8031082515108657,0.0,0.0,0.0,0.0,0.0,0.0,0.0,0.0,0.0,2.6962800629723103,0.0,0.0,1.5749999999999998e-09
8531.0,0.8226799761148835,0.0,0.47814294,0.0,0.8226799761148835,0.0,0.0,0.0,0.0,0.0,0.0,0.0,0.0,0.0,2.613589542200401,0.0,0.0,1.5749999999999998e-09
8532.0,0.8742059471435497,0.000603576,0.476002163,0.00013124395370663812,0.874074703189843,0.0,0.0,0.0,0.0,0.0,0.0,0.0,0.0,0.0,2.5468096946202423,0.0,0.0,1.5749999999999998e-09
8533.0,0.9309764103570491,0.010445417,0.468736635,0.0022712928035484034,0.9287051175535007,0.0,0.0,0.0,0.0,0.0,0.0,0.0,0.0,0.0,2.4399641154758056,0.0,0.0,1.5749999999999998e-09
8534.0,0.9688426697143222,0.051687264,0.445164395,0.011239083203505081,0.957603586510817,0.0,0.0,0.0,0.0,0.0,0.0,0.0,0.0,0.0,2.2416590464954664,0.0,0.0,1.5749999999999998e-09
8535.0,0.9935120325586124,0.12430854,0.392931748,0.027030140809276335,0.9664818917493361,0.0,0.0,0.0,0.0,0.0,0.0,0.0,0.0,0.0,1.8574004151414507,0.0,0.0,1.5749999999999998e-09
8536.0,1.009167632975773,0.202519462,0.401188617,0.044036633158742663,0.9651309998170304,0.0,0.0,0.0,0.0,0.0,0.0,0.0,0.0,0.0,1.9180909414965137,0.0,0.0,1.5749999999999998e-09
8537.0,1.0140783642867484,0.261159493,0.518281918,0.056787553529863824,0.9572908107568846,0.0,0.0,0.0,0.0,0.0,0.0,0.0,0.0,0.0,2.7674454714882994,0.0,0.0,1.5749999999999998e-09
8538.0,1.0014755620492388,0.288015257,0.639914177,0.06262717711856251,0.9388483849306762,0.0,0.0,0.0,0.0,0.0,0.0,0.0,0.0,0.0,3.6600223643956897,0.0,0.0,1.5749999999999998e-09
8539.0,0.9984338900319893,0.276928197,0.709373474,0.060216362922201616,0.9382175271097877,0.0,0.0,0.0,0.0,0.0,0.0,0.0,0.0,0.0,4.159836301328252,0.0,0.0,1.5749999999999998e-09
8540.0,0.99855181815414,0.228709581,0.733065721,0.04973151626477627,0.9488203018893637,0.0,0.0,0.0,0.0,0.0,0.0,0.0,0.0,0.0,4.319502580791111,0.0,0.0,1.5749999999999998e-09
8541.0,0.9919344573214226,0.152911179,0.712143617,0.033249611810117465,0.9586848455113052,0.0,0.0,0.0,0.0,0.0,0.0,0.0,0.0,0.0,4.159277167605305,0.0,0.0,1.5749999999999998e-09
8542.0,0.9958261063508154,0.073067144,0.680285077,0.01588800890792918,0.9799380974428861,0.0,0.0,0.0,0.0,0.0,0.0,0.0,0.0,0.0,3.9090661694816995,0.0,0.0,1.5749999999999998e-09
8543.0,1.0249456111801054,0.01944527,0.672942573,0.004228256451040266,1.020717354729065,0.0,0.0,0.0,0.0,0.0,0.0,0.0,0.0,0.0,3.81551854405166,0.0,0.0,1.5749999999999998e-09
8544.0,1.0516598150849414,0.00119546,0.685678809,0.00025994555266965156,1.0513998695322717,0.0,0.0,0.0,0.0,0.0,0.0,0.0,0.0,0.0,3.876367527224498,0.0,0.0,1.5749999999999998e-09
8545.0,1.0564392672788538,0.0,0.686481519,0.0,1.0564392672788538,0.0,0.0,0.0,0.0,0.0,0.0,0.0,0.0,0.0,3.8770969648497124,0.0,0.0,1.5749999999999998e-09
8546.0,1.0468736873935731,0.0,0.679708842,0.0,1.0468736873935731,0.0,0.0,0.0,0.0,0.0,0.0,0.0,0.0,0.0,3.8379893518766086,0.0,0.0,1.5749999999999998e-09
8547.0,1.0247809565756116,0.0,0.687565142,0.0,1.0247809565756116,0.0,0.0,0.0,0.0,0.0,0.0,0.0,0.0,0.0,3.9165429481770553,0.0,0.0,1.5749999999999998e-09
8548.0,0.9821396946894473,0.0,0.696963593,0.0,0.9821396946894473,0.0,0.0,0.0,0.0,0.0,0.0,0.0,0.0,0.0,4.026728051013125,0.0,0.0,1.5749999999999998e-09
8549.0,0.9256918661874042,0.0,0.691227006,0.0,0.9256918661874042,0.0,0.0,0.0,0.0,0.0,0.0,0.0,0.0,0.0,4.041948753904437,0.0,0.0,1.5749999999999998e-09
8550.0,0.8733982459488042,0.0,0.688904963,0.0,0.8733982459488042,0.0,0.0,0.0,0.0,0.0,0.0,0.0,0.0,0.0,4.077554549407788,0.0,0.0,1.5749999999999998e-09
8551.0,0.8244822834338223,0.0,0.670620609,0.0,0.8244822834338223,0.0,0.0,0.0,0.0,0.0,0.0,0.0,0.0,0.0,3.9950663583608947,0.0,0.0,1.5749999999999998e-09
8552.0,0.8009432574956588,0.0,0.644840171,0.0,0.8009432574956589,0.0,0.0,0.0,0.0,0.0,0.0,0.0,0.0,0.0,3.8333291293192886,0.0,0.0,1.5749999999999998e-09
8553.0,0.7832739676727974,0.0,0.623884902,0.0,0.7832739676727974,0.0,0.0,0.0,0.0,0.0,0.0,0.0,0.0,0.0,3.7003992026969645,0.0,0.0,1.5749999999999998e-09
8554.0,0.780118817198418,0.0,0.622497967,0.0,0.780118817198418,0.0,0.0,0.0,0.0,0.0,0.0,0.0,0.0,0.0,3.6935868684179676,0.0,0.0,1.5749999999999998e-09
8555.0,0.7959034709002064,0.0,0.632853822,0.0,0.7959034709002064,0.0,0.0,0.0,0.0,0.0,0.0,0.0,0.0,0.0,3.7522266302949028,0.0,0.0,1.5749999999999998e-09
8556.0,0.8382821745522451,0.000643775,0.629199904,0.00013998498332851365,0.8381421895689166,0.0,0.0,0.0,0.0,0.0,0.0,0.0,0.0,0.0,3.6837283017994253,0.0,0.0,1.5749999999999998e-09
8557.0,0.8932792562692157,0.009013447,0.622447112,0.0019599195806414378,0.8913193366885742,0.0,0.0,0.0,0.0,0.0,0.0,0.0,0.0,0.0,3.5820208693363855,0.0,0.0,1.5749999999999998e-09
8558.0,0.9324360564721634,0.043828401,0.59045841,0.009530220936352625,0.9229058355358107,0.0,0.0,0.0,0.0,0.0,0.0,0.0,0.0,0.0,3.3205411891466183,0.0,0.0,1.5749999999999998e-09
8559.0,0.9615377616414452,0.112061418,0.564999111,0.024367078141430777,0.9371706835000144,0.0,0.0,0.0,0.0,0.0,0.0,0.0,0.0,0.0,3.123308015619822,0.0,0.0,1.5749999999999998e-09
8560.0,0.9854617256007557,0.193686462,0.659324577,0.04211595068778501,0.9433457749129707,0.0,0.0,0.0,0.0,0.0,0.0,0.0,0.0,0.0,3.795021681942544,0.0,0.0,1.5749999999999998e-09
8561.0,0.9981045788231522,0.261944782,0.758221282,0.056958309877303624,0.9411462689458486,0.0,0.0,0.0,0.0,0.0,0.0,0.0,0.0,0.0,4.507962065634054,0.0,0.0,1.5749999999999998e-09
8562.0,0.9990435591349605,0.294489005,0.827772376,0.06403485449940674,0.9350087046355537,0.0,0.0,0.0,0.0,0.0,0.0,0.0,0.0,0.0,5.013942426488998,0.0,0.0,1.5749999999999998e-09
8563.0,0.9950784826333251,0.286640488,0.872010113,0.062328241907431976,0.9327502407258931,0.0,0.0,0.0,0.0,0.0,0.0,0.0,0.0,0.0,5.334124202645721,0.0,0.0,1.5749999999999998e-09
8564.0,0.9898339904484919,0.243093906,0.88275394,0.0528593008095581,0.9369746896389337,0.0,0.0,0.0,0.0,0.0,0.0,0.0,0.0,0.0,5.40711240740096,0.0,0.0,1.5749999999999998e-09
8565.0,0.9844826943040602,0.172806902,0.860347274,0.037575816543857866,0.9469068777602023,0.0,0.0,0.0,0.0,0.0,0.0,0.0,0.0,0.0,5.2361502490727245,0.0,0.0,1.5749999999999998e-09
8566.0,0.9907840959227773,0.089570436,0.814816706,0.019476550021649955,0.9713075459011273,0.0,0.0,0.0,0.0,0.0,0.0,0.0,0.0,0.0,4.884535081079557,0.0,0.0,1.5749999999999998e-09
8567.0,1.0126543194915,0.024604824,0.770543171,0.005350170288440857,1.0073041492030592,0.0,0.0,0.0,0.0,0.0,0.0,0.0,0.0,0.0,4.5303578960700595,0.0,0.0,1.5749999999999998e-09
8568.0,1.0333163290168328,0.001658257,0.756439748,0.00036057796357328426,1.0329557510532594,0.0,0.0,0.0,0.0,0.0,0.0,0.0,0.0,0.0,4.403349234427641,0.0,0.0,1.5749999999999998e-09
8569.0,1.0335788872509586,0.0,0.760641095,0.0,1.0335788872509586,0.0,0.0,0.0,0.0,0.0,0.0,0.0,0.0,0.0,4.432919915651915,0.0,0.0,1.5749999999999998e-09
8570.0,1.0220085182899439,0.0,0.766077894,0.0,1.0220085182899439,0.0,0.0,0.0,0.0,0.0,0.0,0.0,0.0,0.0,4.483562924022618,0.0,0.0,1.5749999999999998e-09
8571.0,1.0014599862218163,0.0,0.760756602,0.0,1.0014599862218163,0.0,0.0,0.0,0.0,0.0,0.0,0.0,0.0,0.0,4.465868930753749,0.0,0.0,1.5749999999999998e-09
8572.0,0.9611372487928005,0.0,0.756018701,0.0,0.9611372487928005,0.0,0.0,0.0,0.0,0.0,0.0,0.0,0.0,0.0,4.472141798520158,0.0,0.0,1.5749999999999998e-09
8573.0,0.9114625373978514,0.0,0.746651464,0.0,0.9114625373978514,0.0,0.0,0.0,0.0,0.0,0.0,0.0,0.0,0.0,4.454496994596247,0.0,0.0,1.5749999999999998e-09
8574.0,0.8570484237939525,0.0,0.719745043,0.0,0.8570484237939525,0.0,0.0,0.0,0.0,0.0,0.0,0.0,0.0,0.0,4.315542752015156,0.0,0.0,1.5749999999999998e-09
8575.0,0.8202056973832076,0.0,0.692065316,0.0,0.8202056973832076,0.0,0.0,0.0,0.0,0.0,0.0,0.0,0.0,0.0,4.153459604574478,0.0,0.0,1.5749999999999998e-09
8576.0,0.7799452612640329,0.0,0.655305871,0.0,0.7799452612640329,0.0,0.0,0.0,0.0,0.0,0.0,0.0,0.0,0.0,3.929540964111058,0.0,0.0,1.5749999999999998e-09
8577.0,0.7566331922401288,0.0,0.62721857,0.0,0.7566331922401288,0.0,0.0,0.0,0.0,0.0,0.0,0.0,0.0,0.0,3.750998047514874,0.0,0.0,1.5749999999999998e-09
8578.0,0.7498489499705578,0.0,0.590121778,0.0,0.7498489499705578,0.0,0.0,0.0,0.0,0.0,0.0,0.0,0.0,0.0,3.491178801762887,0.0,0.0,1.5749999999999998e-09
8579.0,0.7590941199768926,0.0,0.547223973,0.0,0.7590941199768926,0.0,0.0,0.0,0.0,0.0,0.0,0.0,0.0,0.0,3.1736400078370335,0.0,0.0,1.5749999999999998e-09
8580.0,0.7859907791461556,0.000841069,0.505194498,0.00018288537135354688,0.785807893774802,0.0,0.0,0.0,0.0,0.0,0.0,0.0,0.0,0.0,2.8448730366975634,0.0,0.0,1.5749999999999998e-09
8581.0,0.8207797651663128,0.015157407,0.46356991,0.0032958865538402333,0.8174838786124725,0.0,0.0,0.0,0.0,0.0,0.0,0.0,0.0,0.0,2.514053655626054,0.0,0.0,1.5749999999999998e-09
8582.0,0.8597541101048336,0.06743785,0.413802483,0.014663952946232461,0.8450901571586013,0.0,0.0,0.0,0.0,0.0,0.0,0.0,0.0,0.0,2.1287838457411987,0.0,0.0,1.5749999999999998e-09
8583.0,0.9002860047881006,0.156029323,0.36923201,0.03392763337954141,0.8663583714085592,0.0,0.0,0.0,0.0,0.0,0.0,0.0,0.0,0.0,1.7872010456755547,0.0,0.0,1.5749999999999998e-09
8584.0,0.9315193274852338,0.251831629,0.382162906,0.05475926587263785,0.8767600616125959,0.0,0.0,0.0,0.0,0.0,0.0,0.0,0.0,0.0,1.8697298163276488,0.0,0.0,1.5749999999999998e-09
8585.0,0.9463004747328623,0.323345071,0.398226086,0.0703094316699034,0.8759910430629588,0.0,0.0,0.0,0.0,0.0,0.0,0.0,0.0,0.0,1.9859400788726724,0.0,0.0,1.5749999999999998e-09
8586.0,0.94950457752202,0.351545129,0.390555504,0.07644136386514727,0.8730632136568728,0.0,0.0,0.0,0.0,0.0,0.0,0.0,0.0,0.0,1.9337417422114778,0.0,0.0,1.5749999999999998e-09
8587.0,0.9439574751182492,0.333350401,0.375001383,0.0724850302148085,0.8714724449034408,0.0,0.0,0.0,0.0,0.0,0.0,0.0,0.0,0.0,1.8235497209137013,0.0,0.0,1.5749999999999998e-09
8588.0,0.9374736182351053,0.27472565,0.348047734,0.05973743238734818,0.8777361858477573,0.0,0.0,0.0,0.0,0.0,0.0,0.0,0.0,0.0,1.6235782103512255,0.0,0.0,1.5749999999999998e-09
8589.0,0.9329433732804067,0.186796697,0.311598069,0.04061781292433912,0.8923255603560675,0.0,0.0,0.0,0.0,0.0,0.0,0.0,0.0,0.0,1.3470360549604794,0.0,0.0,1.5749999999999998e-09
8590.0,0.9335997688657209,0.092235183,0.26649922,0.02005598315336477,0.9135437857123562,0.0,0.0,0.0,0.0,0.0,0.0,0.0,0.0,0.0,1.0017059643745092,0.0,0.0,1.5749999999999998e-09
8591.0,0.9539435933446181,0.023364774,0.243145881,0.005080528909734752,0.9488630644348833,0.0,0.0,0.0,0.0,0.0,0.0,0.0,0.0,0.0,0.798553261286073,0.0,0.0,1.5749999999999998e-09
8592.0,0.9625835449129273,0.00124841,0.250520038,0.0002714592101854681,0.9623120857027418,0.0,0.0,0.0,0.0,0.0,0.0,0.0,0.0,0.0,0.8381000887540992,0.0,0.0,1.5749999999999998e-09
8593.0,0.9540103463193296,0.0,0.268254724,0.0,0.9540103463193296,0.0,0.0,0.0,0.0,0.0,0.0,0.0,0.0,0.0,0.973855683084513,0.0,0.0,1.5749999999999998e-09
8594.0,0.9396586377427558,0.0,0.28182028,0.0,0.9396586377427558,0.0,0.0,0.0,0.0,0.0,0.0,0.0,0.0,0.0,1.0856989630765277,0.0,0.0,1.5749999999999998e-09
8595.0,0.9247373110480979,0.0,0.290228892,0.0,0.9247373110480979,0.0,0.0,0.0,0.0,0.0,0.0,0.0,0.0,0.0,1.1610504555014174,0.0,0.0,1.5749999999999998e-09
8596.0,0.9024776997932074,0.0,0.293567037,0.0,0.9024776997932074,0.0,0.0,0.0,0.0,0.0,0.0,0.0,0.0,0.0,1.2073003109941847,0.0,0.0,1.5749999999999998e-09
8597.0,0.8659687342563204,0.0,0.290127301,0.0,0.8659687342563203,0.0,0.0,0.0,0.0,0.0,0.0,0.0,0.0,0.0,1.2190889283275583,0.0,0.0,1.5749999999999998e-09
8598.0,0.8254145882481747,0.0,0.283507488,0.0,0.8254145882481747,0.0,0.0,0.0,0.0,0.0,0.0,0.0,0.0,0.0,1.2120684690746757,0.0,0.0,1.5749999999999998e-09
8599.0,0.7901850383944857,0.0,0.280144839,0.0,0.7901850383944857,0.0,0.0,0.0,0.0,0.0,0.0,0.0,0.0,0.0,1.2231316718115524,0.0,0.0,1.5749999999999998e-09
8600.0,0.7613725934491541,0.0,0.278123362,0.0,0.7613725934491541,0.0,0.0,0.0,0.0,0.0,0.0,0.0,0.0,0.0,1.2374163694747105,0.0,0.0,1.5749999999999998e-09
8601.0,0.7417830671852784,0.0,0.274981932,0.0,0.7417830671852784,0.0,0.0,0.0,0.0,0.0,0.0,0.0,0.0,0.0,1.2344293830477968,0.0,0.0,1.5749999999999998e-09
8602.0,0.7342445267006857,0.0,0.274252294,0.0,0.7342445267006857,0.0,0.0,0.0,0.0,0.0,0.0,0.0,0.0,0.0,1.2367242346497211,0.0,0.0,1.5749999999999998e-09
8603.0,0.7382185035322877,0.0,0.278716465,0.0,0.7382185035322877,0.0,0.0,0.0,0.0,0.0,0.0,0.0,0.0,0.0,1.2648329122892847,0.0,0.0,1.5749999999999998e-09
8604.0,0.7516000811421326,0.001106333,0.284612811,0.00024056542512645643,0.7513595157170061,0.0,0.0,0.0,0.0,0.0,0.0,0.0,0.0,0.0,1.2940671656041263,0.0,0.0,1.5749999999999998e-09
8605.0,0.7806639591591129,0.015545186,0.287042229,0.0033802067539880297,0.7772837524051249,0.0,0.0,0.0,0.0,0.0,0.0,0.0,0.0,0.0,1.2856024254854774,0.0,0.0,1.5749999999999998e-09
8606.0,0.8125648036039622,0.064720549,0.276389191,0.014073092264808748,0.7984917113391534,0.0,0.0,0.0,0.0,0.0,0.0,0.0,0.0,0.0,1.1878342861232818,0.0,0.0,1.5749999999999998e-09
8607.0,0.8489780913436522,0.150485704,0.257733068,0.03272220692884881,0.8162558844148035,0.0,0.0,0.0,0.0,0.0,0.0,0.0,0.0,0.0,1.0359941674844897,0.0,0.0,1.5749999999999998e-09
8608.0,0.878789593078123,0.243979292,0.302094234,0.05305182264474787,0.8257377704333752,0.0,0.0,0.0,0.0,0.0,0.0,0.0,0.0,0.0,1.3453226408172958,0.0,0.0,1.5749999999999998e-09
8609.0,0.8960939713722057,0.310583696,0.377710581,0.06753454779490996,0.8285594235772957,0.0,0.0,0.0,0.0,0.0,0.0,0.0,0.0,0.0,1.8859329335313466,0.0,0.0,1.5749999999999998e-09
8610.0,0.9017812532230058,0.333379068,0.432894558,0.07249126368071984,0.829289989542286,0.0,0.0,0.0,0.0,0.0,0.0,0.0,0.0,0.0,2.2817930148412318,0.0,0.0,1.5749999999999998e-09
8611.0,0.8927163136485875,0.313268495,0.475921074,0.06811834111284774,0.8245979725357397,0.0,0.0,0.0,0.0,0.0,0.0,0.0,0.0,0.0,2.595703663017162,0.0,0.0,1.5749999999999998e-09
8612.0,0.8799622058016471,0.254420484,0.500093912,0.055322196747578545,0.8246400090540686,0.0,0.0,0.0,0.0,0.0,0.0,0.0,0.0,0.0,2.7693845437305997,0.0,0.0,1.5749999999999998e-09
8613.0,0.8695510985692442,0.170918594,0.488312156,0.03716521538056463,0.8323858831886796,0.0,0.0,0.0,0.0,0.0,0.0,0.0,0.0,0.0,2.676966732340096,0.0,0.0,1.5749999999999998e-09
8614.0,0.864362232196796,0.085889939,0.448330445,0.018676248190753066,0.845685984006043,0.0,0.0,0.0,0.0,0.0,0.0,0.0,0.0,0.0,2.3763300982270805,0.0,0.0,1.5749999999999998e-09
8615.0,0.8779885673808334,0.025462816,0.43335659,0.005536735463876371,0.8724518319169571,0.0,0.0,0.0,0.0,0.0,0.0,0.0,0.0,0.0,2.2419516575041234,0.0,0.0,1.5749999999999998e-09
8616.0,0.8962897776315448,0.001795604,0.417120971,0.000390443238716341,0.8958993343928285,0.0,0.0,0.0,0.0,0.0,0.0,0.0,0.0,0.0,2.1018236437972795,0.0,0.0,1.5749999999999998e-09
8617.0,0.9002259283107701,0.0,0.405291786,0.0,0.9002259283107702,0.0,0.0,0.0,0.0,0.0,0.0,0.0,0.0,0.0,2.012484254663722,0.0,0.0,1.5749999999999998e-09
8618.0,0.9003994832452304,0.0,0.39085494,0.0,0.9003994832452304,0.0,0.0,0.0,0.0,0.0,0.0,0.0,0.0,0.0,1.9085574291060206,0.0,0.0,1.5749999999999998e-09
8619.0,0.8939200770270321,0.0,0.390364752,0.0,0.8939200770270321,0.0,0.0,0.0,0.0,0.0,0.0,0.0,0.0,0.0,1.911514001581983,0.0,0.0,1.5749999999999998e-09
8620.0,0.8732981184865866,0.0,0.398943697,0.0,0.8732981184865866,0.0,0.0,0.0,0.0,0.0,0.0,0.0,0.0,0.0,1.9937902578995816,0.0,0.0,1.5749999999999998e-09
8621.0,0.8409099837258625,0.0,0.405844457,0.0,0.8409099837258625,0.0,0.0,0.0,0.0,0.0,0.0,0.0,0.0,0.0,2.0757720795214136,0.0,0.0,1.5749999999999998e-09
8622.0,0.80390705137572,0.0,0.413455409,0.0,0.80390705137572,0.0,0.0,0.0,0.0,0.0,0.0,0.0,0.0,0.0,2.1674726350613085,0.0,0.0,1.5749999999999998e-09
8623.0,0.7721997893576241,0.0,0.424330836,0.0,0.7721997893576241,0.0,0.0,0.0,0.0,0.0,0.0,0.0,0.0,0.0,2.277338320371743,0.0,0.0,1.5749999999999998e-09
8624.0,0.7494862632742896,0.0,0.433753622,0.0,0.7494862632742896,0.0,0.0,0.0,0.0,0.0,0.0,0.0,0.0,0.0,2.367770575731741,0.0,0.0,1.5749999999999998e-09
8625.0,0.7327826547531363,0.0,0.43761262,0.0,0.7327826547531363,0.0,0.0,0.0,0.0,0.0,0.0,0.0,0.0,0.0,2.412207642366152,0.0,0.0,1.5749999999999998e-09
8626.0,0.7297543337307989,0.0,0.446701346,0.0,0.7297543337307989,0.0,0.0,0.0,0.0,0.0,0.0,0.0,0.0,0.0,2.480553903906694,0.0,0.0,1.5749999999999998e-09
8627.0,0.7343602299903261,0.0,0.463647167,0.0,0.7343602299903261,0.0,0.0,0.0,0.0,0.0,0.0,0.0,0.0,0.0,2.5977325270737777,0.0,0.0,1.5749999999999998e-09
8628.0,0.7506410753378806,0.001222327,0.48650432,0.00026578761945864955,0.750375287718422,0.0,0.0,0.0,0.0,0.0,0.0,0.0,0.0,0.0,2.7459849541471284,0.0,0.0,1.5749999999999998e-09
8629.0,0.774035472163994,0.016314258,0.504320222,0.0035474368127794195,0.7704880353512146,0.0,0.0,0.0,0.0,0.0,0.0,0.0,0.0,0.0,2.853909736429328,0.0,0.0,1.5749999999999998e-09
8630.0,0.8085218489651383,0.05601659,0.530996016,0.012180468979488462,0.7963413799856499,0.0,0.0,0.0,0.0,0.0,0.0,0.0,0.0,0.0,3.0197673010871178,0.0,0.0,1.5749999999999998e-09
8631.0,0.8504488636211683,0.127191147,0.614002683,0.027656946281433004,0.8227919173397353,0.0,0.0,0.0,0.0,0.0,0.0,0.0,0.0,0.0,3.589860716947206,0.0,0.0,1.5749999999999998e-09
8632.0,0.886406011699904,0.214407934,0.739840465,0.04662170955145984,0.8397843021484441,0.0,0.0,0.0,0.0,0.0,0.0,0.0,0.0,0.0,4.4772266282978075,0.0,0.0,1.5749999999999998e-09
8633.0,0.9132893198742548,0.281811846,0.82975448,0.06127828288468433,0.8520110369895705,0.0,0.0,0.0,0.0,0.0,0.0,0.0,0.0,0.0,5.11118487950676,0.0,0.0,1.5749999999999998e-09
8634.0,0.9234489950349335,0.310309607,0.871807006,0.06747494879821773,0.8559740462367157,0.0,0.0,0.0,0.0,0.0,0.0,0.0,0.0,0.0,5.4094407282060715,0.0,0.0,1.5749999999999998e-09
8635.0,0.9240586641379048,0.298331003,0.900366679,0.06487027374678071,0.859188390391124,0.0,0.0,0.0,0.0,0.0,0.0,0.0,0.0,0.0,5.611476165179774,0.0,0.0,1.5749999999999998e-09
8636.0,0.9205363763023116,0.24774078,0.912372372,0.05386973547915494,0.8666666408231566,0.0,0.0,0.0,0.0,0.0,0.0,0.0,0.0,0.0,5.690279219878278,0.0,0.0,1.5749999999999998e-09
8637.0,0.9194305165534988,0.173238914,0.915242258,0.03766975494254951,0.8817607616109492,0.0,0.0,0.0,0.0,0.0,0.0,0.0,0.0,0.0,5.695810106714439,0.0,0.0,1.5749999999999998e-09
8638.0,0.9231730858058956,0.092261232,0.917353354,0.02006164735099706,0.9031114384548986,0.0,0.0,0.0,0.0,0.0,0.0,0.0,0.0,0.0,5.689631241954627,0.0,0.0,1.5749999999999998e-09
8639.0,0.9497893860810998,0.028669728,0.904073555,0.006234059098463005,0.9435553269826367,0.0,0.0,0.0,0.0,0.0,0.0,0.0,0.0,0.0,5.553749431635021,0.0,0.0,1.5749999999999998e-09
8640.0,0.9711367180140816,0.002117341,0.903494102,0.0004604030050650902,0.9706763150090166,0.0,0.0,0.0,0.0,0.0,0.0,0.0,0.0,0.0,5.522464089155982,0.0,0.0,1.5749999999999998e-09
8641.0,0.9797254924351019,0.0,0.912609882,0.0,0.9797254924351019,0.0,0.0,0.0,0.0,0.0,0.0,0.0,0.0,0.0,5.57892728121018,0.0,0.0,1.5749999999999998e-09
8642.0,0.9709053104348763,0.0,0.91518339,0.0,0.9709053104348763,0.0,0.0,0.0,0.0,0.0,0.0,0.0,0.0,0.0,5.606242491277829,0.0,0.0,1.5749999999999998e-09
8643.0,0.9597488043174938,0.0,0.923067854,0.0,0.9597488043174938,0.0,0.0,0.0,0.0,0.0,0.0,0.0,0.0,0.0,5.6740622690759634,0.0,0.0,1.5749999999999998e-09
8644.0,0.9326785892138456,0.0,0.933230313,0.0,0.9326785892138456,0.0,0.0,0.0,0.0,0.0,0.0,0.0,0.0,0.0,5.774167020866129,0.0,0.0,1.5749999999999998e-09
8645.0,0.8873538923416788,0.0,0.940538494,0.0,0.8873538923416788,0.0,0.0,0.0,0.0,0.0,0.0,0.0,0.0,0.0,5.872013416803079,0.0,0.0,1.5749999999999998e-09
8646.0,0.8479901597169903,0.0,0.925846429,0.0,0.8479901597169903,0.0,0.0,0.0,0.0,0.0,0.0,0.0,0.0,0.0,5.805789696603291,0.0,0.0,1.5749999999999998e-09
8647.0,0.8130965955696697,0.0,0.909453465,0.0,0.8130965955696696,0.0,0.0,0.0,0.0,0.0,0.0,0.0,0.0,0.0,5.722871958322847,0.0,0.0,1.5749999999999998e-09
8648.0,0.7865759730916623,0.0,0.89697828,0.0,0.7865759730916623,0.0,0.0,0.0,0.0,0.0,0.0,0.0,0.0,0.0,5.659737177856196,0.0,0.0,1.5749999999999998e-09
8649.0,0.7696298318288268,0.0,0.863726688,0.0,0.7696298318288268,0.0,0.0,0.0,0.0,0.0,0.0,0.0,0.0,0.0,5.437714127134189,0.0,0.0,1.5749999999999998e-09
8650.0,0.7622603966136737,0.0,0.835694743,0.0,0.7622603966136737,0.0,0.0,0.0,0.0,0.0,0.0,0.0,0.0,0.0,5.243626403654099,0.0,0.0,1.5749999999999998e-09
8651.0,0.7647747263302366,0.0,0.814017279,0.0,0.7647747263302366,0.0,0.0,0.0,0.0,0.0,0.0,0.0,0.0,0.0,5.085322659212356,0.0,0.0,1.5749999999999998e-09
8652.0,0.776787885957143,0.000958714,0.791904671,0.00020846656565851835,0.7765794193914843,0.0,0.0,0.0,0.0,0.0,0.0,0.0,0.0,0.0,4.9146013023583635,0.0,0.0,1.5749999999999998e-09
8653.0,0.7980595645854469,0.014580232,0.767195678,0.0031703833380386957,0.7948891812474081,0.0,0.0,0.0,0.0,0.0,0.0,0.0,0.0,0.0,4.7187154385230485,0.0,0.0,1.5749999999999998e-09
8654.0,0.8258885285690621,0.05381175,0.765429981,0.011701039845641947,0.8141874887234202,0.0,0.0,0.0,0.0,0.0,0.0,0.0,0.0,0.0,4.686727597704391,0.0,0.0,1.5749999999999998e-09
8655.0,0.8647983463653068,0.131111991,0.789768165,0.028509510115029682,0.8362888362502772,0.0,0.0,0.0,0.0,0.0,0.0,0.0,0.0,0.0,4.839537459386957,0.0,0.0,1.5749999999999998e-09
8656.0,0.8988330331705178,0.221708761,0.803811034,0.048209230262701123,0.8506238029078167,0.0,0.0,0.0,0.0,0.0,0.0,0.0,0.0,0.0,4.926124369133982,0.0,0.0,1.5749999999999998e-09
8657.0,0.9191234566695405,0.290658205,0.791270856,0.0632018701894617,0.8559215864800789,0.0,0.0,0.0,0.0,0.0,0.0,0.0,0.0,0.0,4.830704097471342,0.0,0.0,1.5749999999999998e-09
8658.0,0.9326340885639377,0.31967839,0.766041129,0.06951213404471451,0.8631219545192232,0.0,0.0,0.0,0.0,0.0,0.0,0.0,0.0,0.0,4.642185268794639,0.0,0.0,1.5749999999999998e-09
8659.0,0.9364011339737235,0.305284351,0.750974877,0.06638223724933573,0.8700188967243878,0.0,0.0,0.0,0.0,0.0,0.0,0.0,0.0,0.0,4.527011704324893,0.0,0.0,1.5749999999999998e-09
8660.0,0.9368483723047867,0.251508261,0.739497002,0.054688951455195464,0.8821594208495912,0.0,0.0,0.0,0.0,0.0,0.0,0.0,0.0,0.0,4.432383144304958,0.0,0.0,1.5749999999999998e-09
8661.0,0.935404302017095,0.169644517,0.726266298,0.03688817503633839,0.8985161269807566,0.0,0.0,0.0,0.0,0.0,0.0,0.0,0.0,0.0,4.3209413473826315,0.0,0.0,1.5749999999999998e-09
8662.0,0.9457442066097655,0.084766694,0.714801292,0.01843200535342817,0.9273122012563373,0.0,0.0,0.0,0.0,0.0,0.0,0.0,0.0,0.0,4.209749722845236,0.0,0.0,1.5749999999999998e-09
8663.0,0.9761876297720109,0.023918961,0.701539861,0.005201033523855956,0.9709865962481549,0.0,0.0,0.0,0.0,0.0,0.0,0.0,0.0,0.0,4.07076941135376,0.0,0.0,1.5749999999999998e-09
8664.0,1.006501997649779,0.001477217,0.703572105,0.0003212119096230779,1.006180785740156,0.0,0.0,0.0,0.0,0.0,0.0,0.0,0.0,0.0,4.050180348334982,0.0,0.0,1.5749999999999998e-09
8665.0,1.0130592820051658,0.0,0.724659117,0.0,1.0130592820051658,0.0,0.0,0.0,0.0,0.0,0.0,0.0,0.0,0.0,4.194847865837213,0.0,0.0,1.5749999999999998e-09
8666.0,1.0079594189323828,0.0,0.742630905,0.0,1.0079594189323828,0.0,0.0,0.0,0.0,0.0,0.0,0.0,0.0,0.0,4.329105564627542,0.0,0.0,1.5749999999999998e-09
8667.0,0.9915673209601337,0.0,0.761668726,0.0,0.9915673209601337,0.0,0.0,0.0,0.0,0.0,0.0,0.0,0.0,0.0,4.4823167569012625,0.0,0.0,1.5749999999999998e-09
8668.0,0.9583447840147644,0.0,0.761490104,0.0,0.9583447840147644,0.0,0.0,0.0,0.0,0.0,0.0,0.0,0.0,0.0,4.514255591249452,0.0,0.0,1.5749999999999998e-09
8669.0,0.9094688734845944,0.0,0.759022846,0.0,0.9094688734845944,0.0,0.0,0.0,0.0,0.0,0.0,0.0,0.0,0.0,4.545400060509739,0.0,0.0,1.5749999999999998e-09
8670.0,0.8718762975239241,0.0,0.757141519,0.0,0.8718762975239241,0.0,0.0,0.0,0.0,0.0,0.0,0.0,0.0,0.0,4.569472105091062,0.0,0.0,1.5749999999999998e-09
8671.0,0.8403715162626988,0.0,0.764568336,0.0,0.8403715162626989,0.0,0.0,0.0,0.0,0.0,0.0,0.0,0.0,0.0,4.65435118667178,0.0,0.0,1.5749999999999998e-09
8672.0,0.8156843527584755,0.0,0.769919949,0.0,0.8156843527584755,0.0,0.0,0.0,0.0,0.0,0.0,0.0,0.0,0.0,4.717498783421593,0.0,0.0,1.5749999999999998e-09
8673.0,0.8037379461062805,0.0,0.770478286,0.0,0.8037379461062805,0.0,0.0,0.0,0.0,0.0,0.0,0.0,0.0,0.0,4.733457790184643,0.0,0.0,1.5749999999999998e-09
8674.0,0.8055024272728428,0.0,0.777494732,0.0,0.8055024272728428,0.0,0.0,0.0,0.0,0.0,0.0,0.0,0.0,0.0,4.782118396371048,0.0,0.0,1.5749999999999998e-09
8675.0,0.8282537795085538,0.0,0.772728497,0.0,0.8282537795085538,0.0,0.0,0.0,0.0,0.0,0.0,0.0,0.0,0.0,4.725113546535587,0.0,0.0,1.5749999999999998e-09
8676.0,0.8757323462333754,0.0013175,0.760425336,0.00028648241316502933,0.8754458638202103,0.0,0.0,0.0,0.0,0.0,0.0,0.0,0.0,0.0,4.58950234403466,0.0,0.0,1.5749999999999998e-09
8677.0,0.9288069656768966,0.017729962,0.743527091,0.003855273092284075,0.9249516925846125,0.0,0.0,0.0,0.0,0.0,0.0,0.0,0.0,0.0,4.418553910248162,0.0,0.0,1.5749999999999998e-09
8678.0,0.973430766313841,0.065290694,0.751455191,0.014197066849593548,0.9592336994642474,0.0,0.0,0.0,0.0,0.0,0.0,0.0,0.0,0.0,4.441248773858669,0.0,0.0,1.5749999999999998e-09
8679.0,1.0121737036731566,0.147442407,0.80445831,0.03206046038726407,0.9801132432858926,0.0,0.0,0.0,0.0,0.0,0.0,0.0,0.0,0.0,4.801286706713219,0.0,0.0,1.5749999999999998e-09
8680.0,1.0397579100825791,0.236449965,0.815704069,0.05141461598936374,0.9883432940932153,0.0,0.0,0.0,0.0,0.0,0.0,0.0,0.0,0.0,4.87387654391265,0.0,0.0,1.5749999999999998e-09
8681.0,1.0544678546904755,0.303340715,0.811256397,0.06595960534679726,0.9885082493436783,0.0,0.0,0.0,0.0,0.0,0.0,0.0,0.0,0.0,4.8417475075422916,0.0,0.0,1.5749999999999998e-09
8682.0,1.058152572298052,0.32969739,0.804909347,0.0716907050485099,0.9864618672495421,0.0,0.0,0.0,0.0,0.0,0.0,0.0,0.0,0.0,4.798179550028649,0.0,0.0,1.5749999999999998e-09
8683.0,1.055929726638025,0.313566019,0.785927149,0.06818303590866902,0.987746690729356,0.0,0.0,0.0,0.0,0.0,0.0,0.0,0.0,0.0,4.660475378020912,0.0,0.0,1.5749999999999998e-09
8684.0,1.049594948531952,0.260300893,0.748209585,0.05660085614850253,0.9929940923834495,0.0,0.0,0.0,0.0,0.0,0.0,0.0,0.0,0.0,4.384163186665425,0.0,0.0,1.5749999999999998e-09
8685.0,1.045349513136258,0.180301161,0.697219866,0.03920539787456278,1.0061441152616952,0.0,0.0,0.0,0.0,0.0,0.0,0.0,0.0,0.0,4.004565387423145,0.0,0.0,1.5749999999999998e-09
8686.0,1.0531839883423322,0.092157698,0.648243592,0.02003913450836736,1.033144853833965,0.0,0.0,0.0,0.0,0.0,0.0,0.0,0.0,0.0,3.625586896200471,0.0,0.0,1.5749999999999998e-09
8687.0,1.0769811238495253,0.02512166,0.611058343,0.005462553153329329,1.0715185706961958,0.0,0.0,0.0,0.0,0.0,0.0,0.0,0.0,0.0,3.31997397745927,0.0,0.0,1.5749999999999998e-09
8688.0,1.1039890366434075,0.001688518,0.589414528,0.0003671580351518702,1.1036218786082557,0.0,0.0,0.0,0.0,0.0,0.0,0.0,0.0,0.0,3.1323230800657997,0.0,0.0,1.5749999999999998e-09
8689.0,1.107896261500223,0.0,0.560293166,0.0,1.1078962615002232,0.0,0.0,0.0,0.0,0.0,0.0,0.0,0.0,0.0,2.9187622261189103,0.0,0.0,1.5749999999999998e-09
8690.0,1.0968888341599117,0.0,0.52776077,0.0,1.0968888341599117,0.0,0.0,0.0,0.0,0.0,0.0,0.0,0.0,0.0,2.6959691068432616,0.0,0.0,1.5749999999999998e-09
8691.0,1.0729804460280237,0.0,0.493684923,0.0,1.0729804460280237,0.0,0.0,0.0,0.0,0.0,0.0,0.0,0.0,0.0,2.474984630182719,0.0,0.0,1.5749999999999998e-09
8692.0,1.0281964404516064,0.0,0.461080404,0.0,1.0281964404516064,0.0,0.0,0.0,0.0,0.0,0.0,0.0,0.0,0.0,2.2854497628316564,0.0,0.0,1.5749999999999998e-09
8693.0,0.9747012816670723,0.0,0.423604174,0.0,0.9747012816670723,0.0,0.0,0.0,0.0,0.0,0.0,0.0,0.0,0.0,2.069614526796656,0.0,0.0,1.5749999999999998e-09
8694.0,0.9288514673267292,0.0,0.392133965,0.0,0.9288514673267291,0.0,0.0,0.0,0.0,0.0,0.0,0.0,0.0,0.0,1.8892974130595688,0.0,0.0,1.5749999999999998e-09
8695.0,0.8903911136939828,0.0,0.365771606,0.0,0.8903911136939828,0.0,0.0,0.0,0.0,0.0,0.0,0.0,0.0,0.0,1.7382994204860855,0.0,0.0,1.5749999999999998e-09
8696.0,0.8624553467506938,0.0,0.339020325,0.0,0.8624553467506938,0.0,0.0,0.0,0.0,0.0,0.0,0.0,0.0,0.0,1.5739817757692818,0.0,0.0,1.5749999999999998e-09
8697.0,0.8466929433738595,0.0,0.311888524,0.0,0.9964460585993246,0.0,0.0,0.14975311522546506,0.0,0.0,0.0,0.0,0.0,0.0,1.2450029694539706,0.0,0.0,1.5749999999999998e-09
8698.0,0.8448060834202008,0.0,0.286491237,0.0,1.486648092904005,0.0,0.0,0.6418420094838041,0.0,0.13477780370291856,0.0,0.0,0.0,0.0,0.5722782711818899,0.0,0.0,1.5749999999999998e-09
8699.0,0.8634010015600335,0.0,0.261781443,0.0,1.5052430110438377,0.0,0.0,0.6418420094838041,0.0,0.7124337763355336,0.0,0.0,0.0,0.0,0.3761014945165503,0.0,0.0,1.5749999999999998e-09
8700.0,0.9023152700212239,0.000980153,0.239505416,0.00021312834664967208,1.5439441511583782,0.0,0.0,0.6418420094838041,0.0,1.2900818803117862,0.0,0.0,0.0,0.0,0.1773092474011028,0.0,0.0,1.5749999999999998e-09
8701.0,0.950692765073042,0.017411875,0.214540939,0.0037861069963778704,1.5418412099035468,0.0,0.0,0.5949345518268828,0.0,1.8677221157388608,0.0,0.0,0.0,0.0,0.0,0.0,0.0,1.5750858196325029e-09
8702.0,0.9903769075766765,0.070164042,0.197835604,0.015256746921876636,1.4217849910378126,0.0,0.0,0.4466648303830128,0.0,2.4031377708327115,0.0,0.0,0.0,0.0,0.0,0.0,0.0,1.5751072752712744e-09
8703.0,1.021158540277876,0.155703953,0.189810243,0.03385688363929738,1.364109134989878,0.0,0.0,0.3768074783512993,0.0,2.80510338335565,0.0,0.0,0.0,0.0,0.0,0.0,0.0,1.575128731202312e-09
8704.0,1.042160986174523,0.247403275,0.17970089,0.0537963470564944,1.2914562551548454,0.0,0.0,0.3030916160368169,0.0,3.1441919035950625,0.0,0.0,0.0,0.0,0.0,0.0,0.0,1.57515018742562e-09
8705.0,1.0502802709396013,0.313303901,0.170263652,0.06812603993358439,1.2236336637003178,0.0,0.0,0.24147943269430092,0.0,3.4169315287893447,0.0,0.0,0.0,0.0,0.0,0.0,0.0,1.5751716439412022e-09
8706.0,1.048709370199943,0.338395829,0.157669146,0.07358212804318831,1.1331207366119478,0.0,0.0,0.15799349445519312,0.0,3.6342164737980096,0.0,0.0,0.0,0.0,0.0,0.0,0.0,1.5751931007490627e-09
8707.0,1.0404254308303704,0.320061418,0.145981245,0.06959542116862326,1.0491233070161312,0.0,0.0,0.07829329735438403,0.0,3.7763611146011424,0.0,0.0,0.0,0.0,0.0,0.0,0.0,1.5752145578492055e-09
8708.0,1.029900845140838,0.263514917,0.136003066,0.057299726244510366,0.9774131352712683,0.0,0.0,0.004812016374940674,0.0,3.8467736417618936,0.0,0.0,0.0,0.0,0.0,0.0,0.0,1.575236015241634e-09
8709.0,1.0192961564816065,0.17988249,0.124491002,0.03911436039569962,0.8946793933151606,0.0,0.08556068929941675,5.828652867024739e-05,0.0,3.851052056902825,0.0,0.0,0.0,0.0,0.0,0.0,0.0,0.005862048849999999
8710.0,1.0237062474817196,0.092505904,0.109437484,0.020114849798810275,0.7864942864790949,0.0,0.21310107291852828,0.0,0.0039960382852860105,3.851052056902825,0.0,0.0,0.0,0.0,0.0,0.0,0.0,13.907309460514586
8711.0,1.0493279406328055,0.028340822,0.094083748,0.0061625404763875164,0.6761516031612987,0.0,0.21310107291852828,0.0,0.15391272407659093,3.847003560741735,0.0,0.0,0.0,0.0,0.0,0.0,0.0,13.90749890429241
8712.0,1.0799515932270425,0.002185023,0.08846404,0.0004751200469533904,0.6357644517746598,0.0,0.21310107291852828,0.0,0.2306109484869004,3.6930384339367412,0.0,0.0,0.0,0.0,0.0,0.0,0.0,13.907688350650817
8713.0,1.0861995928659605,0.0,0.081381524,0.0,0.5848645392008587,0.0,0.21310107291852828,0.0,0.28823398074657347,3.4623771799882057,0.0,0.0,0.0,0.0,0.0,0.0,0.0,13.90787779958984
8714.0,1.0780602826084384,0.0,0.072437013,0.0,0.520583028518016,0.0,0.21310107291852828,0.0,0.34437618117189417,3.1740960357783994,0.0,0.0,0.0,0.0,0.0,0.0,0.0,13.908067251109514
8715.0,1.0570823128691809,0.0,0.065281986,0.0,0.4691620011933778,0.0,0.21310107291852828,0.0,0.3748192387572748,2.829676618022535,0.0,0.0,0.0,0.0,0.0,0.0,0.0,13.908256705209874
8716.0,1.0165125920335372,0.0,0.061174628,0.0,0.43964365444918363,0.0,0.21310107291852828,0.0,0.3637678646658251,2.4548188342592723,0.0,0.0,0.0,0.0,0.0,0.0,0.0,13.908446161890957
8717.0,0.9649777216748291,0.0,0.060505976,0.0,0.434838253608254,0.0,0.21310107291852828,0.0,0.31703839514804677,2.091017530787733,0.0,0.0,0.0,0.0,0.0,0.0,0.0,13.908635621152799
8718.0,0.9169095113394798,0.0,0.06165955,0.0,0.44312864303305877,0.0,0.21310107291852828,0.0,0.26067979538789277,1.773950652426187,0.0,0.0,0.0,0.0,0.0,0.0,0.0,13.90882508299543
8719.0,0.8813573257744098,0.0,0.06348871,0.0,0.45627426587153797,0.0,0.21310107291852828,0.0,0.2119819869843435,1.5132466928146922,0.0,0.0,0.0,0.0,0.0,0.0,0.0,13.909014547418893
8720.0,0.8529854446626098,0.0,0.066597448,0.0,0.4786158309897606,0.0,0.21310107291852828,0.0,0.16126854075432093,1.3012440928378732,0.0,0.0,0.0,0.0,0.0,0.0,0.0,13.909204014423215
8721.0,0.8396639435300955,0.0,0.07065631,0.0,0.50778565156611,0.0,0.21310107291852828,0.0,0.11877721904545721,1.139957826926893,0.0,0.0,0.0,0.0,0.0,0.0,0.0,13.909393484008435
8722.0,0.838442379491718,0.0,0.076368249,0.0,0.5488356394132092,0.0,0.21310107291852828,0.0,0.07650566715998047,1.0211650797179044,0.0,0.0,0.0,0.0,0.0,0.0,0.0,13.909582956174589
8723.0,0.8583634407970165,0.0,0.082173976,0.0,0.5905596534115337,0.0,0.21310107291852828,0.0,0.05470271446695462,0.9446455025535572,0.0,0.0,0.0,0.0,0.0,0.0,0.0,13.90977243092171
8724.0,0.8977293982542156,0.001017301,0.087421327,0.00022120595475916318,0.6282707870177336,0.0,0.21310107291852828,0.0,0.05613633236319446,0.8899299204089605,0.0,0.0,0.0,0.0,0.0,0.0,0.0,13.909961908249832
8725.0,0.9473573831668214,0.01472155,0.089884923,0.0032011120831344493,0.6459759105948872,0.0,0.21310107291852828,0.0,0.08507928757027149,0.8337814656873691,0.0,0.0,0.0,0.0,0.0,0.0,0.0,13.910151388158997
8726.0,0.9873663862143474,0.063592418,0.084368327,0.013827786996310622,0.6063297941434762,0.0,0.21310107291852828,0.0,0.15410773215603224,0.7486908205961066,0.0,0.0,0.0,0.0,0.0,0.0,0.0,13.910340870649236
8727.0,1.015186449867996,0.150225155,0.079397906,0.0326655521233325,0.5706088731663846,0.0,0.21310107291852828,0.0,0.1988109516597506,0.5945728899983235,0.0,0.0,0.0,0.0,0.0,0.0,0.0,13.910530355720581
8728.0,1.0393462710715329,0.246965475,0.079854723,0.053701150092180426,0.5738918795672493,0.0,0.21310107291852828,0.0,0.19865216849357484,0.3957538392450372,0.0,0.0,0.0,0.0,0.0,0.0,0.0,13.91071984337307
8729.0,1.0456187468678397,0.31920245,0.087522978,0.06940864376788586,0.6290013221853266,0.0,0.21310107291852828,0.0,0.134107707996099,0.1970962799113904,0.0,0.0,0.0,0.0,0.0,0.0,0.0,13.91090933360674
8730.0,1.0431934194510175,0.348297552,0.096201621,0.07573519787205488,0.6913721195063961,0.0,0.21310107291852828,0.0,0.06298502915403663,0.06298588712889533,0.0,0.0,0.0,0.0,0.0,0.0,0.0,13.911098826421624
8731.0,1.0347225741520725,0.333245755,0.104242462,0.07246227557449876,0.7491592256590452,0.0,0.21310107291852828,0.0,0.0,0.0,0.0,0.0,0.0,0.0,0.0,0.0,0.0,5.326868390366944
8732.0,1.0230921277138025,0.277764172,0.109402952,0.0603981406340389,0.78624611537987,0.0,0.21310107291852828,0.036653201218634766,0.0,0.0,0.0,0.0,0.0,0.0,0.0,0.0,0.0,5.060605826312719
8733.0,1.0151063468982973,0.193402638,0.108996744,0.042054234874172744,0.7833268206424097,0.0,0.21310107291852828,0.023375781536813477,0.0,0.03298788109677129,0.0,0.0,0.0,0.0,0.0,0.0,0.0,5.060674761306116
8734.0,1.0174404471828684,0.101251565,0.104725601,0.0220165409320196,0.7526314003581204,0.0,0.21310107291852828,0.0,0.029691432974200252,0.05402563512888348,0.0,0.0,0.0,0.0,0.0,0.0,0.0,5.623048552487262
8735.0,1.0423367669414185,0.03083708,0.1110659,0.006705336693254696,0.7981972225591234,0.0,0.21310107291852828,0.0,0.024333134770512205,0.0243334662336892,0.0,0.0,0.0,0.0,0.0,0.0,0.0,5.623125149011103
8736.0,1.0668236745212818,0.002183001,0.125798385,0.00047468037527261637,0.9040751617681332,0.0,0.162273832377876,0.0,0.0,0.0,0.0,0.0,0.0,0.0,0.0,0.0,0.0,0.005862048849999999
8737.0,1.0731962777798063,0.0,0.135850355,0.0,0.9763156472388999,0.0,0.09688063054090637,0.0,0.0,0.0,0.0,0.0,0.0,0.0,0.0,0.0,0.0,0.005862048849999999
8738.0,1.0658535435545529,0.0,0.142747327,0.0,1.0258821108831693,0.0,0.039971432671383665,0.0,0.0,0.0,0.0,0.0,0.0,0.0,0.0,0.0,0.0,0.005862048849999999
8739.0,1.0477637153906032,0.0,0.148674915,0.0,1.0477637153906032,0.0,0.0,0.0,0.0,0.0,0.0,0.0,0.0,0.0,0.02071818785074951,0.0,0.0,1.5749999999999998e-09
8740.0,1.0113771286408129,0.0,0.155151321,0.0,1.0113771286408129,0.0,0.0,0.0,0.0,0.0,0.0,0.0,0.0,0.0,0.10364875687921643,0.0,0.0,1.5749999999999998e-09
8741.0,0.9653804593559843,0.0,0.163239149,0.0,0.9653804593559843,0.0,0.0,0.0,0.0,0.0,0.0,0.0,0.0,0.0,0.207770213755339,0.0,0.0,1.5749999999999998e-09
8742.0,0.9177439125242003,0.0,0.173362161,0.0,0.9177439125242003,0.0,0.0,0.0,0.0,0.0,0.0,0.0,0.0,0.0,0.32815780354749746,0.0,0.0,1.5749999999999998e-09
8743.0,0.8827902708996245,0.0,0.184387838,0.0,0.8827902708996245,0.0,0.0,0.0,0.0,0.0,0.0,0.0,0.0,0.0,0.442349670029874,0.0,0.0,1.5749999999999998e-09
8744.0,0.8489291400287987,0.0,0.19407205,0.0,0.8489291400287987,0.0,0.0,0.0,0.0,0.0,0.0,0.0,0.0,0.0,0.545808320220975,0.0,0.0,1.5749999999999998e-09
8745.0,0.8363485881162432,0.0,0.204047249,0.0,0.8363485881162432,0.0,0.0,0.0,0.0,0.0,0.0,0.0,0.0,0.0,0.6300776275145658,0.0,0.0,1.5749999999999998e-09
8746.0,0.8287321694944623,0.0,0.215164913,0.0,0.8287321694944623,0.0,0.0,0.0,0.0,0.0,0.0,0.0,0.0,0.0,0.7175933538999859,0.0,0.0,1.5749999999999998e-09
8747.0,0.8466573420539932,0.0,0.222938378,0.0,0.8466573420539932,0.0,0.0,0.0,0.0,0.0,0.0,0.0,0.0,0.0,0.7555337365888305,0.0,0.0,1.5749999999999998e-09
8748.0,0.8875296721086497,0.001045458,0.230299898,0.0002273285242525125,0.8873023435843972,0.0,0.0,0.0,0.0,0.0,0.0,0.0,0.0,0.0,0.7677937654756243,0.0,0.0,1.5749999999999998e-09
8749.0,0.9248997408200813,0.0165282,0.232828952,0.0035939572077982825,0.921305783612283,0.0,0.0,0.0,0.0,0.0,0.0,0.0,0.0,0.0,0.7519658759857708,0.0,0.0,1.5749999999999998e-09
8750.0,0.9713124987809771,0.065861138,0.236307169,0.01432110645012145,0.9569913923308557,0.0,0.0,0.0,0.0,0.0,0.0,0.0,0.0,0.0,0.7412771668453577,0.0,0.0,1.5749999999999998e-09
8751.0,0.9911267561266771,0.152214386,0.234881939,0.033098098383084064,0.958028657743593,0.0,0.0,0.0,0.0,0.0,0.0,0.0,0.0,0.0,0.7299972020306623,0.0,0.0,1.5749999999999998e-09
8752.0,1.0225959360680363,0.253464304,0.244993722,0.05511428118490671,0.9674816548831296,0.0,0.0,0.0,0.0,0.0,0.0,0.0,0.0,0.0,0.7932145484053865,0.0,0.0,1.5749999999999998e-09
8753.0,1.0162700592918548,0.328514406,0.268978237,0.07143347232664606,0.9448365869652088,0.0,0.0,0.0,0.0,0.0,0.0,0.0,0.0,0.0,0.9882291127882679,0.0,0.0,1.5749999999999998e-09
8754.0,1.0137646299052585,0.359852588,0.281395381,0.07824777062157195,0.9355168592836866,0.0,0.0,0.0,0.0,0.0,0.0,0.0,0.0,0.0,1.0867871202020631,0.0,0.0,1.5749999999999998e-09
8755.0,1.007501054438918,0.342967932,0.299689822,0.07457630421068666,0.9329247502282313,0.0,0.0,0.0,0.0,0.0,0.0,0.0,0.0,0.0,1.220855875054939,0.0,0.0,1.5749999999999998e-09
8756.0,0.9856263812051743,0.284650898,0.310388085,0.0618956175852999,0.9237307636198744,0.0,0.0,0.0,0.0,0.0,0.0,0.0,0.0,0.0,1.3069350605659926,0.0,0.0,1.5749999999999998e-09
8757.0,0.988581274755269,0.197231836,0.298255486,0.042886870838898895,0.9456944039163702,0.0,0.0,0.0,0.0,0.0,0.0,0.0,0.0,0.0,1.197778079881281,0.0,0.0,1.5749999999999998e-09
8758.0,0.9853126458237598,0.103773818,0.29988579,0.022564989604545393,0.9627476562192143,0.0,0.0,0.0,0.0,0.0,0.0,0.0,0.0,0.0,1.1924413321466887,0.0,0.0,1.5749999999999998e-09
8759.0,1.0262272526957386,0.033056598,0.332817032,0.007187957469500024,1.0190392952262386,0.0,0.0,0.0,0.0,0.0,0.0,0.0,0.0,0.0,1.372816626013052,0.0,0.0,1.5749999999999998e-09
